-3.0 	 0.012960244482641997 	 0.011463779342953258 	 0.011599764683099468 	 9.503843296972166E-5 	 
-2.976 	 1.804340061499967E-5 	 7.141088395001166E-4 	 8.461945190457522E-4 	 5.7722553230168484E-5 	 
-2.952 	 0.00142273146405263 	 0.0015103997449554048 	 0.0014588309350302368 	 4.214248730854229E-5 	 
-2.928 	 2.0827885178441394E-4 	 4.309533398345943E-4 	 3.970965171392847E-4 	 6.755116283513226E-5 	 
-2.904 	 0.012555891743762813 	 0.011132776719816426 	 0.011262706921968891 	 1.1351663154692487E-4 	 
-2.88 	 2.2070331508593048E-4 	 9.12918112146756E-4 	 0.0010426921281020743 	 5.070989007761704E-5 	 
-2.856 	 6.144370328953313E-4 	 8.390987290339935E-4 	 7.708259953433204E-4 	 7.672049631876806E-5 	 
-2.832 	 0.012354902093400254 	 0.011022230750516135 	 0.011139196887229887 	 1.361137532322872E-4 	 
-2.808 	 2.2086870180234677E-4 	 9.214051041509416E-4 	 0.001045288950787945 	 5.488103446143833E-5 	 
-2.784 	 0.0014243432117184323 	 0.0015518210696853657 	 0.0014892851997799308 	 7.485867319646664E-5 	 
-2.76 	 0.01579812050630603 	 0.014094994397852428 	 0.01425100605397866 	 1.6394458214430573E-4 	 
-2.7359999999999998 	 0.0018451716640454103 	 0.002521774824864428 	 0.002700060757415046 	 8.997331495939742E-5 	 
-2.7119999999999997 	 4.1497831544564534E-4 	 7.882245395362844E-4 	 7.2701339804404E-4 	 9.766171724010489E-5 	 
-2.688 	 0.01255883595455671 	 0.011269735379819667 	 0.011380870363996104 	 1.422265006227308E-4 	 
-2.664 	 0.001437818610725829 	 0.0020466585464360455 	 0.0021719411960692443 	 1.1877587508053767E-4 	 
-2.64 	 0.01620691280416797 	 0.014631681901791614 	 0.014758998837328485 	 1.7361668975058022E-4 	 
-2.616 	 0.0022551117563698615 	 0.003089901705309522 	 0.003235756403025386 	 1.2668095631643644E-4 	 
-2.592 	 0.013984714745618293 	 0.012861697894223504 	 0.012939457411709644 	 2.147878647446244E-4 	 
-2.568 	 0.013996130737292702 	 0.013302427080116069 	 0.013568968834874007 	 2.0052358696361175E-4 	 
-2.544 	 0.0022571238471143238 	 0.00318533335112154 	 0.0032554160694481414 	 1.3787309722714826E-4 	 
-2.52 	 0.015808649636006707 	 0.014553487864535516 	 0.014610919599170671 	 2.46436508091492E-4 	 
-2.496 	 0.018656691941209263 	 0.017545536457622506 	 0.01784793238956505 	 2.399662723506533E-4 	 
-2.472 	 0.005906723344014094 	 0.006616592393139974 	 0.0067673391338512546 	 1.469627102257914E-4 	 
-2.448 	 0.01945878649243104 	 0.018023512629707063 	 0.018150417344303713 	 2.183603662275619E-4 	 
-2.424 	 0.014007026600952823 	 0.013775504064181905 	 0.01404554333922458 	 1.9291509474636233E-4 	 
-2.4 	 0.017040462047678766 	 0.01630338618787097 	 0.016524590983320642 	 2.0841586666635315E-4 	 
-2.376 	 0.01987890386014301 	 0.018958559895085735 	 0.019228346966431647 	 2.4291349203746802E-4 	 
-2.352 	 0.020490773016122437 	 0.019687386416674363 	 0.019974019847069084 	 2.530329129463051E-4 	 
-2.328 	 0.025554673314951995 	 0.02423788278759899 	 0.024563877075923557 	 2.8691669460059017E-4 	 
-2.304 	 0.020297869733659244 	 0.019886601020069627 	 0.020220952533466688 	 2.8805082363009315E-4 	 
-2.2800000000000002 	 0.023534371949172114 	 0.02261361926007805 	 0.022910648435873655 	 3.0265263276088816E-4 	 
-2.2560000000000002 	 0.022122305039586853 	 0.021544372993643934 	 0.021855737740148085 	 3.377225373538095E-4 	 
-2.232 	 0.03548459493210359 	 0.033246169133896525 	 0.03367591716658475 	 3.694991550285884E-4 	 
-2.208 	 0.022544903980232324 	 0.02260169223244404 	 0.02301146368150099 	 3.601434565769267E-4 	 
-2.184 	 0.022536502796152276 	 0.02226666478609041 	 0.022451689924085885 	 3.613644659226449E-4 	 
-2.16 	 0.03994937249618577 	 0.037539289912952495 	 0.037916530761764974 	 4.6257204220692655E-4 	 
-2.136 	 0.034911222186061984 	 0.03396983757280355 	 0.0345157792755668 	 4.8366540223719905E-4 	 
-2.112 	 0.02195670464745744 	 0.022716137731994365 	 0.022942798165133987 	 4.737535717869987E-4 	 
-2.088 	 0.03429715009964764 	 0.03309513106137894 	 0.03326524504296241 	 5.337928061105241E-4 	 
-2.064 	 0.028845932521084066 	 0.028935236023367644 	 0.02911553715954911 	 5.426928373901301E-4 	 
-2.04 	 0.029451490887276516 	 0.0293524600571835 	 0.02945970366210347 	 5.927308606659817E-4 	 
-2.016 	 0.030468188966587935 	 0.030422192164332427 	 0.030428566098934233 	 6.278298978422149E-4 	 
-1.992 	 0.03553311174210893 	 0.03494280132327347 	 0.03500361042655387 	 6.714110980222112E-4 	 
-1.968 	 0.0217736184092737 	 0.02315938099180715 	 0.02311280896655187 	 6.960919521622945E-4 	 
-1.944 	 0.024999777670894518 	 0.025536299245062722 	 0.025240787979653744 	 7.114099964190903E-4 	 
-1.92 	 0.026418412597615053 	 0.026828612376385584 	 0.02657157294856735 	 7.666371728622585E-4 	 
-1.896 	 0.021761611299382453 	 0.022704619610171523 	 0.02247937838014615 	 7.369879636433871E-4 	 
-1.8719999999999999 	 0.023376312232751842 	 0.02397866190223273 	 0.023623676710798545 	 7.894892373145469E-4 	 
-1.8479999999999999 	 0.019530113051560476 	 0.020621513671639148 	 0.020226200847565996 	 7.804679313143188E-4 	 
-1.824 	 0.019116643415073322 	 0.019975839761585356 	 0.019551195019739863 	 7.666232850130602E-4 	 
-1.8 	 0.020329457675237934 	 0.020991187258480322 	 0.02052085316934251 	 8.134683550749652E-4 	 
-1.776 	 0.017088770367365076 	 0.018116245229174405 	 0.017623302218875116 	 8.184330077785219E-4 	 
-1.752 	 0.015259933350867814 	 0.016180329917995614 	 0.01573831775040147 	 7.901267132324332E-4 	 
-1.728 	 0.00999004774493351 	 0.011415707927871145 	 0.010827253509943088 	 8.15786717188477E-4 	 
-1.704 	 0.007752875371639696 	 0.00901106915520035 	 0.008424794696603772 	 8.062472503687157E-4 	 
-1.68 	 0.01139006575684569 	 0.011968770190875343 	 0.01140304930421199 	 7.73431289924111E-4 	 
-1.656 	 0.006936821805529466 	 0.008151130076419384 	 0.00755786207656108 	 7.577477742728566E-4 	 
-1.632 	 0.00490522474857833 	 0.005981300957581788 	 0.005443097581200289 	 7.681538108174391E-4 	 
-1.6079999999999999 	 0.0065187142930727094 	 0.007159059262645634 	 0.006669468872965667 	 7.308995480668335E-4 	 
-1.584 	 0.004493573054354998 	 0.005458776328960285 	 0.004889461656408391 	 7.457715070407228E-4 	 
-1.56 	 0.005299857964854699 	 0.005939174194229002 	 0.0054552411034813906 	 7.706970796606138E-4 	 
-1.536 	 0.004489017033059834 	 0.0051397666452207315 	 0.0047317449644454085 	 8.097257948422732E-4 	 
-1.512 	 0.0038803060346354564 	 0.004607540499266195 	 0.004134742792070219 	 8.113032629475327E-4 	 
-1.488 	 0.0028654229172667416 	 0.00354301865249285 	 0.0031608934040216093 	 7.993724092344907E-4 	 
-1.464 	 0.0028637756387324426 	 0.003469383102632004 	 0.0030730788497174543 	 8.47907647791334E-4 	 
-1.44 	 0.0022554619479388223 	 0.00294504142576072 	 0.0024970955683397125 	 8.633533215746746E-4 	 
-1.416 	 4.326259216478533E-4 	 0.0011887314251057166 	 8.204532963857116E-4 	 8.628292582282735E-4 	 
-1.392 	 0.0012397684832119006 	 0.0017616084412635806 	 0.0014060483552197976 	 9.081750224001224E-4 	 
-1.3679999999999999 	 0.001849304746976525 	 0.0023463983255473985 	 0.0019653123989877364 	 9.56162858933229E-4 	 
-1.3439999999999999 	 0.0012435040782833547 	 0.0017472907644335862 	 0.001443494039807514 	 9.663215190085821E-4 	 
-1.32 	 0.0012424970539524072 	 0.0016735920664062531 	 0.0014018105777554952 	 0.001003324394480532 	 
-1.296 	 0.002256345136926765 	 0.0025499266645352746 	 0.002291436794342243 	 0.001041841979937416 	 
-1.272 	 0.002664415066994625 	 0.0028393908877709993 	 0.0027018642043722214 	 0.0010528511807074317 	 
-1.248 	 0.001245490193689119 	 0.0016050812641803594 	 0.001465239033317348 	 0.0010352843239342547 	 
-1.224 	 8.400427130718384E-4 	 0.001181111855878023 	 0.0010251161432245825 	 0.001062124761406493 	 
-1.2 	 0.0014479015941913811 	 0.0016338676390121904 	 0.0015203157731124733 	 0.0011119984832301557 	 
-1.176 	 2.3040303307565193E-4 	 5.16639582033443E-4 	 4.548440079572905E-4 	 0.001096923652712185 	 
-1.152 	 6.338499365995291E-4 	 8.2813330022854E-4 	 7.386076209082051E-4 	 0.0012178955249476757 	 
-1.128 	 4.3148975126314427E-4 	 5.948346424125476E-4 	 5.577503471409953E-4 	 0.0012405428772103622 	 
-1.1039999999999999 	 0.0010360944631521516 	 0.0011000896602356722 	 0.0010830665601179424 	 0.0012898265106420536 	 
-1.08 	 2.2362264574176248E-5 	 1.9177824936693707E-4 	 2.0273172036279735E-4 	 0.0013401354110864135 	 
-1.056 	 6.287584697943974E-4 	 6.462143166265452E-4 	 6.834156287152907E-4 	 0.0014271160004839854 	 
-1.032 	 0.0020437990192641842 	 0.0018961097909146987 	 0.0019687177289413184 	 0.0015150263707339464 	 
-1.008 	 6.267669405768835E-4 	 7.207230334684631E-4 	 7.898419030578456E-4 	 0.0015981962797262787 	 
-0.984 	 6.250965063035321E-4 	 6.641323761299955E-4 	 7.143830067389598E-4 	 0.0017208824542602726 	 
-0.96 	 4.1989048467626746E-4 	 4.549327613845395E-4 	 5.205129902162021E-4 	 0.0017757576188493108 	 
-0.9359999999999999 	 0.0012294258657385574 	 0.0011545432659784483 	 0.0012268760079279654 	 0.0019236098864232028 	 
-0.9119999999999999 	 2.1651844468941796E-4 	 2.8733300548321286E-4 	 3.674918439242842E-4 	 0.0020757056669780567 	 
-0.8879999999999999 	 2.1471924602257887E-4 	 2.479072722242215E-4 	 3.095185096350838E-4 	 0.0021773250473634364 	 
-0.8639999999999999 	 1.116912484792647E-5 	 6.107530252912944E-5 	 1.1943025825003626E-4 	 0.0022726512912769614 	 
-0.8399999999999999 	 4.1603280173127435E-4 	 4.000237419254366E-4 	 4.680621733446231E-4 	 0.002458464956682875 	 
-0.8159999999999998 	 4.160496775662239E-4 	 4.103277732555374E-4 	 4.8132093964809103E-4 	 0.0025386045055005215 	 
-0.7919999999999998 	 4.1640068699263307E-4 	 4.121648940278328E-4 	 4.8160044391020465E-4 	 0.0028138868192936284 	 
-0.7679999999999998 	 4.1635583481097684E-4 	 4.207288514791843E-4 	 4.802075198263688E-4 	 0.0029377368534375297 	 
-0.7439999999999998 	 4.1664457311404573E-4 	 4.178313167920447E-4 	 4.7878955175512485E-4 	 0.0031376377493245026 	 
-0.7199999999999998 	 1.2721380765569286E-5 	 4.6975494469659435E-5 	 1.1189427626164817E-4 	 0.0033757623092048284 	 
-0.6959999999999997 	 6.199351946128724E-4 	 5.55978389467406E-4 	 6.286262449646797E-4 	 0.00356180636406691 	 
-0.6720000000000002 	 4.202735174709689E-4 	 4.0792367172750644E-4 	 4.7881103180884114E-4 	 0.003749172849863112 	 
-0.6480000000000001 	 4.21320402704136E-4 	 3.984672370313068E-4 	 4.6980983647057896E-4 	 0.003963842881054848 	 
-0.6240000000000001 	 2.2140528196810995E-4 	 2.1841131775656515E-4 	 2.911008016964286E-4 	 0.004378653790641896 	 
-0.6000000000000001 	 2.1072203191026807E-5 	 2.9977956205941902E-5 	 9.464621063110079E-5 	 0.004438378489338959 	 
-0.5760000000000001 	 2.4732026157057897E-5 	 2.2247798464928702E-5 	 8.59502911947336E-5 	 0.0048923971014997025 	 
-0.552 	 2.8111657404937724E-5 	 1.7876548573244077E-5 	 8.549045875823557E-5 	 0.005194958386868578 	 
-0.528 	 3.3584891310941044E-5 	 1.7629434368314222E-5 	 8.367331702728291E-5 	 0.00542571241896785 	 
-0.504 	 3.511015806598967E-5 	 1.1581438030970789E-5 	 7.938690580504305E-5 	 0.0057949137289262515 	 
-0.48 	 3.8778170473891555E-5 	 1.2919358711288649E-5 	 7.848578908558767E-5 	 0.006124654803446025 	 
-0.45599999999999996 	 2.486250379578263E-4 	 1.8874301516224592E-4 	 2.5729391256163755E-4 	 0.006856849669789012 	 
-0.43199999999999994 	 4.6342851759573854E-5 	 1.8370961935493163E-5 	 8.37171274070381E-5 	 0.006897254643033308 	 
-0.4079999999999999 	 2.5300876061890183E-4 	 1.8469855557114086E-4 	 2.509252868203117E-4 	 0.007729047476606985 	 
-0.3839999999999999 	 4.5996195057369365E-4 	 3.718917996760948E-4 	 4.382241998339748E-4 	 0.00810638062070459 	 
-0.3599999999999999 	 5.667276533307668E-5 	 2.740648294848902E-5 	 9.038836957597983E-5 	 0.008798120546217885 	 
-0.33599999999999985 	 2.5985903926024044E-4 	 1.8726098002992765E-4 	 2.476704627733082E-4 	 0.009511124770436976 	 
-0.31199999999999983 	 6.133656664647597E-5 	 1.495163351212758E-5 	 7.54289329365167E-5 	 0.010314221147149834 	 
-0.2879999999999998 	 6.27577195156717E-5 	 6.665618075078385E-6 	 6.338724186536185E-5 	 0.01103986797594737 	 
-0.2639999999999998 	 6.281181752523215E-5 	 4.543021906860635E-6 	 5.8625278915561825E-5 	 0.011904608946490649 	 
-0.23999999999999977 	 4.7105454662956057E-4 	 3.622837619985436E-4 	 4.2087090753547825E-4 	 0.012813495445574233 	 
-0.21599999999999975 	 6.850102014503173E-5 	 2.6716460516606223E-5 	 8.255450752940152E-5 	 0.014050188936824179 	 
-0.19199999999999973 	 7.095835360100379E-5 	 1.163202662289664E-5 	 6.189983947548548E-5 	 0.015019812711429622 	 
-0.16800000000000015 	 7.402489624160256E-5 	 8.444730493248911E-6 	 5.916109162746998E-5 	 0.01593435988501913 	 
-0.14400000000000013 	 7.822711896815036E-5 	 1.0742693128465398E-5 	 5.968086618959145E-5 	 0.017449151181835893 	 
-0.1200000000000001 	 8.549348557908026E-5 	 1.2206346646730834E-5 	 6.251171216763896E-5 	 0.019055317729602755 	 
-0.09600000000000009 	 2.90399168223102E-4 	 1.9141503630386381E-4 	 2.402155354395222E-4 	 0.019097006034486424 	 
-0.07200000000000006 	 1.0129038226302694E-4 	 2.638401056049391E-5 	 7.796496442461972E-5 	 0.02167054115593641 	 
-0.04800000000000004 	 1.0708707485671349E-4 	 2.227888399465612E-5 	 6.902723118247056E-5 	 0.022663280752945686 	 
-0.02400000000000002 	 1.1543292000968486E-4 	 2.3904633814779656E-5 	 7.348338758924525E-5 	 0.023708191081120312 	 
0.0 	 1.2988266236060078E-4 	 3.0410732844086653E-5 	 8.42773279603293E-5 	 0.025619027515607167 	 
0.02400000000000002 	 1.458791631047658E-4 	 3.478142539381826E-5 	 9.610994958260131E-5 	 0.027487071142617482 	 
0.04800000000000004 	 3.6483207035444237E-4 	 2.2151405743477145E-4 	 2.9049553237388303E-4 	 0.028272102131694715 	 
0.07200000000000006 	 1.8137364546645573E-4 	 6.503148125404578E-5 	 1.4940014472651953E-4 	 0.030307696662178696 	 
0.09600000000000009 	 2.0080463295992984E-4 	 6.768972290809095E-5 	 1.5826372892290057E-4 	 0.03190383941114685 	 
0.1200000000000001 	 2.2304306936765558E-4 	 7.700512634122933E-5 	 1.7909636230522356E-4 	 0.032970034798247325 	 
0.14400000000000013 	 2.4854637273088694E-4 	 8.695308472633319E-5 	 2.061012125678361E-4 	 0.03409287913311019 	 
0.16800000000000015 	 2.7103776436324134E-4 	 9.980283326209324E-5 	 2.3558903412835061E-4 	 0.03466989861483489 	 
0.19200000000000017 	 2.9210802407768013E-4 	 1.2270022121230818E-4 	 2.638274941222352E-4 	 0.035440314628186996 	 
0.2160000000000002 	 3.081231788953791E-4 	 1.4096227901660014E-4 	 2.8982889126241186E-4 	 0.03516744132362912 	 
0.2400000000000002 	 3.022039198043768E-4 	 1.3073217614038813E-4 	 2.84490060916859E-4 	 0.03332687490194828 	 
0.26400000000000023 	 3.089846134597685E-4 	 1.4443480944180986E-4 	 2.9533636021040273E-4 	 0.03285418907149666 	 
0.28800000000000026 	 3.0785249160504205E-4 	 1.5713384553165462E-4 	 3.043859799595341E-4 	 0.0309041393445907 	 
0.3120000000000003 	 2.83712781261025E-4 	 1.4188722093572598E-4 	 2.84604419891176E-4 	 0.027955744593747094 	 
0.33599999999999985 	 2.664115605471908E-4 	 1.414933555410471E-4 	 2.712478541106777E-4 	 0.025786912145836394 	 
0.3599999999999999 	 2.4648886884367794E-4 	 1.4022152870290331E-4 	 2.573434603390077E-4 	 0.02313162857758124 	 
0.3839999999999999 	 2.13741223857509E-4 	 1.1293636789513335E-4 	 2.1800793449007437E-4 	 0.01951037720784973 	 
0.4079999999999999 	 1.9147543676368021E-4 	 1.0482957309859488E-4 	 1.996235514719005E-4 	 0.017451681103140437 	 
0.43199999999999994 	 1.7279808173179212E-4 	 1.0296524253911453E-4 	 1.8185769538875713E-4 	 0.015218686221015703 	 
0.45599999999999996 	 1.444282507158531E-4 	 8.463075812755983E-5 	 1.5351443738186946E-4 	 0.01243125605581322 	 
0.48 	 1.1937827702330822E-4 	 6.895844609226114E-5 	 1.2360569947743327E-4 	 0.01041652060909573 	 
0.504 	 1.0383629879293087E-4 	 6.700920218829898E-5 	 1.1245547873716205E-4 	 0.00860529433500275 	 
0.528 	 7.681474360317864E-5 	 4.7606012145622966E-5 	 8.246757886965617E-5 	 0.0066168587421353555 	 
0.552 	 6.165254748835204E-5 	 4.0989471086169426E-5 	 6.793304178091326E-5 	 0.005388077135943587 	 
0.5760000000000001 	 4.5635882057550466E-5 	 2.9481119697881213E-5 	 4.9605655406569474E-5 	 0.00410715919141898 	 
0.6000000000000001 	 3.6241519974210784E-5 	 2.0762932460120984E-5 	 3.7055144010771024E-5 	 0.003287229676096763 	 
0.6240000000000001 	 2.99079931005179E-5 	 1.6332983645361343E-5 	 3.0818225861083866E-5 	 0.0027457461919909057 	 
0.6480000000000001 	 2.608562169066045E-5 	 1.5438505820151772E-5 	 2.7420881750429333E-5 	 0.002454592014628246 	 
0.6720000000000002 	 2.226962671840587E-5 	 1.3608058793700674E-5 	 2.4018432320510143E-5 	 0.002048805596995963 	 
0.6960000000000002 	 1.7941644927420485E-5 	 9.806992278592703E-6 	 1.8234706641971722E-5 	 0.0017284527986677447 	 
0.7200000000000002 	 1.6896609915113717E-5 	 9.19366106447669E-6 	 1.6909969043093334E-5 	 0.0014836238081824588 	 
0.7440000000000002 	 1.382069545168008E-5 	 7.491516629051869E-6 	 1.476768644425911E-5 	 0.0012700957820080494 	 
0.7680000000000002 	 1.2287695629114805E-5 	 7.952093808340434E-6 	 1.3714114864229057E-5 	 0.001073294676127096 	 
0.7920000000000003 	 9.997318304456532E-6 	 6.28908477175964E-6 	 1.1203206460357593E-5 	 9.250432806721587E-4 	 
0.8160000000000003 	 8.083282687173834E-6 	 4.0920296978179225E-6 	 7.510622276801528E-6 	 7.325570348435147E-4 	 
0.8399999999999999 	 7.812475840064467E-6 	 3.895518295010387E-6 	 7.764906032291165E-6 	 6.313857817796085E-4 	 
0.8639999999999999 	 6.54968219815816E-6 	 3.4619939510013415E-6 	 6.58256483895509E-6 	 5.726593188932478E-4 	 
0.8879999999999999 	 6.194442521478536E-6 	 5.230727463890703E-6 	 7.468143343873828E-6 	 4.885382055133355E-4 	 
0.9119999999999999 	 3.3862678528189495E-6 	 2.4086103727513793E-6 	 3.641119719631452E-6 	 3.0663896121524615E-4 	 
0.9359999999999999 	 2.105746890800276E-6 	 1.3371234003455145E-6 	 2.431746078670759E-6 	 2.2051949524016387E-4 	 
0.96 	 1.4810587372220192E-6 	 6.854093912093953E-7 	 1.514478833726675E-6 	 1.5361465717771066E-4 	 
0.984 	 1.7263191456357243E-6 	 9.091126973943441E-7 	 1.8693133250286522E-6 	 1.882925668354787E-4 	 
1.008 	 1.5186319215785424E-6 	 6.299294006240692E-7 	 1.3539716564518884E-6 	 1.5168859082898762E-4 	 
1.032 	 1.6490440027903884E-6 	 5.931499789679759E-7 	 1.5311748263174963E-6 	 1.5789497816102305E-4 	 
1.056 	 1.717171189520261E-6 	 8.135483727087384E-7 	 1.5932851284921087E-6 	 1.6358593960559236E-4 	 
1.08 	 1.8494807789631908E-6 	 1.2994850286729864E-6 	 2.028332529452642E-6 	 1.3691994920197217E-4 	 
1.104 	 1.1593670465748435E-6 	 6.291277139420637E-7 	 1.1293915394607987E-6 	 9.486132060084658E-5 	 
1.1280000000000001 	 9.180949236086957E-7 	 8.53640887285365E-7 	 1.27637919324913E-6 	 8.876920157135168E-5 	 
1.1520000000000001 	 3.6519178107341537E-7 	 3.7136090424822407E-7 	 5.710260831087823E-7 	 3.0649807514698925E-5 	 
1.1760000000000002 	 2.199870221723568E-7 	 1.1452666885794206E-10 	 1.9687733444513235E-7 	 4.584194379703752E-5 	 
1.2000000000000002 	 4.1090009920672093E-7 	 9.189129080580451E-8 	 1.6546884764372223E-7 	 4.165932997870833E-5 	 
1.2240000000000002 	 4.96108841139238E-7 	 3.7442040240200066E-8 	 3.8576402017766E-7 	 4.079760982428911E-5 	 
1.2480000000000002 	 5.264206751280488E-7 	 2.396225131562028E-7 	 5.001159962114968E-7 	 5.7823579523736554E-5 	 
1.2720000000000002 	 6.360728346097591E-7 	 7.612669483750878E-7 	 9.007514147456934E-7 	 4.4710362257985217E-5 	 
1.2960000000000003 	 1.0690564815504452E-7 	 1.8136116061289823E-8 	 3.587917885289052E-8 	 1.7305598406627467E-5 	 
1.3200000000000003 	 3.480318854445088E-8 	 3.353995302268303E-10 	 7.64376688992239E-8 	 1.793012667057322E-5 	 
1.3440000000000003 	 2.995757552010805E-8 	 9.816571616395033E-11 	 6.353495620502254E-8 	 6.392804404096901E-6 	 
1.3680000000000003 	 1.2923115169670931E-7 	 5.726333442897103E-11 	 9.342305132481371E-8 	 2.3332434613275313E-5 	 
1.3920000000000003 	 2.3508326422709887E-7 	 5.5234576294916056E-8 	 9.242681536248855E-8 	 2.5277097170704814E-5 	 
1.4160000000000004 	 2.7411031550406935E-7 	 3.703301642285027E-8 	 1.855141592005067E-7 	 2.149096714154848E-5 	 
1.4400000000000004 	 2.6473193398976423E-7 	 1.2898157056308375E-7 	 2.5996695520262916E-7 	 2.890118718151687E-5 	 
1.4640000000000004 	 3.307962045765598E-7 	 3.901023755591916E-7 	 4.567952440469562E-7 	 2.6846163551480095E-5 	 
1.4880000000000004 	 7.351369805728834E-8 	 1.8136116061289823E-8 	 2.1165526508660302E-8 	 8.618042744301359E-6 	 
1.5120000000000005 	 8.259698741673118E-9 	 3.353995302268303E-10 	 5.5232243090916205E-8 	 8.000441634590758E-6 	 
1.5360000000000005 	 2.995757552010805E-8 	 9.816571616395033E-11 	 6.353495620502254E-8 	 6.392804404096901E-6 	 
1.5600000000000005 	 5.561480591995217E-8 	 5.726333442897103E-11 	 6.808272927466987E-8 	 1.4897839739330216E-5 	 
1.5840000000000005 	 1.7581683497962203E-7 	 3.6656714510888455E-8 	 7.304203228123369E-8 	 1.6382232808003517E-5 	 
1.6080000000000005 	 2.1349347449005207E-7 	 4.0902381734979304E-10 	 1.7507921254210802E-7 	 1.1334668838496542E-5 	 
1.6319999999999997 	 2.300887979196296E-7 	 1.1064094259311904E-7 	 2.2665572542920136E-7 	 1.986940595245804E-5 	 
1.6559999999999997 	 3.052766300331993E-7 	 3.711645728158962E-7 	 4.4395617069873716E-7 	 1.7864198706505125E-5 	 
1.6799999999999997 	 0.0 	 0.0 	 0.0 	 0.0 	 
1.7039999999999997 	 0.0 	 0.0 	 0.0 	 0.0 	 
1.7279999999999998 	 0.0 	 0.0 	 0.0 	 0.0 	 
1.7519999999999998 	 0.0 	 0.0 	 0.0 	 0.0 	 
1.7759999999999998 	 0.0 	 0.0 	 0.0 	 0.0 	 
1.7999999999999998 	 0.0 	 0.0 	 0.0 	 0.0 	 
1.8239999999999998 	 0.0 	 0.0 	 0.0 	 0.0 	 
1.8479999999999999 	 0.0 	 0.0 	 0.0 	 0.0 	 
1.8719999999999999 	 0.0 	 0.0 	 0.0 	 0.0 	 
1.896 	 0.0 	 0.0 	 0.0 	 0.0 	 
1.92 	 0.0 	 0.0 	 0.0 	 0.0 	 
1.944 	 0.0 	 0.0 	 0.0 	 0.0 	 
1.968 	 0.0 	 0.0 	 0.0 	 0.0 	 
1.992 	 0.0 	 0.0 	 0.0 	 0.0 	 
2.016 	 0.0 	 0.0 	 0.0 	 0.0 	 
2.04 	 0.0 	 0.0 	 0.0 	 0.0 	 
2.064 	 0.0 	 0.0 	 0.0 	 0.0 	 
2.088 	 0.0 	 0.0 	 0.0 	 0.0 	 
2.112 	 0.0 	 0.0 	 0.0 	 0.0 	 
2.136 	 0.0 	 0.0 	 0.0 	 0.0 	 
2.16 	 0.0 	 0.0 	 0.0 	 0.0 	 
2.184 	 0.0 	 0.0 	 0.0 	 0.0 	 
2.208 	 0.0 	 0.0 	 0.0 	 0.0 	 
2.232 	 0.0 	 0.0 	 0.0 	 0.0 	 
2.2560000000000002 	 0.0 	 0.0 	 0.0 	 0.0 	 
2.2800000000000002 	 0.0 	 0.0 	 0.0 	 0.0 	 
2.3040000000000003 	 0.0 	 0.0 	 0.0 	 0.0 	 
2.3280000000000003 	 0.0 	 0.0 	 0.0 	 0.0 	 
2.3520000000000003 	 0.0 	 0.0 	 0.0 	 0.0 	 
2.3760000000000003 	 0.0 	 0.0 	 0.0 	 0.0 	 
2.4000000000000004 	 0.0 	 0.0 	 0.0 	 0.0 	 
2.4240000000000004 	 0.0 	 0.0 	 0.0 	 0.0 	 
2.4480000000000004 	 0.0 	 0.0 	 0.0 	 0.0 	 
2.4720000000000004 	 0.0 	 0.0 	 0.0 	 0.0 	 
2.4960000000000004 	 0.0 	 0.0 	 0.0 	 0.0 	 
2.5200000000000005 	 0.0 	 0.0 	 0.0 	 0.0 	 
2.5440000000000005 	 0.0 	 0.0 	 0.0 	 0.0 	 
2.5680000000000005 	 0.0 	 0.0 	 0.0 	 0.0 	 
2.5920000000000005 	 0.0 	 0.0 	 0.0 	 0.0 	 
2.6160000000000005 	 0.0 	 0.0 	 0.0 	 0.0 	 
2.6399999999999997 	 0.0 	 0.0 	 0.0 	 0.0 	 
2.6639999999999997 	 0.0 	 0.0 	 0.0 	 0.0 	 
2.6879999999999997 	 0.0 	 0.0 	 0.0 	 0.0 	 
2.7119999999999997 	 0.0 	 0.0 	 0.0 	 0.0 	 
2.7359999999999998 	 0.0 	 0.0 	 0.0 	 0.0 	 
2.76 	 0.0 	 0.0 	 0.0 	 0.0 	 
2.784 	 0.0 	 0.0 	 0.0 	 0.0 	 
2.808 	 0.0 	 0.0 	 0.0 	 0.0 	 
2.832 	 0.0 	 0.0 	 0.0 	 0.0 	 
2.856 	 0.0 	 0.0 	 0.0 	 0.0 	 
2.88 	 0.0 	 0.0 	 0.0 	 0.0 	 
2.904 	 0.0 	 0.0 	 0.0 	 0.0 	 
2.928 	 0.0 	 0.0 	 0.0 	 0.0 	 
2.952 	 0.0 	 0.0 	 0.0 	 0.0 	 
2.976 	 0.0 	 0.0 	 0.0 	 0.0 	 
