-3.0 	 0.0 	 0.0 	 0.0 	 0.0 	 0.0 	 0.0 	 0.0 	 0.0 	 0.0 	 0.0 	 0.0 	 0.0 	 0.0 	 0.0 	 0.0 	 0.0 	 
-2.976 	 0.0 	 0.0 	 0.0 	 0.0 	 0.0 	 0.0 	 0.0 	 0.0 	 0.0 	 0.0 	 0.0 	 0.0 	 0.0 	 0.0 	 0.0 	 0.0 	 
-2.952 	 2.2040996253030646E-4 	 2.2040996253030646E-4 	 2.2040996253030646E-4 	 2.2040996253030646E-4 	 0.0 	 0.0 	 0.0 	 0.0 	 2.2040996253030646E-4 	 2.2040996253030646E-4 	 2.2040996253030646E-4 	 2.2040996253030646E-4 	 0.0 	 0.0 	 0.0 	 0.0 	 
-2.928 	 0.0 	 0.0 	 0.0 	 0.0 	 0.0 	 0.0 	 0.0 	 0.0 	 0.0 	 0.0 	 0.0 	 0.0 	 0.0 	 0.0 	 0.0 	 0.0 	 
-2.904 	 4.408199250606129E-4 	 4.408199250606129E-4 	 4.408199250606129E-4 	 4.408199250606129E-4 	 0.0 	 0.0 	 0.0 	 0.0 	 4.408199250606129E-4 	 4.408199250606129E-4 	 4.408199250606129E-4 	 4.408199250606129E-4 	 0.0 	 0.0 	 0.0 	 0.0 	 
-2.88 	 0.0011020498126515323 	 0.0011020498126515323 	 0.0011020498126515323 	 0.0011020498126515323 	 0.0 	 0.0 	 0.0 	 0.0 	 0.0011020498126515323 	 0.0011020498126515323 	 0.0011020498126515323 	 0.0011020498126515323 	 0.0 	 0.0 	 0.0 	 0.0 	 
-2.856 	 0.0011020498126515323 	 0.0011020498126515323 	 0.0011020498126515323 	 0.0011020498126515323 	 0.0 	 0.0 	 0.0 	 0.0 	 0.0011020498126515323 	 0.0011020498126515323 	 0.0011020498126515323 	 0.0011020498126515323 	 0.0 	 0.0 	 0.0 	 0.0 	 
-2.832 	 4.408199250606129E-4 	 4.408199250606129E-4 	 4.408199250606129E-4 	 4.408199250606129E-4 	 4.384042086804034E-4 	 4.384042086804034E-4 	 4.384042086804034E-4 	 4.384042086804034E-4 	 4.408199250606129E-4 	 4.408199250606129E-4 	 4.408199250606129E-4 	 4.408199250606129E-4 	 4.384042086804034E-4 	 4.384042086804034E-4 	 4.384042086804034E-4 	 4.384042086804034E-4 	 
-2.808 	 0.001542869737712145 	 0.001542869737712145 	 0.001542869737712145 	 0.001542869737712145 	 0.0 	 0.0 	 0.0 	 0.0 	 0.001542869737712145 	 0.001542869737712145 	 0.001542869737712145 	 0.001542869737712145 	 0.0 	 0.0 	 0.0 	 0.0 	 
-2.784 	 0.0022040996253030647 	 0.0022040996253030647 	 0.0022040996253030647 	 0.0022040996253030647 	 0.0 	 0.0 	 0.0 	 0.0 	 0.0022040996253030647 	 0.0022040996253030647 	 0.0022040996253030647 	 0.0022040996253030647 	 0.0 	 0.0 	 0.0 	 0.0 	 
-2.76 	 0.0063918889133788865 	 0.0063918889133788865 	 0.0063918889133788865 	 0.0063918889133788865 	 0.0 	 0.0 	 0.0 	 0.0 	 0.0063918889133788865 	 0.0063918889133788865 	 0.0063918889133788865 	 0.0063918889133788865 	 0.0 	 0.0 	 0.0 	 0.0 	 
-2.7359999999999998 	 0.007053118800969807 	 0.007053118800969807 	 0.007053118800969807 	 0.007053118800969807 	 0.0 	 0.0 	 0.0 	 0.0 	 0.007053118800969807 	 0.007053118800969807 	 0.007053118800969807 	 0.007053118800969807 	 0.0 	 0.0 	 0.0 	 0.0 	 
-2.7119999999999997 	 0.009698038351333484 	 0.009698038351333484 	 0.009698038351333484 	 0.009698038351333484 	 0.0 	 0.0 	 0.0 	 0.0 	 0.009698038351333484 	 0.009698038351333484 	 0.009698038351333484 	 0.009698038351333484 	 0.0 	 0.0 	 0.0 	 0.0 	 
-2.688 	 0.014987877452060839 	 0.014987877452060839 	 0.014987877452060839 	 0.014987877452060839 	 0.0 	 0.0 	 0.0 	 0.0 	 0.014987877452060839 	 0.014987877452060839 	 0.014987877452060839 	 0.014987877452060839 	 0.0 	 0.0 	 0.0 	 0.0 	 
-2.664 	 0.020498126515318498 	 0.020498126515318498 	 0.020498126515318498 	 0.020498126515318498 	 0.0 	 0.0 	 0.0 	 0.0 	 0.020498126515318498 	 0.020498126515318498 	 0.020498126515318498 	 0.020498126515318498 	 0.0 	 0.0 	 0.0 	 0.0 	 
-2.64 	 0.02622878554110647 	 0.02622878554110647 	 0.02622878554110647 	 0.02622878554110647 	 0.0 	 0.0 	 0.0 	 0.0 	 0.02622878554110647 	 0.02622878554110647 	 0.02622878554110647 	 0.02622878554110647 	 0.0 	 0.0 	 0.0 	 0.0 	 
-2.616 	 0.03438395415472781 	 0.03438395415472781 	 0.03438395415472781 	 0.03438395415472781 	 0.0 	 0.0 	 0.0 	 0.0 	 0.03438395415472781 	 0.03438395415472781 	 0.03438395415472781 	 0.03438395415472781 	 0.0 	 0.0 	 0.0 	 0.0 	 
-2.592 	 0.04408199250606129 	 0.04408199250606129 	 0.04408199250606129 	 0.04408199250606129 	 0.0 	 0.0 	 0.0 	 0.0 	 0.04408199250606129 	 0.04408199250606129 	 0.04408199250606129 	 0.04408199250606129 	 0.0 	 0.0 	 0.0 	 0.0 	 
-2.568 	 0.04959224156931895 	 0.04959224156931895 	 0.04959224156931895 	 0.04959224156931895 	 0.0 	 0.0 	 0.0 	 0.0 	 0.04959224156931895 	 0.04959224156931895 	 0.04959224156931895 	 0.04959224156931895 	 0.0 	 0.0 	 0.0 	 0.0 	 
-2.544 	 0.04959224156931895 	 0.04959224156931895 	 0.04959224156931895 	 0.04959224156931895 	 0.0 	 0.0 	 0.0 	 0.0 	 0.04959224156931895 	 0.04959224156931895 	 0.04959224156931895 	 0.04959224156931895 	 0.0 	 0.0 	 0.0 	 0.0 	 
-2.52 	 0.057527000220409984 	 0.057527000220409984 	 0.057527000220409984 	 0.057527000220409984 	 0.0 	 0.0 	 0.0 	 0.0 	 0.057527000220409984 	 0.057527000220409984 	 0.057527000220409984 	 0.057527000220409984 	 0.0 	 0.0 	 0.0 	 0.0 	 
-2.496 	 0.058629050033061514 	 0.058629050033061514 	 0.058629050033061514 	 0.058629050033061514 	 0.0 	 0.0 	 0.0 	 0.0 	 0.058629050033061514 	 0.058629050033061514 	 0.058629050033061514 	 0.058629050033061514 	 0.0 	 0.0 	 0.0 	 0.0 	 
-2.472 	 0.058849459995591824 	 0.058849459995591824 	 0.058849459995591824 	 0.058849459995591824 	 0.0 	 0.0 	 0.0 	 0.0 	 0.058849459995591824 	 0.058849459995591824 	 0.058849459995591824 	 0.058849459995591824 	 0.0 	 0.0 	 0.0 	 0.0 	 
-2.448 	 0.06061273969583427 	 0.06061273969583427 	 0.06061273969583427 	 0.06061273969583427 	 0.0 	 0.0 	 0.0 	 0.0 	 0.06061273969583427 	 0.06061273969583427 	 0.06061273969583427 	 0.06061273969583427 	 0.0 	 0.0 	 0.0 	 0.0 	 
-2.424 	 0.06898831827198593 	 0.06898831827198593 	 0.06898831827198593 	 0.06898831827198593 	 0.0 	 0.0 	 0.0 	 0.0 	 0.06898831827198593 	 0.06898831827198593 	 0.06898831827198593 	 0.06898831827198593 	 0.0 	 0.0 	 0.0 	 0.0 	 
-2.4 	 0.06281683932113734 	 0.06281683932113734 	 0.06281683932113734 	 0.06281683932113734 	 0.0 	 0.0 	 0.0 	 0.0 	 0.06281683932113734 	 0.06281683932113734 	 0.06281683932113734 	 0.06281683932113734 	 0.0 	 0.0 	 0.0 	 0.0 	 
-2.376 	 0.056424950407758453 	 0.056424950407758453 	 0.056424950407758453 	 0.056424950407758453 	 0.0 	 0.0 	 0.0 	 0.0 	 0.056424950407758453 	 0.056424950407758453 	 0.056424950407758453 	 0.056424950407758453 	 0.0 	 0.0 	 0.0 	 0.0 	 
-2.352 	 0.04981265153184925 	 0.04981265153184925 	 0.04981265153184925 	 0.04981265153184925 	 0.0 	 0.0 	 0.0 	 0.0 	 0.04981265153184925 	 0.04981265153184925 	 0.04981265153184925 	 0.04981265153184925 	 0.0 	 0.0 	 0.0 	 0.0 	 
-2.328 	 0.03813092351774302 	 0.03813092351774302 	 0.03813092351774302 	 0.03813092351774302 	 0.0 	 0.0 	 0.0 	 0.0 	 0.03813092351774302 	 0.03813092351774302 	 0.03813092351774302 	 0.03813092351774302 	 0.0 	 0.0 	 0.0 	 0.0 	 
-2.304 	 0.03813092351774302 	 0.03813092351774302 	 0.03813092351774302 	 0.03813092351774302 	 0.0 	 0.0 	 0.0 	 0.0 	 0.03813092351774302 	 0.03813092351774302 	 0.03813092351774302 	 0.03813092351774302 	 0.0 	 0.0 	 0.0 	 0.0 	 
-2.2800000000000002 	 0.031518624641833824 	 0.031518624641833824 	 0.031518624641833824 	 0.031518624641833824 	 0.0 	 0.0 	 0.0 	 0.0 	 0.031518624641833824 	 0.031518624641833824 	 0.031518624641833824 	 0.031518624641833824 	 0.0 	 0.0 	 0.0 	 0.0 	 
-2.2560000000000002 	 0.028432885166409533 	 0.028432885166409533 	 0.028432885166409533 	 0.028432885166409533 	 0.0 	 0.0 	 0.0 	 0.0 	 0.028432885166409533 	 0.028432885166409533 	 0.028432885166409533 	 0.028432885166409533 	 0.0 	 0.0 	 0.0 	 0.0 	 
-2.232 	 0.02027771655278819 	 0.02027771655278819 	 0.02027771655278819 	 0.02027771655278819 	 0.0 	 0.0 	 0.0 	 0.0 	 0.02027771655278819 	 0.02027771655278819 	 0.02027771655278819 	 0.02027771655278819 	 0.0 	 0.0 	 0.0 	 0.0 	 
-2.208 	 0.012783777826757773 	 0.012783777826757773 	 0.012783777826757773 	 0.012783777826757773 	 0.0 	 0.0 	 0.0 	 0.0 	 0.012783777826757773 	 0.012783777826757773 	 0.012783777826757773 	 0.012783777826757773 	 0.0 	 0.0 	 0.0 	 0.0 	 
-2.184 	 0.011681728014106241 	 0.011681728014106241 	 0.011681728014106241 	 0.011681728014106241 	 0.0 	 0.0 	 0.0 	 0.0 	 0.011681728014106241 	 0.011681728014106241 	 0.011681728014106241 	 0.011681728014106241 	 0.0 	 0.0 	 0.0 	 0.0 	 
-2.16 	 0.008155168613621339 	 0.008155168613621339 	 0.008155168613621339 	 0.008155168613621339 	 2.192021043402017E-4 	 2.192021043402017E-4 	 2.192021043402017E-4 	 2.192021043402017E-4 	 0.008155168613621339 	 0.008155168613621339 	 0.008155168613621339 	 0.008155168613621339 	 2.192021043402017E-4 	 2.192021043402017E-4 	 2.192021043402017E-4 	 2.192021043402017E-4 	 
-2.136 	 0.009036808463742564 	 0.009036808463742564 	 0.009036808463742564 	 0.009036808463742564 	 0.0 	 0.0 	 0.0 	 0.0 	 0.009036808463742564 	 0.009036808463742564 	 0.009036808463742564 	 0.009036808463742564 	 0.0 	 0.0 	 0.0 	 0.0 	 
-2.112 	 0.008155168613621339 	 0.008155168613621339 	 0.008155168613621339 	 0.008155168613621339 	 0.0 	 0.0 	 0.0 	 0.0 	 0.008155168613621339 	 0.008155168613621339 	 0.008155168613621339 	 0.008155168613621339 	 0.0 	 0.0 	 0.0 	 0.0 	 
-2.088 	 0.005510249063257661 	 0.005510249063257661 	 0.005510249063257661 	 0.005510249063257661 	 4.384042086804034E-4 	 4.384042086804034E-4 	 4.384042086804034E-4 	 4.384042086804034E-4 	 0.005510249063257661 	 0.005510249063257661 	 0.005510249063257661 	 0.005510249063257661 	 4.384042086804034E-4 	 4.384042086804034E-4 	 4.384042086804034E-4 	 4.384042086804034E-4 	 
-2.064 	 0.0072735287635001125 	 0.0072735287635001125 	 0.0072735287635001125 	 0.0072735287635001125 	 0.0 	 0.0 	 0.0 	 0.0 	 0.0072735287635001125 	 0.0072735287635001125 	 0.0072735287635001125 	 0.0072735287635001125 	 0.0 	 0.0 	 0.0 	 0.0 	 
-2.04 	 0.004849019175666742 	 0.004849019175666742 	 0.004849019175666742 	 0.004849019175666742 	 0.0 	 0.0 	 0.0 	 0.0 	 0.004849019175666742 	 0.004849019175666742 	 0.004849019175666742 	 0.004849019175666742 	 0.0 	 0.0 	 0.0 	 0.0 	 
-2.016 	 0.005510249063257661 	 0.005510249063257661 	 0.005510249063257661 	 0.005510249063257661 	 0.0 	 0.0 	 0.0 	 0.0 	 0.005510249063257661 	 0.005510249063257661 	 0.005510249063257661 	 0.005510249063257661 	 0.0 	 0.0 	 0.0 	 0.0 	 
-1.992 	 0.0022040996253030647 	 0.0022040996253030647 	 0.0022040996253030647 	 0.0022040996253030647 	 0.0 	 0.0 	 0.0 	 0.0 	 0.0022040996253030647 	 0.0022040996253030647 	 0.0022040996253030647 	 0.0022040996253030647 	 0.0 	 0.0 	 0.0 	 0.0 	 
-1.968 	 0.0028653295128939836 	 0.0028653295128939836 	 0.0028653295128939836 	 0.0028653295128939836 	 0.0 	 0.0 	 0.0 	 0.0 	 0.0028653295128939836 	 0.0028653295128939836 	 0.0028653295128939836 	 0.0028653295128939836 	 0.0 	 0.0 	 0.0 	 0.0 	 
-1.944 	 0.003306149437954597 	 0.003306149437954597 	 0.003306149437954597 	 0.003306149437954597 	 0.0 	 0.0 	 0.0 	 0.0 	 0.003306149437954597 	 0.003306149437954597 	 0.003306149437954597 	 0.003306149437954597 	 0.0 	 0.0 	 0.0 	 0.0 	 
-1.92 	 0.0035265594004849033 	 0.0035265594004849033 	 0.0035265594004849033 	 0.0035265594004849033 	 0.0 	 0.0 	 0.0 	 0.0 	 0.0035265594004849033 	 0.0035265594004849033 	 0.0035265594004849033 	 0.0035265594004849033 	 0.0 	 0.0 	 0.0 	 0.0 	 
-1.896 	 0.0022040996253030647 	 0.0022040996253030647 	 0.0022040996253030647 	 0.0022040996253030647 	 0.0 	 0.0 	 0.0 	 0.0 	 0.0022040996253030647 	 0.0022040996253030647 	 0.0022040996253030647 	 0.0022040996253030647 	 0.0 	 0.0 	 0.0 	 0.0 	 
-1.8719999999999999 	 0.0019836896627727584 	 0.0019836896627727584 	 0.0019836896627727584 	 0.0019836896627727584 	 4.384042086804034E-4 	 4.384042086804034E-4 	 4.384042086804034E-4 	 4.384042086804034E-4 	 0.0019836896627727584 	 0.0019836896627727584 	 0.0019836896627727584 	 0.0019836896627727584 	 4.384042086804034E-4 	 4.384042086804034E-4 	 4.384042086804034E-4 	 4.384042086804034E-4 	 
-1.8479999999999999 	 0.0013224597751818386 	 0.0013224597751818386 	 0.0013224597751818386 	 0.0013224597751818386 	 0.0 	 0.0 	 0.0 	 0.0 	 0.0013224597751818386 	 0.0013224597751818386 	 0.0013224597751818386 	 0.0013224597751818386 	 0.0 	 0.0 	 0.0 	 0.0 	 
-1.824 	 0.0019836896627727584 	 0.0019836896627727584 	 0.0019836896627727584 	 0.0019836896627727584 	 0.0 	 0.0 	 0.0 	 0.0 	 0.0019836896627727584 	 0.0019836896627727584 	 0.0019836896627727584 	 0.0019836896627727584 	 0.0 	 0.0 	 0.0 	 0.0 	 
-1.8 	 6.612298875909193E-4 	 6.612298875909193E-4 	 6.612298875909193E-4 	 6.612298875909193E-4 	 0.0 	 0.0 	 0.0 	 0.0 	 6.612298875909193E-4 	 6.612298875909193E-4 	 6.612298875909193E-4 	 6.612298875909193E-4 	 0.0 	 0.0 	 0.0 	 0.0 	 
-1.776 	 8.816398501212258E-4 	 8.816398501212258E-4 	 8.816398501212258E-4 	 8.816398501212258E-4 	 2.192021043402017E-4 	 2.192021043402017E-4 	 2.192021043402017E-4 	 2.192021043402017E-4 	 8.816398501212258E-4 	 8.816398501212258E-4 	 8.816398501212258E-4 	 8.816398501212258E-4 	 2.192021043402017E-4 	 2.192021043402017E-4 	 2.192021043402017E-4 	 2.192021043402017E-4 	 
-1.752 	 4.408199250606129E-4 	 4.408199250606129E-4 	 4.408199250606129E-4 	 4.408199250606129E-4 	 0.0 	 0.0 	 0.0 	 0.0 	 4.408199250606129E-4 	 4.408199250606129E-4 	 4.408199250606129E-4 	 4.408199250606129E-4 	 0.0 	 0.0 	 0.0 	 0.0 	 
-1.728 	 6.612298875909193E-4 	 6.612298875909193E-4 	 6.612298875909193E-4 	 6.612298875909193E-4 	 0.0 	 0.0 	 0.0 	 0.0 	 6.612298875909193E-4 	 6.612298875909193E-4 	 6.612298875909193E-4 	 6.612298875909193E-4 	 0.0 	 0.0 	 0.0 	 0.0 	 
-1.704 	 4.408199250606129E-4 	 4.408199250606129E-4 	 4.408199250606129E-4 	 4.408199250606129E-4 	 0.0 	 0.0 	 0.0 	 0.0 	 4.408199250606129E-4 	 4.408199250606129E-4 	 4.408199250606129E-4 	 4.408199250606129E-4 	 0.0 	 0.0 	 0.0 	 0.0 	 
-1.68 	 4.408199250606129E-4 	 4.408199250606129E-4 	 4.408199250606129E-4 	 4.408199250606129E-4 	 2.192021043402017E-4 	 2.192021043402017E-4 	 2.192021043402017E-4 	 2.192021043402017E-4 	 4.408199250606129E-4 	 4.408199250606129E-4 	 4.408199250606129E-4 	 4.408199250606129E-4 	 2.192021043402017E-4 	 2.192021043402017E-4 	 2.192021043402017E-4 	 2.192021043402017E-4 	 
-1.656 	 0.0 	 0.0 	 0.0 	 0.0 	 0.0 	 0.0 	 0.0 	 0.0 	 0.0 	 0.0 	 0.0 	 0.0 	 0.0 	 0.0 	 0.0 	 0.0 	 
-1.632 	 6.612298875909193E-4 	 6.612298875909193E-4 	 6.612298875909193E-4 	 6.612298875909193E-4 	 2.192021043402017E-4 	 2.192021043402017E-4 	 2.192021043402017E-4 	 2.192021043402017E-4 	 6.612298875909193E-4 	 6.612298875909193E-4 	 6.612298875909193E-4 	 6.612298875909193E-4 	 2.192021043402017E-4 	 2.192021043402017E-4 	 2.192021043402017E-4 	 2.192021043402017E-4 	 
-1.6079999999999999 	 4.408199250606129E-4 	 4.408199250606129E-4 	 4.408199250606129E-4 	 4.408199250606129E-4 	 0.0 	 0.0 	 0.0 	 0.0 	 4.408199250606129E-4 	 4.408199250606129E-4 	 4.408199250606129E-4 	 4.408199250606129E-4 	 0.0 	 0.0 	 0.0 	 0.0 	 
-1.584 	 2.2040996253030646E-4 	 2.2040996253030646E-4 	 2.2040996253030646E-4 	 2.2040996253030646E-4 	 2.192021043402017E-4 	 2.192021043402017E-4 	 2.192021043402017E-4 	 2.192021043402017E-4 	 2.2040996253030646E-4 	 2.2040996253030646E-4 	 2.2040996253030646E-4 	 2.2040996253030646E-4 	 2.192021043402017E-4 	 2.192021043402017E-4 	 2.192021043402017E-4 	 2.192021043402017E-4 	 
-1.56 	 0.0 	 0.0 	 0.0 	 0.0 	 0.0 	 0.0 	 0.0 	 0.0 	 0.0 	 0.0 	 0.0 	 0.0 	 0.0 	 0.0 	 0.0 	 0.0 	 
-1.536 	 2.2040996253030646E-4 	 2.2040996253030646E-4 	 2.2040996253030646E-4 	 2.2040996253030646E-4 	 0.0 	 0.0 	 0.0 	 0.0 	 2.2040996253030646E-4 	 2.2040996253030646E-4 	 2.2040996253030646E-4 	 2.2040996253030646E-4 	 0.0 	 0.0 	 0.0 	 0.0 	 
-1.512 	 0.0 	 0.0 	 0.0 	 0.0 	 2.192021043402017E-4 	 2.192021043402017E-4 	 2.192021043402017E-4 	 2.192021043402017E-4 	 0.0 	 0.0 	 0.0 	 0.0 	 2.192021043402017E-4 	 2.192021043402017E-4 	 2.192021043402017E-4 	 2.192021043402017E-4 	 
-1.488 	 2.2040996253030646E-4 	 2.2040996253030646E-4 	 2.2040996253030646E-4 	 2.2040996253030646E-4 	 2.192021043402017E-4 	 2.192021043402017E-4 	 2.192021043402017E-4 	 2.192021043402017E-4 	 2.2040996253030646E-4 	 2.2040996253030646E-4 	 2.2040996253030646E-4 	 2.2040996253030646E-4 	 2.192021043402017E-4 	 2.192021043402017E-4 	 2.192021043402017E-4 	 2.192021043402017E-4 	 
-1.464 	 2.2040996253030646E-4 	 2.2040996253030646E-4 	 2.2040996253030646E-4 	 2.2040996253030646E-4 	 0.0 	 0.0 	 0.0 	 0.0 	 2.2040996253030646E-4 	 2.2040996253030646E-4 	 2.2040996253030646E-4 	 2.2040996253030646E-4 	 0.0 	 0.0 	 0.0 	 0.0 	 
-1.44 	 2.2040996253030646E-4 	 2.2040996253030646E-4 	 2.2040996253030646E-4 	 2.2040996253030646E-4 	 2.192021043402017E-4 	 2.192021043402017E-4 	 2.192021043402017E-4 	 2.192021043402017E-4 	 2.2040996253030646E-4 	 2.2040996253030646E-4 	 2.2040996253030646E-4 	 2.2040996253030646E-4 	 2.192021043402017E-4 	 2.192021043402017E-4 	 2.192021043402017E-4 	 2.192021043402017E-4 	 
-1.416 	 2.2040996253030646E-4 	 2.2040996253030646E-4 	 2.2040996253030646E-4 	 2.2040996253030646E-4 	 0.0 	 0.0 	 0.0 	 0.0 	 2.2040996253030646E-4 	 2.2040996253030646E-4 	 2.2040996253030646E-4 	 2.2040996253030646E-4 	 0.0 	 0.0 	 0.0 	 0.0 	 
-1.392 	 0.0 	 0.0 	 0.0 	 0.0 	 0.0 	 0.0 	 0.0 	 0.0 	 0.0 	 0.0 	 0.0 	 0.0 	 0.0 	 0.0 	 0.0 	 0.0 	 
-1.3679999999999999 	 0.0 	 0.0 	 0.0 	 0.0 	 2.192021043402017E-4 	 2.192021043402017E-4 	 2.192021043402017E-4 	 2.192021043402017E-4 	 0.0 	 0.0 	 0.0 	 0.0 	 2.192021043402017E-4 	 2.192021043402017E-4 	 2.192021043402017E-4 	 2.192021043402017E-4 	 
-1.3439999999999999 	 0.0 	 0.0 	 0.0 	 0.0 	 0.0 	 0.0 	 0.0 	 0.0 	 0.0 	 0.0 	 0.0 	 0.0 	 0.0 	 0.0 	 0.0 	 0.0 	 
-1.32 	 0.0 	 0.0 	 0.0 	 0.0 	 0.0 	 0.0 	 0.0 	 0.0 	 0.0 	 0.0 	 0.0 	 0.0 	 0.0 	 0.0 	 0.0 	 0.0 	 
-1.296 	 2.2040996253030646E-4 	 2.2040996253030646E-4 	 2.2040996253030646E-4 	 2.2040996253030646E-4 	 0.0 	 0.0 	 0.0 	 0.0 	 2.2040996253030646E-4 	 2.2040996253030646E-4 	 2.2040996253030646E-4 	 2.2040996253030646E-4 	 0.0 	 0.0 	 0.0 	 0.0 	 
-1.272 	 0.0 	 0.0 	 0.0 	 0.0 	 2.192021043402017E-4 	 2.192021043402017E-4 	 2.192021043402017E-4 	 2.192021043402017E-4 	 0.0 	 0.0 	 0.0 	 0.0 	 2.192021043402017E-4 	 2.192021043402017E-4 	 2.192021043402017E-4 	 2.192021043402017E-4 	 
-1.248 	 0.0 	 0.0 	 0.0 	 0.0 	 0.0 	 0.0 	 0.0 	 0.0 	 0.0 	 0.0 	 0.0 	 0.0 	 0.0 	 0.0 	 0.0 	 0.0 	 
-1.224 	 0.0 	 0.0 	 0.0 	 0.0 	 0.0 	 0.0 	 0.0 	 0.0 	 0.0 	 0.0 	 0.0 	 0.0 	 0.0 	 0.0 	 0.0 	 0.0 	 
-1.2 	 0.0 	 0.0 	 0.0 	 0.0 	 0.0 	 0.0 	 0.0 	 0.0 	 0.0 	 0.0 	 0.0 	 0.0 	 0.0 	 0.0 	 0.0 	 0.0 	 
-1.176 	 2.2040996253030646E-4 	 2.2040996253030646E-4 	 2.2040996253030646E-4 	 2.2040996253030646E-4 	 4.384042086804034E-4 	 4.384042086804034E-4 	 4.384042086804034E-4 	 4.384042086804034E-4 	 2.2040996253030646E-4 	 2.2040996253030646E-4 	 2.2040996253030646E-4 	 2.2040996253030646E-4 	 4.384042086804034E-4 	 4.384042086804034E-4 	 4.384042086804034E-4 	 4.384042086804034E-4 	 
-1.152 	 0.0 	 0.0 	 0.0 	 0.0 	 4.384042086804034E-4 	 4.384042086804034E-4 	 4.384042086804034E-4 	 4.384042086804034E-4 	 0.0 	 0.0 	 0.0 	 0.0 	 4.384042086804034E-4 	 4.384042086804034E-4 	 4.384042086804034E-4 	 4.384042086804034E-4 	 
-1.128 	 0.0 	 0.0 	 0.0 	 0.0 	 0.0 	 0.0 	 0.0 	 0.0 	 0.0 	 0.0 	 0.0 	 0.0 	 0.0 	 0.0 	 0.0 	 0.0 	 
-1.1039999999999999 	 0.0 	 0.0 	 0.0 	 0.0 	 0.0 	 0.0 	 0.0 	 0.0 	 0.0 	 0.0 	 0.0 	 0.0 	 0.0 	 0.0 	 0.0 	 0.0 	 
-1.08 	 0.0 	 0.0 	 0.0 	 0.0 	 2.192021043402017E-4 	 2.192021043402017E-4 	 2.192021043402017E-4 	 2.192021043402017E-4 	 0.0 	 0.0 	 0.0 	 0.0 	 2.192021043402017E-4 	 2.192021043402017E-4 	 2.192021043402017E-4 	 2.192021043402017E-4 	 
-1.056 	 0.0 	 0.0 	 0.0 	 0.0 	 0.0 	 0.0 	 0.0 	 0.0 	 0.0 	 0.0 	 0.0 	 0.0 	 0.0 	 0.0 	 0.0 	 0.0 	 
-1.032 	 0.0 	 0.0 	 0.0 	 0.0 	 2.192021043402017E-4 	 2.192021043402017E-4 	 2.192021043402017E-4 	 2.192021043402017E-4 	 0.0 	 0.0 	 0.0 	 0.0 	 2.192021043402017E-4 	 2.192021043402017E-4 	 2.192021043402017E-4 	 2.192021043402017E-4 	 
-1.008 	 0.0 	 0.0 	 0.0 	 0.0 	 4.384042086804034E-4 	 4.384042086804034E-4 	 4.384042086804034E-4 	 4.384042086804034E-4 	 0.0 	 0.0 	 0.0 	 0.0 	 4.384042086804034E-4 	 4.384042086804034E-4 	 4.384042086804034E-4 	 4.384042086804034E-4 	 
-0.984 	 0.0 	 0.0 	 0.0 	 0.0 	 0.0 	 0.0 	 0.0 	 0.0 	 0.0 	 0.0 	 0.0 	 0.0 	 0.0 	 0.0 	 0.0 	 0.0 	 
-0.96 	 0.0 	 0.0 	 0.0 	 0.0 	 2.192021043402017E-4 	 2.192021043402017E-4 	 2.192021043402017E-4 	 2.192021043402017E-4 	 0.0 	 0.0 	 0.0 	 0.0 	 2.192021043402017E-4 	 2.192021043402017E-4 	 2.192021043402017E-4 	 2.192021043402017E-4 	 
-0.9359999999999999 	 0.0 	 0.0 	 0.0 	 0.0 	 0.0 	 0.0 	 0.0 	 0.0 	 0.0 	 0.0 	 0.0 	 0.0 	 0.0 	 0.0 	 0.0 	 0.0 	 
-0.9119999999999999 	 0.0 	 0.0 	 0.0 	 0.0 	 0.0 	 0.0 	 0.0 	 0.0 	 0.0 	 0.0 	 0.0 	 0.0 	 0.0 	 0.0 	 0.0 	 0.0 	 
-0.8879999999999999 	 0.0 	 0.0 	 0.0 	 0.0 	 0.0 	 0.0 	 0.0 	 0.0 	 0.0 	 0.0 	 0.0 	 0.0 	 0.0 	 0.0 	 0.0 	 0.0 	 
-0.8639999999999999 	 0.0 	 0.0 	 0.0 	 0.0 	 2.192021043402017E-4 	 2.192021043402017E-4 	 2.192021043402017E-4 	 2.192021043402017E-4 	 0.0 	 0.0 	 0.0 	 0.0 	 2.192021043402017E-4 	 2.192021043402017E-4 	 2.192021043402017E-4 	 2.192021043402017E-4 	 
-0.8399999999999999 	 0.0 	 0.0 	 0.0 	 0.0 	 2.192021043402017E-4 	 2.192021043402017E-4 	 2.192021043402017E-4 	 2.192021043402017E-4 	 0.0 	 0.0 	 0.0 	 0.0 	 2.192021043402017E-4 	 2.192021043402017E-4 	 2.192021043402017E-4 	 2.192021043402017E-4 	 
-0.8159999999999998 	 0.0 	 0.0 	 0.0 	 0.0 	 0.0 	 0.0 	 0.0 	 0.0 	 0.0 	 0.0 	 0.0 	 0.0 	 0.0 	 0.0 	 0.0 	 0.0 	 
-0.7919999999999998 	 0.0 	 0.0 	 0.0 	 0.0 	 2.192021043402017E-4 	 2.192021043402017E-4 	 2.192021043402017E-4 	 2.192021043402017E-4 	 0.0 	 0.0 	 0.0 	 0.0 	 2.192021043402017E-4 	 2.192021043402017E-4 	 2.192021043402017E-4 	 2.192021043402017E-4 	 
-0.7679999999999998 	 0.0 	 0.0 	 0.0 	 0.0 	 0.0 	 0.0 	 0.0 	 0.0 	 0.0 	 0.0 	 0.0 	 0.0 	 0.0 	 0.0 	 0.0 	 0.0 	 
-0.7439999999999998 	 0.0 	 0.0 	 0.0 	 0.0 	 0.0 	 0.0 	 0.0 	 0.0 	 0.0 	 0.0 	 0.0 	 0.0 	 0.0 	 0.0 	 0.0 	 0.0 	 
-0.7199999999999998 	 0.0 	 0.0 	 0.0 	 0.0 	 0.0 	 0.0 	 0.0 	 0.0 	 0.0 	 0.0 	 0.0 	 0.0 	 0.0 	 0.0 	 0.0 	 0.0 	 
-0.6959999999999997 	 0.0 	 0.0 	 0.0 	 0.0 	 4.384042086804034E-4 	 4.384042086804034E-4 	 4.384042086804034E-4 	 4.384042086804034E-4 	 0.0 	 0.0 	 0.0 	 0.0 	 4.384042086804034E-4 	 4.384042086804034E-4 	 4.384042086804034E-4 	 4.384042086804034E-4 	 
-0.6720000000000002 	 0.0 	 0.0 	 0.0 	 0.0 	 0.0 	 0.0 	 0.0 	 0.0 	 0.0 	 0.0 	 0.0 	 0.0 	 0.0 	 0.0 	 0.0 	 0.0 	 
-0.6480000000000001 	 0.0 	 0.0 	 0.0 	 0.0 	 2.192021043402017E-4 	 2.192021043402017E-4 	 2.192021043402017E-4 	 2.192021043402017E-4 	 0.0 	 0.0 	 0.0 	 0.0 	 2.192021043402017E-4 	 2.192021043402017E-4 	 2.192021043402017E-4 	 2.192021043402017E-4 	 
-0.6240000000000001 	 0.0 	 0.0 	 0.0 	 0.0 	 0.0 	 0.0 	 0.0 	 0.0 	 0.0 	 0.0 	 0.0 	 0.0 	 0.0 	 0.0 	 0.0 	 0.0 	 
-0.6000000000000001 	 0.0 	 0.0 	 0.0 	 0.0 	 2.192021043402017E-4 	 2.192021043402017E-4 	 2.192021043402017E-4 	 2.192021043402017E-4 	 0.0 	 0.0 	 0.0 	 0.0 	 2.192021043402017E-4 	 2.192021043402017E-4 	 2.192021043402017E-4 	 2.192021043402017E-4 	 
-0.5760000000000001 	 0.0 	 0.0 	 0.0 	 0.0 	 0.0 	 0.0 	 0.0 	 0.0 	 0.0 	 0.0 	 0.0 	 0.0 	 0.0 	 0.0 	 0.0 	 0.0 	 
-0.552 	 0.0 	 0.0 	 0.0 	 0.0 	 0.0 	 0.0 	 0.0 	 0.0 	 0.0 	 0.0 	 0.0 	 0.0 	 0.0 	 0.0 	 0.0 	 0.0 	 
-0.528 	 0.0 	 0.0 	 0.0 	 0.0 	 0.0 	 0.0 	 0.0 	 0.0 	 0.0 	 0.0 	 0.0 	 0.0 	 0.0 	 0.0 	 0.0 	 0.0 	 
-0.504 	 0.0 	 0.0 	 0.0 	 0.0 	 0.0 	 0.0 	 0.0 	 0.0 	 0.0 	 0.0 	 0.0 	 0.0 	 0.0 	 0.0 	 0.0 	 0.0 	 
-0.48 	 0.0 	 0.0 	 0.0 	 0.0 	 2.192021043402017E-4 	 2.192021043402017E-4 	 2.192021043402017E-4 	 2.192021043402017E-4 	 0.0 	 0.0 	 0.0 	 0.0 	 2.192021043402017E-4 	 2.192021043402017E-4 	 2.192021043402017E-4 	 2.192021043402017E-4 	 
-0.45599999999999996 	 0.0 	 0.0 	 0.0 	 0.0 	 0.0 	 0.0 	 0.0 	 0.0 	 0.0 	 0.0 	 0.0 	 0.0 	 0.0 	 0.0 	 0.0 	 0.0 	 
-0.43199999999999994 	 0.0 	 0.0 	 0.0 	 0.0 	 8.768084173608068E-4 	 8.768084173608068E-4 	 8.768084173608068E-4 	 8.768084173608068E-4 	 0.0 	 0.0 	 0.0 	 0.0 	 8.768084173608068E-4 	 8.768084173608068E-4 	 8.768084173608068E-4 	 8.768084173608068E-4 	 
-0.4079999999999999 	 0.0 	 0.0 	 0.0 	 0.0 	 8.768084173608068E-4 	 8.768084173608068E-4 	 8.768084173608068E-4 	 8.768084173608068E-4 	 0.0 	 0.0 	 0.0 	 0.0 	 8.768084173608068E-4 	 8.768084173608068E-4 	 8.768084173608068E-4 	 8.768084173608068E-4 	 
-0.3839999999999999 	 0.0 	 0.0 	 0.0 	 0.0 	 0.0013152126260412103 	 0.0013152126260412103 	 0.0013152126260412103 	 0.0013152126260412103 	 0.0 	 0.0 	 0.0 	 0.0 	 0.0013152126260412103 	 0.0013152126260412103 	 0.0013152126260412103 	 0.0013152126260412103 	 
-0.3599999999999999 	 0.0 	 0.0 	 0.0 	 0.0 	 4.384042086804034E-4 	 4.384042086804034E-4 	 4.384042086804034E-4 	 4.384042086804034E-4 	 0.0 	 0.0 	 0.0 	 0.0 	 4.384042086804034E-4 	 4.384042086804034E-4 	 4.384042086804034E-4 	 4.384042086804034E-4 	 
-0.33599999999999985 	 0.0 	 0.0 	 0.0 	 0.0 	 0.0019728189390618156 	 0.0019728189390618156 	 0.0019728189390618156 	 0.0019728189390618156 	 0.0 	 0.0 	 0.0 	 0.0 	 0.0019728189390618156 	 0.0019728189390618156 	 0.0019728189390618156 	 0.0019728189390618156 	 
-0.31199999999999983 	 0.0 	 0.0 	 0.0 	 0.0 	 0.004384042086804034 	 0.004384042086804034 	 0.004384042086804034 	 0.004384042086804034 	 0.0 	 0.0 	 0.0 	 0.0 	 0.004384042086804034 	 0.004384042086804034 	 0.004384042086804034 	 0.004384042086804034 	 
-0.2879999999999998 	 0.0 	 0.0 	 0.0 	 0.0 	 0.006137658921525647 	 0.006137658921525647 	 0.006137658921525647 	 0.006137658921525647 	 0.0 	 0.0 	 0.0 	 0.0 	 0.006137658921525647 	 0.006137658921525647 	 0.006137658921525647 	 0.006137658921525647 	 
-0.2639999999999998 	 0.0 	 0.0 	 0.0 	 0.0 	 0.009425690486628674 	 0.009425690486628674 	 0.009425690486628674 	 0.009425690486628674 	 0.0 	 0.0 	 0.0 	 0.0 	 0.009425690486628674 	 0.009425690486628674 	 0.009425690486628674 	 0.009425690486628674 	 
-0.23999999999999977 	 0.0 	 0.0 	 0.0 	 0.0 	 0.009425690486628674 	 0.009425690486628674 	 0.009425690486628674 	 0.009425690486628674 	 0.0 	 0.0 	 0.0 	 0.0 	 0.009425690486628674 	 0.009425690486628674 	 0.009425690486628674 	 0.009425690486628674 	 
-0.21599999999999975 	 0.0 	 0.0 	 0.0 	 0.0 	 0.021481806225339767 	 0.021481806225339767 	 0.021481806225339767 	 0.021481806225339767 	 0.0 	 0.0 	 0.0 	 0.0 	 0.021481806225339767 	 0.021481806225339767 	 0.021481806225339767 	 0.021481806225339767 	 
-0.19199999999999973 	 0.0 	 0.0 	 0.0 	 0.0 	 0.01950898728627795 	 0.01950898728627795 	 0.01950898728627795 	 0.01950898728627795 	 0.0 	 0.0 	 0.0 	 0.0 	 0.01950898728627795 	 0.01950898728627795 	 0.01950898728627795 	 0.01950898728627795 	 
-0.16800000000000015 	 0.0 	 0.0 	 0.0 	 0.0 	 0.030030688294607633 	 0.030030688294607633 	 0.030030688294607633 	 0.030030688294607633 	 0.0 	 0.0 	 0.0 	 0.0 	 0.030030688294607633 	 0.030030688294607633 	 0.030030688294607633 	 0.030030688294607633 	 
-0.14400000000000013 	 0.0 	 0.0 	 0.0 	 0.0 	 0.039456378781236305 	 0.039456378781236305 	 0.039456378781236305 	 0.039456378781236305 	 0.0 	 0.0 	 0.0 	 0.0 	 0.039456378781236305 	 0.039456378781236305 	 0.039456378781236305 	 0.039456378781236305 	 
-0.1200000000000001 	 0.0 	 0.0 	 0.0 	 0.0 	 0.04953967558088558 	 0.04953967558088558 	 0.04953967558088558 	 0.04953967558088558 	 0.0 	 0.0 	 0.0 	 0.0 	 0.04953967558088558 	 0.04953967558088558 	 0.04953967558088558 	 0.04953967558088558 	 
-0.09600000000000009 	 0.0 	 0.0 	 0.0 	 0.0 	 0.047566856641823765 	 0.047566856641823765 	 0.047566856641823765 	 0.047566856641823765 	 0.0 	 0.0 	 0.0 	 0.0 	 0.047566856641823765 	 0.047566856641823765 	 0.047566856641823765 	 0.047566856641823765 	 
-0.07200000000000006 	 0.0 	 0.0 	 0.0 	 0.0 	 0.05370451556334942 	 0.05370451556334942 	 0.05370451556334942 	 0.05370451556334942 	 0.0 	 0.0 	 0.0 	 0.0 	 0.05370451556334942 	 0.05370451556334942 	 0.05370451556334942 	 0.05370451556334942 	 
-0.04800000000000004 	 0.0 	 0.0 	 0.0 	 0.0 	 0.05633494081543183 	 0.05633494081543183 	 0.05633494081543183 	 0.05633494081543183 	 0.0 	 0.0 	 0.0 	 0.0 	 0.05633494081543183 	 0.05633494081543183 	 0.05633494081543183 	 0.05633494081543183 	 
-0.02400000000000002 	 0.0 	 0.0 	 0.0 	 0.0 	 0.05962297238053486 	 0.05962297238053486 	 0.05962297238053486 	 0.05962297238053486 	 0.0 	 0.0 	 0.0 	 0.0 	 0.05962297238053486 	 0.05962297238053486 	 0.05962297238053486 	 0.05962297238053486 	 
0.0 	 0.0 	 0.0 	 0.0 	 0.0 	 0.06115738711091627 	 0.06115738711091627 	 0.06115738711091627 	 0.06115738711091627 	 0.0 	 0.0 	 0.0 	 0.0 	 0.06115738711091627 	 0.06115738711091627 	 0.06115738711091627 	 0.06115738711091627 	 
0.02400000000000002 	 0.0 	 0.0 	 0.0 	 0.0 	 0.0653222270933801 	 0.0653222270933801 	 0.0653222270933801 	 0.0653222270933801 	 0.0 	 0.0 	 0.0 	 0.0 	 0.0653222270933801 	 0.0653222270933801 	 0.0653222270933801 	 0.0653222270933801 	 
0.04800000000000004 	 0.0 	 0.0 	 0.0 	 0.0 	 0.0637878123629987 	 0.0637878123629987 	 0.0637878123629987 	 0.0637878123629987 	 0.0 	 0.0 	 0.0 	 0.0 	 0.0637878123629987 	 0.0637878123629987 	 0.0637878123629987 	 0.0637878123629987 	 
0.07200000000000006 	 0.0 	 0.0 	 0.0 	 0.0 	 0.060061376589215267 	 0.060061376589215267 	 0.060061376589215267 	 0.060061376589215267 	 0.0 	 0.0 	 0.0 	 0.0 	 0.060061376589215267 	 0.060061376589215267 	 0.060061376589215267 	 0.060061376589215267 	 
0.09600000000000009 	 0.0 	 0.0 	 0.0 	 0.0 	 0.05282770714598861 	 0.05282770714598861 	 0.05282770714598861 	 0.05282770714598861 	 0.0 	 0.0 	 0.0 	 0.0 	 0.05282770714598861 	 0.05282770714598861 	 0.05282770714598861 	 0.05282770714598861 	 
0.1200000000000001 	 0.0 	 0.0 	 0.0 	 0.0 	 0.04252520824199913 	 0.04252520824199913 	 0.04252520824199913 	 0.04252520824199913 	 0.0 	 0.0 	 0.0 	 0.0 	 0.04252520824199913 	 0.04252520824199913 	 0.04252520824199913 	 0.04252520824199913 	 
0.14400000000000013 	 0.0 	 0.0 	 0.0 	 0.0 	 0.03704515563349409 	 0.03704515563349409 	 0.03704515563349409 	 0.03704515563349409 	 0.0 	 0.0 	 0.0 	 0.0 	 0.03704515563349409 	 0.03704515563349409 	 0.03704515563349409 	 0.03704515563349409 	 
0.16800000000000015 	 0.0 	 0.0 	 0.0 	 0.0 	 0.03682595352915389 	 0.03682595352915389 	 0.03682595352915389 	 0.03682595352915389 	 0.0 	 0.0 	 0.0 	 0.0 	 0.03682595352915389 	 0.03682595352915389 	 0.03682595352915389 	 0.03682595352915389 	 
0.19200000000000017 	 0.0 	 0.0 	 0.0 	 0.0 	 0.030030688294607633 	 0.030030688294607633 	 0.030030688294607633 	 0.030030688294607633 	 0.0 	 0.0 	 0.0 	 0.0 	 0.030030688294607633 	 0.030030688294607633 	 0.030030688294607633 	 0.030030688294607633 	 
0.2160000000000002 	 0.0 	 0.0 	 0.0 	 0.0 	 0.024989039894782992 	 0.024989039894782992 	 0.024989039894782992 	 0.024989039894782992 	 0.0 	 0.0 	 0.0 	 0.0 	 0.024989039894782992 	 0.024989039894782992 	 0.024989039894782992 	 0.024989039894782992 	 
0.2400000000000002 	 0.0 	 0.0 	 0.0 	 0.0 	 0.014686540990793513 	 0.014686540990793513 	 0.014686540990793513 	 0.014686540990793513 	 0.0 	 0.0 	 0.0 	 0.0 	 0.014686540990793513 	 0.014686540990793513 	 0.014686540990793513 	 0.014686540990793513 	 
0.26400000000000023 	 0.0 	 0.0 	 0.0 	 0.0 	 0.01161771153003069 	 0.01161771153003069 	 0.01161771153003069 	 0.01161771153003069 	 0.0 	 0.0 	 0.0 	 0.0 	 0.01161771153003069 	 0.01161771153003069 	 0.01161771153003069 	 0.01161771153003069 	 
0.28800000000000026 	 0.0 	 0.0 	 0.0 	 0.0 	 0.010521701008329682 	 0.010521701008329682 	 0.010521701008329682 	 0.010521701008329682 	 0.0 	 0.0 	 0.0 	 0.0 	 0.010521701008329682 	 0.010521701008329682 	 0.010521701008329682 	 0.010521701008329682 	 
0.3120000000000003 	 0.0 	 0.0 	 0.0 	 0.0 	 0.008987286277948271 	 0.008987286277948271 	 0.008987286277948271 	 0.008987286277948271 	 0.0 	 0.0 	 0.0 	 0.0 	 0.008987286277948271 	 0.008987286277948271 	 0.008987286277948271 	 0.008987286277948271 	 
0.33599999999999985 	 0.0 	 0.0 	 0.0 	 0.0 	 0.008110477860587464 	 0.008110477860587464 	 0.008110477860587464 	 0.008110477860587464 	 0.0 	 0.0 	 0.0 	 0.0 	 0.008110477860587464 	 0.008110477860587464 	 0.008110477860587464 	 0.008110477860587464 	 
0.3599999999999999 	 0.0 	 0.0 	 0.0 	 0.0 	 0.005918456817185446 	 0.005918456817185446 	 0.005918456817185446 	 0.005918456817185446 	 0.0 	 0.0 	 0.0 	 0.0 	 0.005918456817185446 	 0.005918456817185446 	 0.005918456817185446 	 0.005918456817185446 	 
0.3839999999999999 	 0.0 	 0.0 	 0.0 	 0.0 	 0.005699254712845245 	 0.005699254712845245 	 0.005699254712845245 	 0.005699254712845245 	 0.0 	 0.0 	 0.0 	 0.0 	 0.005699254712845245 	 0.005699254712845245 	 0.005699254712845245 	 0.005699254712845245 	 
0.4079999999999999 	 0.0 	 0.0 	 0.0 	 0.0 	 0.007233669443226656 	 0.007233669443226656 	 0.007233669443226656 	 0.007233669443226656 	 0.0 	 0.0 	 0.0 	 0.0 	 0.007233669443226656 	 0.007233669443226656 	 0.007233669443226656 	 0.007233669443226656 	 
0.43199999999999994 	 0.0 	 0.0 	 0.0 	 0.0 	 0.005699254712845245 	 0.005699254712845245 	 0.005699254712845245 	 0.005699254712845245 	 0.0 	 0.0 	 0.0 	 0.0 	 0.005699254712845245 	 0.005699254712845245 	 0.005699254712845245 	 0.005699254712845245 	 
0.45599999999999996 	 0.0 	 0.0 	 0.0 	 0.0 	 0.0030688294607628236 	 0.0030688294607628236 	 0.0030688294607628236 	 0.0030688294607628236 	 0.0 	 0.0 	 0.0 	 0.0 	 0.0030688294607628236 	 0.0030688294607628236 	 0.0030688294607628236 	 0.0030688294607628236 	 
0.48 	 0.0 	 0.0 	 0.0 	 0.0 	 0.0024112231477422187 	 0.0024112231477422187 	 0.0024112231477422187 	 0.0024112231477422187 	 0.0 	 0.0 	 0.0 	 0.0 	 0.0024112231477422187 	 0.0024112231477422187 	 0.0024112231477422187 	 0.0024112231477422187 	 
0.504 	 0.0 	 0.0 	 0.0 	 0.0 	 0.0032880315651030254 	 0.0032880315651030254 	 0.0032880315651030254 	 0.0032880315651030254 	 0.0 	 0.0 	 0.0 	 0.0 	 0.0032880315651030254 	 0.0032880315651030254 	 0.0032880315651030254 	 0.0032880315651030254 	 
0.528 	 0.0 	 0.0 	 0.0 	 0.0 	 0.0032880315651030254 	 0.0032880315651030254 	 0.0032880315651030254 	 0.0032880315651030254 	 0.0 	 0.0 	 0.0 	 0.0 	 0.0032880315651030254 	 0.0032880315651030254 	 0.0032880315651030254 	 0.0032880315651030254 	 
0.552 	 0.0 	 0.0 	 0.0 	 0.0 	 0.0030688294607628236 	 0.0030688294607628236 	 0.0030688294607628236 	 0.0030688294607628236 	 0.0 	 0.0 	 0.0 	 0.0 	 0.0030688294607628236 	 0.0030688294607628236 	 0.0030688294607628236 	 0.0030688294607628236 	 
0.5760000000000001 	 0.0 	 0.0 	 0.0 	 0.0 	 0.0019728189390618156 	 0.0019728189390618156 	 0.0019728189390618156 	 0.0019728189390618156 	 0.0 	 0.0 	 0.0 	 0.0 	 0.0019728189390618156 	 0.0019728189390618156 	 0.0019728189390618156 	 0.0019728189390618156 	 
0.6000000000000001 	 0.0 	 0.0 	 0.0 	 0.0 	 0.0013152126260412103 	 0.0013152126260412103 	 0.0013152126260412103 	 0.0013152126260412103 	 0.0 	 0.0 	 0.0 	 0.0 	 0.0013152126260412103 	 0.0013152126260412103 	 0.0013152126260412103 	 0.0013152126260412103 	 
0.6240000000000001 	 0.0 	 0.0 	 0.0 	 0.0 	 0.0019728189390618156 	 0.0019728189390618156 	 0.0019728189390618156 	 0.0019728189390618156 	 0.0 	 0.0 	 0.0 	 0.0 	 0.0019728189390618156 	 0.0019728189390618156 	 0.0019728189390618156 	 0.0019728189390618156 	 
0.6480000000000001 	 0.0 	 0.0 	 0.0 	 0.0 	 0.0015344147303814118 	 0.0015344147303814118 	 0.0015344147303814118 	 0.0015344147303814118 	 0.0 	 0.0 	 0.0 	 0.0 	 0.0015344147303814118 	 0.0015344147303814118 	 0.0015344147303814118 	 0.0015344147303814118 	 
0.6720000000000002 	 0.0 	 0.0 	 0.0 	 0.0 	 0.0 	 0.0 	 0.0 	 0.0 	 0.0 	 0.0 	 0.0 	 0.0 	 0.0 	 0.0 	 0.0 	 0.0 	 
0.6960000000000002 	 0.0 	 0.0 	 0.0 	 0.0 	 0.0013152126260412103 	 0.0013152126260412103 	 0.0013152126260412103 	 0.0013152126260412103 	 0.0 	 0.0 	 0.0 	 0.0 	 0.0013152126260412103 	 0.0013152126260412103 	 0.0013152126260412103 	 0.0013152126260412103 	 
0.7200000000000002 	 0.0 	 0.0 	 0.0 	 0.0 	 0.0 	 0.0 	 0.0 	 0.0 	 0.0 	 0.0 	 0.0 	 0.0 	 0.0 	 0.0 	 0.0 	 0.0 	 
0.7440000000000002 	 0.0 	 0.0 	 0.0 	 0.0 	 0.0010960105217010085 	 0.0010960105217010085 	 0.0010960105217010085 	 0.0010960105217010085 	 0.0 	 0.0 	 0.0 	 0.0 	 0.0010960105217010085 	 0.0010960105217010085 	 0.0010960105217010085 	 0.0010960105217010085 	 
0.7680000000000002 	 0.0 	 0.0 	 0.0 	 0.0 	 0.0 	 0.0 	 0.0 	 0.0 	 0.0 	 0.0 	 0.0 	 0.0 	 0.0 	 0.0 	 0.0 	 0.0 	 
0.7920000000000003 	 0.0 	 0.0 	 0.0 	 0.0 	 4.384042086804034E-4 	 4.384042086804034E-4 	 4.384042086804034E-4 	 4.384042086804034E-4 	 0.0 	 0.0 	 0.0 	 0.0 	 4.384042086804034E-4 	 4.384042086804034E-4 	 4.384042086804034E-4 	 4.384042086804034E-4 	 
0.8160000000000003 	 0.0 	 0.0 	 0.0 	 0.0 	 2.192021043402017E-4 	 2.192021043402017E-4 	 2.192021043402017E-4 	 2.192021043402017E-4 	 0.0 	 0.0 	 0.0 	 0.0 	 2.192021043402017E-4 	 2.192021043402017E-4 	 2.192021043402017E-4 	 2.192021043402017E-4 	 
0.8399999999999999 	 0.0 	 0.0 	 0.0 	 0.0 	 6.576063130206051E-4 	 6.576063130206051E-4 	 6.576063130206051E-4 	 6.576063130206051E-4 	 0.0 	 0.0 	 0.0 	 0.0 	 6.576063130206051E-4 	 6.576063130206051E-4 	 6.576063130206051E-4 	 6.576063130206051E-4 	 
0.8639999999999999 	 0.0 	 0.0 	 0.0 	 0.0 	 4.384042086804034E-4 	 4.384042086804034E-4 	 4.384042086804034E-4 	 4.384042086804034E-4 	 0.0 	 0.0 	 0.0 	 0.0 	 4.384042086804034E-4 	 4.384042086804034E-4 	 4.384042086804034E-4 	 4.384042086804034E-4 	 
0.8879999999999999 	 0.0 	 0.0 	 0.0 	 0.0 	 0.0 	 0.0 	 0.0 	 0.0 	 0.0 	 0.0 	 0.0 	 0.0 	 0.0 	 0.0 	 0.0 	 0.0 	 
0.9119999999999999 	 0.0 	 0.0 	 0.0 	 0.0 	 2.192021043402017E-4 	 2.192021043402017E-4 	 2.192021043402017E-4 	 2.192021043402017E-4 	 0.0 	 0.0 	 0.0 	 0.0 	 2.192021043402017E-4 	 2.192021043402017E-4 	 2.192021043402017E-4 	 2.192021043402017E-4 	 
0.9359999999999999 	 0.0 	 0.0 	 0.0 	 0.0 	 0.0 	 0.0 	 0.0 	 0.0 	 0.0 	 0.0 	 0.0 	 0.0 	 0.0 	 0.0 	 0.0 	 0.0 	 
0.96 	 0.0 	 0.0 	 0.0 	 0.0 	 2.192021043402017E-4 	 2.192021043402017E-4 	 2.192021043402017E-4 	 2.192021043402017E-4 	 0.0 	 0.0 	 0.0 	 0.0 	 2.192021043402017E-4 	 2.192021043402017E-4 	 2.192021043402017E-4 	 2.192021043402017E-4 	 
0.984 	 0.0 	 0.0 	 0.0 	 0.0 	 2.192021043402017E-4 	 2.192021043402017E-4 	 2.192021043402017E-4 	 2.192021043402017E-4 	 0.0 	 0.0 	 0.0 	 0.0 	 2.192021043402017E-4 	 2.192021043402017E-4 	 2.192021043402017E-4 	 2.192021043402017E-4 	 
1.008 	 0.0 	 0.0 	 0.0 	 0.0 	 0.0 	 0.0 	 0.0 	 0.0 	 0.0 	 0.0 	 0.0 	 0.0 	 0.0 	 0.0 	 0.0 	 0.0 	 
1.032 	 0.0 	 0.0 	 0.0 	 0.0 	 4.384042086804034E-4 	 4.384042086804034E-4 	 4.384042086804034E-4 	 4.384042086804034E-4 	 0.0 	 0.0 	 0.0 	 0.0 	 4.384042086804034E-4 	 4.384042086804034E-4 	 4.384042086804034E-4 	 4.384042086804034E-4 	 
1.056 	 0.0 	 0.0 	 0.0 	 0.0 	 0.0 	 0.0 	 0.0 	 0.0 	 0.0 	 0.0 	 0.0 	 0.0 	 0.0 	 0.0 	 0.0 	 0.0 	 
1.08 	 0.0 	 0.0 	 0.0 	 0.0 	 0.0 	 0.0 	 0.0 	 0.0 	 0.0 	 0.0 	 0.0 	 0.0 	 0.0 	 0.0 	 0.0 	 0.0 	 
1.104 	 0.0 	 0.0 	 0.0 	 0.0 	 0.0 	 0.0 	 0.0 	 0.0 	 0.0 	 0.0 	 0.0 	 0.0 	 0.0 	 0.0 	 0.0 	 0.0 	 
1.1280000000000001 	 0.0 	 0.0 	 0.0 	 0.0 	 0.0 	 0.0 	 0.0 	 0.0 	 0.0 	 0.0 	 0.0 	 0.0 	 0.0 	 0.0 	 0.0 	 0.0 	 
1.1520000000000001 	 0.0 	 0.0 	 0.0 	 0.0 	 0.0 	 0.0 	 0.0 	 0.0 	 0.0 	 0.0 	 0.0 	 0.0 	 0.0 	 0.0 	 0.0 	 0.0 	 
1.1760000000000002 	 0.0 	 0.0 	 0.0 	 0.0 	 2.192021043402017E-4 	 2.192021043402017E-4 	 2.192021043402017E-4 	 2.192021043402017E-4 	 0.0 	 0.0 	 0.0 	 0.0 	 2.192021043402017E-4 	 2.192021043402017E-4 	 2.192021043402017E-4 	 2.192021043402017E-4 	 
1.2000000000000002 	 0.0 	 0.0 	 0.0 	 0.0 	 0.0 	 0.0 	 0.0 	 0.0 	 0.0 	 0.0 	 0.0 	 0.0 	 0.0 	 0.0 	 0.0 	 0.0 	 
1.2240000000000002 	 0.0 	 0.0 	 0.0 	 0.0 	 0.0 	 0.0 	 0.0 	 0.0 	 0.0 	 0.0 	 0.0 	 0.0 	 0.0 	 0.0 	 0.0 	 0.0 	 
1.2480000000000002 	 0.0 	 0.0 	 0.0 	 0.0 	 0.0 	 0.0 	 0.0 	 0.0 	 0.0 	 0.0 	 0.0 	 0.0 	 0.0 	 0.0 	 0.0 	 0.0 	 
1.2720000000000002 	 0.0 	 0.0 	 0.0 	 0.0 	 2.192021043402017E-4 	 2.192021043402017E-4 	 2.192021043402017E-4 	 2.192021043402017E-4 	 0.0 	 0.0 	 0.0 	 0.0 	 2.192021043402017E-4 	 2.192021043402017E-4 	 2.192021043402017E-4 	 2.192021043402017E-4 	 
1.2960000000000003 	 0.0 	 0.0 	 0.0 	 0.0 	 0.0 	 0.0 	 0.0 	 0.0 	 0.0 	 0.0 	 0.0 	 0.0 	 0.0 	 0.0 	 0.0 	 0.0 	 
1.3200000000000003 	 0.0 	 0.0 	 0.0 	 0.0 	 0.0 	 0.0 	 0.0 	 0.0 	 0.0 	 0.0 	 0.0 	 0.0 	 0.0 	 0.0 	 0.0 	 0.0 	 
1.3440000000000003 	 0.0 	 0.0 	 0.0 	 0.0 	 0.0 	 0.0 	 0.0 	 0.0 	 0.0 	 0.0 	 0.0 	 0.0 	 0.0 	 0.0 	 0.0 	 0.0 	 
1.3680000000000003 	 0.0 	 0.0 	 0.0 	 0.0 	 0.0 	 0.0 	 0.0 	 0.0 	 0.0 	 0.0 	 0.0 	 0.0 	 0.0 	 0.0 	 0.0 	 0.0 	 
1.3920000000000003 	 0.0 	 0.0 	 0.0 	 0.0 	 0.0 	 0.0 	 0.0 	 0.0 	 0.0 	 0.0 	 0.0 	 0.0 	 0.0 	 0.0 	 0.0 	 0.0 	 
1.4160000000000004 	 0.0 	 0.0 	 0.0 	 0.0 	 0.0 	 0.0 	 0.0 	 0.0 	 0.0 	 0.0 	 0.0 	 0.0 	 0.0 	 0.0 	 0.0 	 0.0 	 
1.4400000000000004 	 0.0 	 0.0 	 0.0 	 0.0 	 0.0 	 0.0 	 0.0 	 0.0 	 0.0 	 0.0 	 0.0 	 0.0 	 0.0 	 0.0 	 0.0 	 0.0 	 
1.4640000000000004 	 0.0 	 0.0 	 0.0 	 0.0 	 0.0 	 0.0 	 0.0 	 0.0 	 0.0 	 0.0 	 0.0 	 0.0 	 0.0 	 0.0 	 0.0 	 0.0 	 
1.4880000000000004 	 0.0 	 0.0 	 0.0 	 0.0 	 0.0 	 0.0 	 0.0 	 0.0 	 0.0 	 0.0 	 0.0 	 0.0 	 0.0 	 0.0 	 0.0 	 0.0 	 
1.5120000000000005 	 0.0 	 0.0 	 0.0 	 0.0 	 0.0 	 0.0 	 0.0 	 0.0 	 0.0 	 0.0 	 0.0 	 0.0 	 0.0 	 0.0 	 0.0 	 0.0 	 
1.5360000000000005 	 0.0 	 0.0 	 0.0 	 0.0 	 0.0 	 0.0 	 0.0 	 0.0 	 0.0 	 0.0 	 0.0 	 0.0 	 0.0 	 0.0 	 0.0 	 0.0 	 
1.5600000000000005 	 0.0 	 0.0 	 0.0 	 0.0 	 0.0 	 0.0 	 0.0 	 0.0 	 0.0 	 0.0 	 0.0 	 0.0 	 0.0 	 0.0 	 0.0 	 0.0 	 
1.5840000000000005 	 0.0 	 0.0 	 0.0 	 0.0 	 0.0 	 0.0 	 0.0 	 0.0 	 0.0 	 0.0 	 0.0 	 0.0 	 0.0 	 0.0 	 0.0 	 0.0 	 
1.6080000000000005 	 0.0 	 0.0 	 0.0 	 0.0 	 0.0 	 0.0 	 0.0 	 0.0 	 0.0 	 0.0 	 0.0 	 0.0 	 0.0 	 0.0 	 0.0 	 0.0 	 
1.6319999999999997 	 0.0 	 0.0 	 0.0 	 0.0 	 0.0 	 0.0 	 0.0 	 0.0 	 0.0 	 0.0 	 0.0 	 0.0 	 0.0 	 0.0 	 0.0 	 0.0 	 
1.6559999999999997 	 0.0 	 0.0 	 0.0 	 0.0 	 0.0 	 0.0 	 0.0 	 0.0 	 0.0 	 0.0 	 0.0 	 0.0 	 0.0 	 0.0 	 0.0 	 0.0 	 
1.6799999999999997 	 0.0 	 0.0 	 0.0 	 0.0 	 0.0 	 0.0 	 0.0 	 0.0 	 0.0 	 0.0 	 0.0 	 0.0 	 0.0 	 0.0 	 0.0 	 0.0 	 
1.7039999999999997 	 0.0 	 0.0 	 0.0 	 0.0 	 0.0 	 0.0 	 0.0 	 0.0 	 0.0 	 0.0 	 0.0 	 0.0 	 0.0 	 0.0 	 0.0 	 0.0 	 
1.7279999999999998 	 0.0 	 0.0 	 0.0 	 0.0 	 0.0 	 0.0 	 0.0 	 0.0 	 0.0 	 0.0 	 0.0 	 0.0 	 0.0 	 0.0 	 0.0 	 0.0 	 
1.7519999999999998 	 0.0 	 0.0 	 0.0 	 0.0 	 0.0 	 0.0 	 0.0 	 0.0 	 0.0 	 0.0 	 0.0 	 0.0 	 0.0 	 0.0 	 0.0 	 0.0 	 
1.7759999999999998 	 0.0 	 0.0 	 0.0 	 0.0 	 0.0 	 0.0 	 0.0 	 0.0 	 0.0 	 0.0 	 0.0 	 0.0 	 0.0 	 0.0 	 0.0 	 0.0 	 
1.7999999999999998 	 0.0 	 0.0 	 0.0 	 0.0 	 0.0 	 0.0 	 0.0 	 0.0 	 0.0 	 0.0 	 0.0 	 0.0 	 0.0 	 0.0 	 0.0 	 0.0 	 
1.8239999999999998 	 0.0 	 0.0 	 0.0 	 0.0 	 0.0 	 0.0 	 0.0 	 0.0 	 0.0 	 0.0 	 0.0 	 0.0 	 0.0 	 0.0 	 0.0 	 0.0 	 
1.8479999999999999 	 0.0 	 0.0 	 0.0 	 0.0 	 0.0 	 0.0 	 0.0 	 0.0 	 0.0 	 0.0 	 0.0 	 0.0 	 0.0 	 0.0 	 0.0 	 0.0 	 
1.8719999999999999 	 0.0 	 0.0 	 0.0 	 0.0 	 0.0 	 0.0 	 0.0 	 0.0 	 0.0 	 0.0 	 0.0 	 0.0 	 0.0 	 0.0 	 0.0 	 0.0 	 
1.896 	 0.0 	 0.0 	 0.0 	 0.0 	 0.0 	 0.0 	 0.0 	 0.0 	 0.0 	 0.0 	 0.0 	 0.0 	 0.0 	 0.0 	 0.0 	 0.0 	 
1.92 	 0.0 	 0.0 	 0.0 	 0.0 	 0.0 	 0.0 	 0.0 	 0.0 	 0.0 	 0.0 	 0.0 	 0.0 	 0.0 	 0.0 	 0.0 	 0.0 	 
1.944 	 0.0 	 0.0 	 0.0 	 0.0 	 0.0 	 0.0 	 0.0 	 0.0 	 0.0 	 0.0 	 0.0 	 0.0 	 0.0 	 0.0 	 0.0 	 0.0 	 
1.968 	 0.0 	 0.0 	 0.0 	 0.0 	 0.0 	 0.0 	 0.0 	 0.0 	 0.0 	 0.0 	 0.0 	 0.0 	 0.0 	 0.0 	 0.0 	 0.0 	 
1.992 	 0.0 	 0.0 	 0.0 	 0.0 	 0.0 	 0.0 	 0.0 	 0.0 	 0.0 	 0.0 	 0.0 	 0.0 	 0.0 	 0.0 	 0.0 	 0.0 	 
2.016 	 0.0 	 0.0 	 0.0 	 0.0 	 0.0 	 0.0 	 0.0 	 0.0 	 0.0 	 0.0 	 0.0 	 0.0 	 0.0 	 0.0 	 0.0 	 0.0 	 
2.04 	 0.0 	 0.0 	 0.0 	 0.0 	 0.0 	 0.0 	 0.0 	 0.0 	 0.0 	 0.0 	 0.0 	 0.0 	 0.0 	 0.0 	 0.0 	 0.0 	 
2.064 	 0.0 	 0.0 	 0.0 	 0.0 	 0.0 	 0.0 	 0.0 	 0.0 	 0.0 	 0.0 	 0.0 	 0.0 	 0.0 	 0.0 	 0.0 	 0.0 	 
2.088 	 0.0 	 0.0 	 0.0 	 0.0 	 0.0 	 0.0 	 0.0 	 0.0 	 0.0 	 0.0 	 0.0 	 0.0 	 0.0 	 0.0 	 0.0 	 0.0 	 
2.112 	 0.0 	 0.0 	 0.0 	 0.0 	 0.0 	 0.0 	 0.0 	 0.0 	 0.0 	 0.0 	 0.0 	 0.0 	 0.0 	 0.0 	 0.0 	 0.0 	 
2.136 	 0.0 	 0.0 	 0.0 	 0.0 	 0.0 	 0.0 	 0.0 	 0.0 	 0.0 	 0.0 	 0.0 	 0.0 	 0.0 	 0.0 	 0.0 	 0.0 	 
2.16 	 0.0 	 0.0 	 0.0 	 0.0 	 0.0 	 0.0 	 0.0 	 0.0 	 0.0 	 0.0 	 0.0 	 0.0 	 0.0 	 0.0 	 0.0 	 0.0 	 
2.184 	 0.0 	 0.0 	 0.0 	 0.0 	 0.0 	 0.0 	 0.0 	 0.0 	 0.0 	 0.0 	 0.0 	 0.0 	 0.0 	 0.0 	 0.0 	 0.0 	 
2.208 	 0.0 	 0.0 	 0.0 	 0.0 	 0.0 	 0.0 	 0.0 	 0.0 	 0.0 	 0.0 	 0.0 	 0.0 	 0.0 	 0.0 	 0.0 	 0.0 	 
2.232 	 0.0 	 0.0 	 0.0 	 0.0 	 0.0 	 0.0 	 0.0 	 0.0 	 0.0 	 0.0 	 0.0 	 0.0 	 0.0 	 0.0 	 0.0 	 0.0 	 
2.2560000000000002 	 0.0 	 0.0 	 0.0 	 0.0 	 0.0 	 0.0 	 0.0 	 0.0 	 0.0 	 0.0 	 0.0 	 0.0 	 0.0 	 0.0 	 0.0 	 0.0 	 
2.2800000000000002 	 0.0 	 0.0 	 0.0 	 0.0 	 0.0 	 0.0 	 0.0 	 0.0 	 0.0 	 0.0 	 0.0 	 0.0 	 0.0 	 0.0 	 0.0 	 0.0 	 
2.3040000000000003 	 0.0 	 0.0 	 0.0 	 0.0 	 0.0 	 0.0 	 0.0 	 0.0 	 0.0 	 0.0 	 0.0 	 0.0 	 0.0 	 0.0 	 0.0 	 0.0 	 
2.3280000000000003 	 0.0 	 0.0 	 0.0 	 0.0 	 0.0 	 0.0 	 0.0 	 0.0 	 0.0 	 0.0 	 0.0 	 0.0 	 0.0 	 0.0 	 0.0 	 0.0 	 
2.3520000000000003 	 0.0 	 0.0 	 0.0 	 0.0 	 0.0 	 0.0 	 0.0 	 0.0 	 0.0 	 0.0 	 0.0 	 0.0 	 0.0 	 0.0 	 0.0 	 0.0 	 
2.3760000000000003 	 0.0 	 0.0 	 0.0 	 0.0 	 0.0 	 0.0 	 0.0 	 0.0 	 0.0 	 0.0 	 0.0 	 0.0 	 0.0 	 0.0 	 0.0 	 0.0 	 
2.4000000000000004 	 0.0 	 0.0 	 0.0 	 0.0 	 0.0 	 0.0 	 0.0 	 0.0 	 0.0 	 0.0 	 0.0 	 0.0 	 0.0 	 0.0 	 0.0 	 0.0 	 
2.4240000000000004 	 0.0 	 0.0 	 0.0 	 0.0 	 0.0 	 0.0 	 0.0 	 0.0 	 0.0 	 0.0 	 0.0 	 0.0 	 0.0 	 0.0 	 0.0 	 0.0 	 
2.4480000000000004 	 0.0 	 0.0 	 0.0 	 0.0 	 0.0 	 0.0 	 0.0 	 0.0 	 0.0 	 0.0 	 0.0 	 0.0 	 0.0 	 0.0 	 0.0 	 0.0 	 
2.4720000000000004 	 0.0 	 0.0 	 0.0 	 0.0 	 0.0 	 0.0 	 0.0 	 0.0 	 0.0 	 0.0 	 0.0 	 0.0 	 0.0 	 0.0 	 0.0 	 0.0 	 
2.4960000000000004 	 0.0 	 0.0 	 0.0 	 0.0 	 0.0 	 0.0 	 0.0 	 0.0 	 0.0 	 0.0 	 0.0 	 0.0 	 0.0 	 0.0 	 0.0 	 0.0 	 
2.5200000000000005 	 0.0 	 0.0 	 0.0 	 0.0 	 0.0 	 0.0 	 0.0 	 0.0 	 0.0 	 0.0 	 0.0 	 0.0 	 0.0 	 0.0 	 0.0 	 0.0 	 
2.5440000000000005 	 0.0 	 0.0 	 0.0 	 0.0 	 0.0 	 0.0 	 0.0 	 0.0 	 0.0 	 0.0 	 0.0 	 0.0 	 0.0 	 0.0 	 0.0 	 0.0 	 
2.5680000000000005 	 0.0 	 0.0 	 0.0 	 0.0 	 0.0 	 0.0 	 0.0 	 0.0 	 0.0 	 0.0 	 0.0 	 0.0 	 0.0 	 0.0 	 0.0 	 0.0 	 
2.5920000000000005 	 0.0 	 0.0 	 0.0 	 0.0 	 0.0 	 0.0 	 0.0 	 0.0 	 0.0 	 0.0 	 0.0 	 0.0 	 0.0 	 0.0 	 0.0 	 0.0 	 
2.6160000000000005 	 0.0 	 0.0 	 0.0 	 0.0 	 0.0 	 0.0 	 0.0 	 0.0 	 0.0 	 0.0 	 0.0 	 0.0 	 0.0 	 0.0 	 0.0 	 0.0 	 
2.6399999999999997 	 0.0 	 0.0 	 0.0 	 0.0 	 0.0 	 0.0 	 0.0 	 0.0 	 0.0 	 0.0 	 0.0 	 0.0 	 0.0 	 0.0 	 0.0 	 0.0 	 
2.6639999999999997 	 0.0 	 0.0 	 0.0 	 0.0 	 0.0 	 0.0 	 0.0 	 0.0 	 0.0 	 0.0 	 0.0 	 0.0 	 0.0 	 0.0 	 0.0 	 0.0 	 
2.6879999999999997 	 0.0 	 0.0 	 0.0 	 0.0 	 0.0 	 0.0 	 0.0 	 0.0 	 0.0 	 0.0 	 0.0 	 0.0 	 0.0 	 0.0 	 0.0 	 0.0 	 
2.7119999999999997 	 0.0 	 0.0 	 0.0 	 0.0 	 0.0 	 0.0 	 0.0 	 0.0 	 0.0 	 0.0 	 0.0 	 0.0 	 0.0 	 0.0 	 0.0 	 0.0 	 
2.7359999999999998 	 0.0 	 0.0 	 0.0 	 0.0 	 0.0 	 0.0 	 0.0 	 0.0 	 0.0 	 0.0 	 0.0 	 0.0 	 0.0 	 0.0 	 0.0 	 0.0 	 
2.76 	 0.0 	 0.0 	 0.0 	 0.0 	 0.0 	 0.0 	 0.0 	 0.0 	 0.0 	 0.0 	 0.0 	 0.0 	 0.0 	 0.0 	 0.0 	 0.0 	 
2.784 	 0.0 	 0.0 	 0.0 	 0.0 	 0.0 	 0.0 	 0.0 	 0.0 	 0.0 	 0.0 	 0.0 	 0.0 	 0.0 	 0.0 	 0.0 	 0.0 	 
2.808 	 0.0 	 0.0 	 0.0 	 0.0 	 0.0 	 0.0 	 0.0 	 0.0 	 0.0 	 0.0 	 0.0 	 0.0 	 0.0 	 0.0 	 0.0 	 0.0 	 
2.832 	 0.0 	 0.0 	 0.0 	 0.0 	 0.0 	 0.0 	 0.0 	 0.0 	 0.0 	 0.0 	 0.0 	 0.0 	 0.0 	 0.0 	 0.0 	 0.0 	 
2.856 	 0.0 	 0.0 	 0.0 	 0.0 	 0.0 	 0.0 	 0.0 	 0.0 	 0.0 	 0.0 	 0.0 	 0.0 	 0.0 	 0.0 	 0.0 	 0.0 	 
2.88 	 0.0 	 0.0 	 0.0 	 0.0 	 0.0 	 0.0 	 0.0 	 0.0 	 0.0 	 0.0 	 0.0 	 0.0 	 0.0 	 0.0 	 0.0 	 0.0 	 
2.904 	 0.0 	 0.0 	 0.0 	 0.0 	 0.0 	 0.0 	 0.0 	 0.0 	 0.0 	 0.0 	 0.0 	 0.0 	 0.0 	 0.0 	 0.0 	 0.0 	 
2.928 	 0.0 	 0.0 	 0.0 	 0.0 	 0.0 	 0.0 	 0.0 	 0.0 	 0.0 	 0.0 	 0.0 	 0.0 	 0.0 	 0.0 	 0.0 	 0.0 	 
2.952 	 0.0 	 0.0 	 0.0 	 0.0 	 0.0 	 0.0 	 0.0 	 0.0 	 0.0 	 0.0 	 0.0 	 0.0 	 0.0 	 0.0 	 0.0 	 0.0 	 
2.976 	 0.0 	 0.0 	 0.0 	 0.0 	 0.0 	 0.0 	 0.0 	 0.0 	 0.0 	 0.0 	 0.0 	 0.0 	 0.0 	 0.0 	 0.0 	 0.0 	 
