-3.0 	 2.8628363172940845E-5 	 2.8628363172940845E-5 	 2.54736706911752E-6 	 2.54736706911752E-6 	 2.8628363172940845E-5 	 2.8628363172940845E-5 	 2.54736706911752E-6 	 2.54736706911752E-6 	 2.8628363172940845E-5 	 2.8628363172940845E-5 	 2.54736706911752E-6 	 2.54736706911752E-6 	 2.8628363172940845E-5 	 2.8628363172940845E-5 	 2.54736706911752E-6 	 2.54736706911752E-6 	 
-2.976 	 3.327824393531849E-5 	 3.327824393531849E-5 	 1.6690077167221071E-4 	 1.6690077167221071E-4 	 3.327824393531849E-5 	 3.327824393531849E-5 	 1.6690077167221071E-4 	 1.6690077167221071E-4 	 3.327824393531849E-5 	 3.327824393531849E-5 	 1.6690077167221071E-4 	 1.6690077167221071E-4 	 3.327824393531849E-5 	 3.327824393531849E-5 	 1.6690077167221071E-4 	 1.6690077167221071E-4 	 
-2.952 	 5.336568587296766E-6 	 5.336568587296766E-6 	 3.9039596110617796E-6 	 3.9039596110617796E-6 	 5.336568587296766E-6 	 5.336568587296766E-6 	 3.9039596110617796E-6 	 3.9039596110617796E-6 	 5.336568587296766E-6 	 5.336568587296766E-6 	 3.9039596110617796E-6 	 3.9039596110617796E-6 	 5.336568587296766E-6 	 5.336568587296766E-6 	 3.9039596110617796E-6 	 3.9039596110617796E-6 	 
-2.928 	 4.097429414612295E-5 	 4.097429414612295E-5 	 7.444902684987681E-6 	 7.444902684987681E-6 	 4.097429414612295E-5 	 4.097429414612295E-5 	 7.444902684987681E-6 	 7.444902684987681E-6 	 4.097429414612295E-5 	 4.097429414612295E-5 	 7.444902684987681E-6 	 7.444902684987681E-6 	 4.097429414612295E-5 	 4.097429414612295E-5 	 7.444902684987681E-6 	 7.444902684987681E-6 	 
-2.904 	 2.577561221792887E-5 	 2.577561221792887E-5 	 4.1329586001319576E-7 	 4.1329586001319576E-7 	 2.577561221792887E-5 	 2.577561221792887E-5 	 4.1329586001319576E-7 	 4.1329586001319576E-7 	 2.577561221792887E-5 	 2.577561221792887E-5 	 4.1329586001319576E-7 	 4.1329586001319576E-7 	 2.577561221792887E-5 	 2.577561221792887E-5 	 4.1329586001319576E-7 	 4.1329586001319576E-7 	 
-2.88 	 2.7428585040533683E-5 	 2.7428585040533683E-5 	 1.5645238996059E-4 	 1.5645238996059E-4 	 2.7428585040533683E-5 	 2.7428585040533683E-5 	 1.5645238996059E-4 	 1.5645238996059E-4 	 2.7428585040533683E-5 	 2.7428585040533683E-5 	 1.5645238996059E-4 	 1.5645238996059E-4 	 2.7428585040533683E-5 	 2.7428585040533683E-5 	 1.5645238996059E-4 	 1.5645238996059E-4 	 
-2.856 	 5.016012282661768E-5 	 5.016012282661768E-5 	 3.105518615202737E-7 	 3.105518615202737E-7 	 5.016012282661768E-5 	 5.016012282661768E-5 	 3.105518615202737E-7 	 3.105518615202737E-7 	 5.016012282661768E-5 	 5.016012282661768E-5 	 3.105518615202737E-7 	 3.105518615202737E-7 	 5.016012282661768E-5 	 5.016012282661768E-5 	 3.105518615202737E-7 	 3.105518615202737E-7 	 
-2.832 	 2.520192493875805E-5 	 2.520192493875805E-5 	 5.051946789368611E-6 	 5.051946789368611E-6 	 2.520192493875805E-5 	 2.520192493875805E-5 	 5.051946789368611E-6 	 5.051946789368611E-6 	 2.520192493875805E-5 	 2.520192493875805E-5 	 5.051946789368611E-6 	 5.051946789368611E-6 	 2.520192493875805E-5 	 2.520192493875805E-5 	 5.051946789368611E-6 	 5.051946789368611E-6 	 
-2.808 	 4.971712983587508E-5 	 4.971712983587508E-5 	 1.7432304218574827E-4 	 1.7432304218574827E-4 	 4.971712983587508E-5 	 4.971712983587508E-5 	 1.7432304218574827E-4 	 1.7432304218574827E-4 	 4.971712983587508E-5 	 4.971712983587508E-5 	 1.7432304218574827E-4 	 1.7432304218574827E-4 	 4.971712983587508E-5 	 4.971712983587508E-5 	 1.7432304218574827E-4 	 1.7432304218574827E-4 	 
-2.784 	 5.254074983267112E-5 	 5.254074983267112E-5 	 3.097556118479289E-7 	 3.097556118479289E-7 	 5.254074983267112E-5 	 5.254074983267112E-5 	 3.097556118479289E-7 	 3.097556118479289E-7 	 5.254074983267112E-5 	 5.254074983267112E-5 	 3.097556118479289E-7 	 3.097556118479289E-7 	 5.254074983267112E-5 	 5.254074983267112E-5 	 3.097556118479289E-7 	 3.097556118479289E-7 	 
-2.76 	 2.4264211494116714E-5 	 2.4264211494116714E-5 	 6.201291232107076E-6 	 6.201291232107076E-6 	 2.4264211494116714E-5 	 2.4264211494116714E-5 	 6.201291232107076E-6 	 6.201291232107076E-6 	 2.4264211494116714E-5 	 2.4264211494116714E-5 	 6.201291232107076E-6 	 6.201291232107076E-6 	 2.4264211494116714E-5 	 2.4264211494116714E-5 	 6.201291232107076E-6 	 6.201291232107076E-6 	 
-2.7359999999999998 	 5.53995155935916E-5 	 5.53995155935916E-5 	 1.6496083821470565E-4 	 1.6496083821470565E-4 	 5.53995155935916E-5 	 5.53995155935916E-5 	 1.6496083821470565E-4 	 1.6496083821470565E-4 	 5.53995155935916E-5 	 5.53995155935916E-5 	 1.6496083821470565E-4 	 1.6496083821470565E-4 	 5.53995155935916E-5 	 5.53995155935916E-5 	 1.6496083821470565E-4 	 1.6496083821470565E-4 	 
-2.7119999999999997 	 2.9905054325780676E-5 	 2.9905054325780676E-5 	 1.5778426232533416E-5 	 1.5778426232533416E-5 	 2.9905054325780676E-5 	 2.9905054325780676E-5 	 1.5778426232533416E-5 	 1.5778426232533416E-5 	 2.9905054325780676E-5 	 2.9905054325780676E-5 	 1.5778426232533416E-5 	 1.5778426232533416E-5 	 2.9905054325780676E-5 	 2.9905054325780676E-5 	 1.5778426232533416E-5 	 1.5778426232533416E-5 	 
-2.688 	 2.0173405932583085E-5 	 2.0173405932583085E-5 	 3.0230454562261915E-6 	 3.0230454562261915E-6 	 2.0173405932583085E-5 	 2.0173405932583085E-5 	 3.0230454562261915E-6 	 3.0230454562261915E-6 	 2.0173405932583085E-5 	 2.0173405932583085E-5 	 3.0230454562261915E-6 	 3.0230454562261915E-6 	 2.0173405932583085E-5 	 2.0173405932583085E-5 	 3.0230454562261915E-6 	 3.0230454562261915E-6 	 
-2.664 	 5.089425502088325E-5 	 5.089425502088325E-5 	 1.6985985362522862E-4 	 1.6985985362522862E-4 	 5.089425502088325E-5 	 5.089425502088325E-5 	 1.6985985362522862E-4 	 1.6985985362522862E-4 	 5.089425502088325E-5 	 5.089425502088325E-5 	 1.6985985362522862E-4 	 1.6985985362522862E-4 	 5.089425502088325E-5 	 5.089425502088325E-5 	 1.6985985362522862E-4 	 1.6985985362522862E-4 	 
-2.64 	 3.6370620935407664E-5 	 3.6370620935407664E-5 	 5.062187717431582E-6 	 5.062187717431582E-6 	 3.6370620935407664E-5 	 3.6370620935407664E-5 	 5.062187717431582E-6 	 5.062187717431582E-6 	 3.6370620935407664E-5 	 3.6370620935407664E-5 	 5.062187717431582E-6 	 5.062187717431582E-6 	 3.6370620935407664E-5 	 3.6370620935407664E-5 	 5.062187717431582E-6 	 5.062187717431582E-6 	 
-2.616 	 2.839543745670732E-5 	 2.839543745670732E-5 	 1.8266548307262093E-4 	 1.8266548307262093E-4 	 2.839543745670732E-5 	 2.839543745670732E-5 	 1.8266548307262093E-4 	 1.8266548307262093E-4 	 2.839543745670732E-5 	 2.839543745670732E-5 	 1.8266548307262093E-4 	 1.8266548307262093E-4 	 2.839543745670732E-5 	 2.839543745670732E-5 	 1.8266548307262093E-4 	 1.8266548307262093E-4 	 
-2.592 	 1.1959323827174843E-5 	 1.1959323827174843E-5 	 8.818539360385563E-5 	 8.818539360385563E-5 	 1.1959323827174843E-5 	 1.1959323827174843E-5 	 8.818539360385563E-5 	 8.818539360385563E-5 	 1.1959323827174843E-5 	 1.1959323827174843E-5 	 8.818539360385563E-5 	 8.818539360385563E-5 	 1.1959323827174843E-5 	 1.1959323827174843E-5 	 8.818539360385563E-5 	 8.818539360385563E-5 	 
-2.568 	 4.128625841371913E-5 	 4.128625841371913E-5 	 2.4790727782244545E-4 	 2.4790727782244545E-4 	 4.128625841371913E-5 	 4.128625841371913E-5 	 2.4790727782244545E-4 	 2.4790727782244545E-4 	 4.128625841371913E-5 	 4.128625841371913E-5 	 2.4790727782244545E-4 	 2.4790727782244545E-4 	 4.128625841371913E-5 	 4.128625841371913E-5 	 2.4790727782244545E-4 	 2.4790727782244545E-4 	 
-2.544 	 2.8190539596733817E-5 	 2.8190539596733817E-5 	 2.3160413574734736E-4 	 2.3160413574734736E-4 	 2.8190539596733817E-5 	 2.8190539596733817E-5 	 2.3160413574734736E-4 	 2.3160413574734736E-4 	 2.8190539596733817E-5 	 2.8190539596733817E-5 	 2.3160413574734736E-4 	 2.3160413574734736E-4 	 2.8190539596733817E-5 	 2.8190539596733817E-5 	 2.3160413574734736E-4 	 2.3160413574734736E-4 	 
-2.52 	 2.0279672717885588E-5 	 2.0279672717885588E-5 	 1.0211191150404257E-4 	 1.0211191150404257E-4 	 2.0279672717885588E-5 	 2.0279672717885588E-5 	 1.0211191150404257E-4 	 1.0211191150404257E-4 	 2.0279672717885588E-5 	 2.0279672717885588E-5 	 1.0211191150404257E-4 	 1.0211191150404257E-4 	 2.0279672717885588E-5 	 2.0279672717885588E-5 	 1.0211191150404257E-4 	 1.0211191150404257E-4 	 
-2.496 	 3.7247094383139885E-5 	 3.7247094383139885E-5 	 3.630733428208932E-4 	 3.630733428208932E-4 	 3.7247094383139885E-5 	 3.7247094383139885E-5 	 3.630733428208932E-4 	 3.630733428208932E-4 	 3.7247094383139885E-5 	 3.7247094383139885E-5 	 3.630733428208932E-4 	 3.630733428208932E-4 	 3.7247094383139885E-5 	 3.7247094383139885E-5 	 3.630733428208932E-4 	 3.630733428208932E-4 	 
-2.472 	 3.5543211206962044E-5 	 3.5543211206962044E-5 	 3.121867890937062E-4 	 3.121867890937062E-4 	 3.5543211206962044E-5 	 3.5543211206962044E-5 	 3.121867890937062E-4 	 3.121867890937062E-4 	 3.5543211206962044E-5 	 3.5543211206962044E-5 	 3.121867890937062E-4 	 3.121867890937062E-4 	 3.5543211206962044E-5 	 3.5543211206962044E-5 	 3.121867890937062E-4 	 3.121867890937062E-4 	 
-2.448 	 2.7780957058641544E-5 	 2.7780957058641544E-5 	 6.281884049666659E-5 	 6.281884049666659E-5 	 2.7780957058641544E-5 	 2.7780957058641544E-5 	 6.281884049666659E-5 	 6.281884049666659E-5 	 2.7780957058641544E-5 	 2.7780957058641544E-5 	 6.281884049666659E-5 	 6.281884049666659E-5 	 2.7780957058641544E-5 	 2.7780957058641544E-5 	 6.281884049666659E-5 	 6.281884049666659E-5 	 
-2.424 	 4.142704737420176E-5 	 4.142704737420176E-5 	 2.119939781749247E-4 	 2.119939781749247E-4 	 4.142704737420176E-5 	 4.142704737420176E-5 	 2.119939781749247E-4 	 2.119939781749247E-4 	 4.142704737420176E-5 	 4.142704737420176E-5 	 2.119939781749247E-4 	 2.119939781749247E-4 	 4.142704737420176E-5 	 4.142704737420176E-5 	 2.119939781749247E-4 	 2.119939781749247E-4 	 
-2.4 	 5.074747252955348E-5 	 5.074747252955348E-5 	 3.5046947732922585E-4 	 3.5046947732922585E-4 	 5.074747252955348E-5 	 5.074747252955348E-5 	 3.5046947732922585E-4 	 3.5046947732922585E-4 	 5.074747252955348E-5 	 5.074747252955348E-5 	 3.5046947732922585E-4 	 3.5046947732922585E-4 	 5.074747252955348E-5 	 5.074747252955348E-5 	 3.5046947732922585E-4 	 3.5046947732922585E-4 	 
-2.376 	 4.1019467136440235E-5 	 4.1019467136440235E-5 	 6.268201304692867E-4 	 6.268201304692867E-4 	 4.1019467136440235E-5 	 4.1019467136440235E-5 	 6.268201304692867E-4 	 6.268201304692867E-4 	 4.1019467136440235E-5 	 4.1019467136440235E-5 	 6.268201304692867E-4 	 6.268201304692867E-4 	 4.1019467136440235E-5 	 4.1019467136440235E-5 	 6.268201304692867E-4 	 6.268201304692867E-4 	 
-2.352 	 3.972036131063153E-5 	 3.972036131063153E-5 	 0.0010910690122204025 	 0.0010910690122204025 	 3.972036131063153E-5 	 3.972036131063153E-5 	 0.0010910690122204025 	 0.0010910690122204025 	 3.972036131063153E-5 	 3.972036131063153E-5 	 0.0010910690122204025 	 0.0010910690122204025 	 3.972036131063153E-5 	 3.972036131063153E-5 	 0.0010910690122204025 	 0.0010910690122204025 	 
-2.328 	 7.490896292607341E-5 	 7.490896292607341E-5 	 0.0017556191982029696 	 0.0017556191982029696 	 7.490896292607341E-5 	 7.490896292607341E-5 	 0.0017556191982029696 	 0.0017556191982029696 	 7.490896292607341E-5 	 7.490896292607341E-5 	 0.0017556191982029696 	 0.0017556191982029696 	 7.490896292607341E-5 	 7.490896292607341E-5 	 0.0017556191982029696 	 0.0017556191982029696 	 
-2.304 	 4.306494057219496E-5 	 4.306494057219496E-5 	 0.002881031181728581 	 0.002881031181728581 	 4.306494057219496E-5 	 4.306494057219496E-5 	 0.002881031181728581 	 0.002881031181728581 	 4.306494057219496E-5 	 4.306494057219496E-5 	 0.002881031181728581 	 0.002881031181728581 	 4.306494057219496E-5 	 4.306494057219496E-5 	 0.002881031181728581 	 0.002881031181728581 	 
-2.2800000000000002 	 4.163136221203311E-5 	 4.163136221203311E-5 	 0.005229204180747848 	 0.005229204180747848 	 4.163136221203311E-5 	 4.163136221203311E-5 	 0.005229204180747848 	 0.005229204180747848 	 4.163136221203311E-5 	 4.163136221203311E-5 	 0.005229204180747848 	 0.005229204180747848 	 4.163136221203311E-5 	 4.163136221203311E-5 	 0.005229204180747848 	 0.005229204180747848 	 
-2.2560000000000002 	 6.524856360689848E-5 	 6.524856360689848E-5 	 0.007085570343902394 	 0.007085570343902394 	 6.524856360689848E-5 	 6.524856360689848E-5 	 0.007085570343902394 	 0.007085570343902394 	 6.524856360689848E-5 	 6.524856360689848E-5 	 0.007085570343902394 	 0.007085570343902394 	 6.524856360689848E-5 	 6.524856360689848E-5 	 0.007085570343902394 	 0.007085570343902394 	 
-2.232 	 5.4472905596015016E-5 	 5.4472905596015016E-5 	 0.008911595320417983 	 0.008911595320417983 	 5.4472905596015016E-5 	 5.4472905596015016E-5 	 0.008911595320417983 	 0.008911595320417983 	 5.4472905596015016E-5 	 5.4472905596015016E-5 	 0.008911595320417983 	 0.008911595320417983 	 5.4472905596015016E-5 	 5.4472905596015016E-5 	 0.008911595320417983 	 0.008911595320417983 	 
-2.208 	 1.0002372944616629E-4 	 1.0002372944616629E-4 	 0.013554018945343358 	 0.013554018945343358 	 1.0002372944616629E-4 	 1.0002372944616629E-4 	 0.013554018945343358 	 0.013554018945343358 	 1.0002372944616629E-4 	 1.0002372944616629E-4 	 0.013554018945343358 	 0.013554018945343358 	 1.0002372944616629E-4 	 1.0002372944616629E-4 	 0.013554018945343358 	 0.013554018945343358 	 
-2.184 	 7.440707251807829E-5 	 7.440707251807829E-5 	 0.021895445440706648 	 0.021895445440706648 	 7.440707251807829E-5 	 7.440707251807829E-5 	 0.021895445440706648 	 0.021895445440706648 	 7.440707251807829E-5 	 7.440707251807829E-5 	 0.021895445440706648 	 0.021895445440706648 	 7.440707251807829E-5 	 7.440707251807829E-5 	 0.021895445440706648 	 0.021895445440706648 	 
-2.16 	 1.0061175805430665E-4 	 1.0061175805430665E-4 	 0.029516119150490783 	 0.029516119150490783 	 1.0061175805430665E-4 	 1.0061175805430665E-4 	 0.029516119150490783 	 0.029516119150490783 	 1.0061175805430665E-4 	 1.0061175805430665E-4 	 0.029516119150490783 	 0.029516119150490783 	 1.0061175805430665E-4 	 1.0061175805430665E-4 	 0.029516119150490783 	 0.029516119150490783 	 
-2.136 	 1.7093533255234532E-4 	 1.7093533255234532E-4 	 0.034533086077624515 	 0.034533086077624515 	 1.7093533255234532E-4 	 1.7093533255234532E-4 	 0.034533086077624515 	 0.034533086077624515 	 1.7093533255234532E-4 	 1.7093533255234532E-4 	 0.034533086077624515 	 0.034533086077624515 	 1.7093533255234532E-4 	 1.7093533255234532E-4 	 0.034533086077624515 	 0.034533086077624515 	 
-2.112 	 1.3480048947688299E-4 	 1.3480048947688299E-4 	 0.04314233175448664 	 0.04314233175448664 	 1.3480048947688299E-4 	 1.3480048947688299E-4 	 0.04314233175448664 	 0.04314233175448664 	 1.3480048947688299E-4 	 1.3480048947688299E-4 	 0.04314233175448664 	 0.04314233175448664 	 1.3480048947688299E-4 	 1.3480048947688299E-4 	 0.04314233175448664 	 0.04314233175448664 	 
-2.088 	 1.8211269338336115E-4 	 1.8211269338336115E-4 	 0.051990140063779305 	 0.051990140063779305 	 1.8211269338336115E-4 	 1.8211269338336115E-4 	 0.051990140063779305 	 0.051990140063779305 	 1.8211269338336115E-4 	 1.8211269338336115E-4 	 0.051990140063779305 	 0.051990140063779305 	 1.8211269338336115E-4 	 1.8211269338336115E-4 	 0.051990140063779305 	 0.051990140063779305 	 
-2.064 	 2.2422188114360728E-4 	 2.2422188114360728E-4 	 0.05695913030533541 	 0.05695913030533541 	 2.2422188114360728E-4 	 2.2422188114360728E-4 	 0.05695913030533541 	 0.05695913030533541 	 2.2422188114360728E-4 	 2.2422188114360728E-4 	 0.05695913030533541 	 0.05695913030533541 	 2.2422188114360728E-4 	 2.2422188114360728E-4 	 0.05695913030533541 	 0.05695913030533541 	 
-2.04 	 2.331070738489508E-4 	 2.331070738489508E-4 	 0.06018251262504627 	 0.06018251262504627 	 2.331070738489508E-4 	 2.331070738489508E-4 	 0.06018251262504627 	 0.06018251262504627 	 2.331070738489508E-4 	 2.331070738489508E-4 	 0.06018251262504627 	 0.06018251262504627 	 2.331070738489508E-4 	 2.331070738489508E-4 	 0.06018251262504627 	 0.06018251262504627 	 
-2.016 	 2.818082841323752E-4 	 2.818082841323752E-4 	 0.06351518681432328 	 0.06351518681432328 	 2.818082841323752E-4 	 2.818082841323752E-4 	 0.06351518681432328 	 0.06351518681432328 	 2.818082841323752E-4 	 2.818082841323752E-4 	 0.06351518681432328 	 0.06351518681432328 	 2.818082841323752E-4 	 2.818082841323752E-4 	 0.06351518681432328 	 0.06351518681432328 	 
-1.992 	 2.530742845103355E-4 	 2.530742845103355E-4 	 0.06357612233705773 	 0.06357612233705773 	 2.530742845103355E-4 	 2.530742845103355E-4 	 0.06357612233705773 	 0.06357612233705773 	 2.530742845103355E-4 	 2.530742845103355E-4 	 0.06357612233705773 	 0.06357612233705773 	 2.530742845103355E-4 	 2.530742845103355E-4 	 0.06357612233705773 	 0.06357612233705773 	 
-1.968 	 3.144351199659921E-4 	 3.144351199659921E-4 	 0.061554372886102486 	 0.061554372886102486 	 3.144351199659921E-4 	 3.144351199659921E-4 	 0.061554372886102486 	 0.061554372886102486 	 3.144351199659921E-4 	 3.144351199659921E-4 	 0.061554372886102486 	 0.061554372886102486 	 3.144351199659921E-4 	 3.144351199659921E-4 	 0.061554372886102486 	 0.061554372886102486 	 
-1.944 	 3.5989192908382825E-4 	 3.5989192908382825E-4 	 0.061252714476653744 	 0.061252714476653744 	 3.5989192908382825E-4 	 3.5989192908382825E-4 	 0.061252714476653744 	 0.061252714476653744 	 3.5989192908382825E-4 	 3.5989192908382825E-4 	 0.061252714476653744 	 0.061252714476653744 	 3.5989192908382825E-4 	 3.5989192908382825E-4 	 0.061252714476653744 	 0.061252714476653744 	 
-1.92 	 3.286299290494199E-4 	 3.286299290494199E-4 	 0.06010440938761567 	 0.06010440938761567 	 3.286299290494199E-4 	 3.286299290494199E-4 	 0.06010440938761567 	 0.06010440938761567 	 3.286299290494199E-4 	 3.286299290494199E-4 	 0.06010440938761567 	 0.06010440938761567 	 3.286299290494199E-4 	 3.286299290494199E-4 	 0.06010440938761567 	 0.06010440938761567 	 
-1.896 	 4.1110101511177764E-4 	 4.1110101511177764E-4 	 0.05524099997489607 	 0.05524099997489607 	 4.1110101511177764E-4 	 4.1110101511177764E-4 	 0.05524099997489607 	 0.05524099997489607 	 4.1110101511177764E-4 	 4.1110101511177764E-4 	 0.05524099997489607 	 0.05524099997489607 	 4.1110101511177764E-4 	 4.1110101511177764E-4 	 0.05524099997489607 	 0.05524099997489607 	 
-1.8719999999999999 	 3.763240690897472E-4 	 3.763240690897472E-4 	 0.04861104044985585 	 0.04861104044985585 	 3.763240690897472E-4 	 3.763240690897472E-4 	 0.04861104044985585 	 0.04861104044985585 	 3.763240690897472E-4 	 3.763240690897472E-4 	 0.04861104044985585 	 0.04861104044985585 	 3.763240690897472E-4 	 3.763240690897472E-4 	 0.04861104044985585 	 0.04861104044985585 	 
-1.8479999999999999 	 4.0223865134881085E-4 	 4.0223865134881085E-4 	 0.04270699308159291 	 0.04270699308159291 	 4.0223865134881085E-4 	 4.0223865134881085E-4 	 0.04270699308159291 	 0.04270699308159291 	 4.0223865134881085E-4 	 4.0223865134881085E-4 	 0.04270699308159291 	 0.04270699308159291 	 4.0223865134881085E-4 	 4.0223865134881085E-4 	 0.04270699308159291 	 0.04270699308159291 	 
-1.824 	 4.493571927605876E-4 	 4.493571927605876E-4 	 0.03478231572331053 	 0.03478231572331053 	 4.493571927605876E-4 	 4.493571927605876E-4 	 0.03478231572331053 	 0.03478231572331053 	 4.493571927605876E-4 	 4.493571927605876E-4 	 0.03478231572331053 	 0.03478231572331053 	 4.493571927605876E-4 	 4.493571927605876E-4 	 0.03478231572331053 	 0.03478231572331053 	 
-1.8 	 4.3301684753200165E-4 	 4.3301684753200165E-4 	 0.0283035205193317 	 0.0283035205193317 	 4.3301684753200165E-4 	 4.3301684753200165E-4 	 0.0283035205193317 	 0.0283035205193317 	 4.3301684753200165E-4 	 4.3301684753200165E-4 	 0.0283035205193317 	 0.0283035205193317 	 4.3301684753200165E-4 	 4.3301684753200165E-4 	 0.0283035205193317 	 0.0283035205193317 	 
-1.776 	 4.588080894442842E-4 	 4.588080894442842E-4 	 0.02424672004309349 	 0.02424672004309349 	 4.588080894442842E-4 	 4.588080894442842E-4 	 0.02424672004309349 	 0.02424672004309349 	 4.588080894442842E-4 	 4.588080894442842E-4 	 0.02424672004309349 	 0.02424672004309349 	 4.588080894442842E-4 	 4.588080894442842E-4 	 0.02424672004309349 	 0.02424672004309349 	 
-1.752 	 4.3584856501056385E-4 	 4.3584856501056385E-4 	 0.019181175268594555 	 0.019181175268594555 	 4.3584856501056385E-4 	 4.3584856501056385E-4 	 0.019181175268594555 	 0.019181175268594555 	 4.3584856501056385E-4 	 4.3584856501056385E-4 	 0.019181175268594555 	 0.019181175268594555 	 4.3584856501056385E-4 	 4.3584856501056385E-4 	 0.019181175268594555 	 0.019181175268594555 	 
-1.728 	 5.016370196212795E-4 	 5.016370196212795E-4 	 0.014752904021478011 	 0.014752904021478011 	 5.016370196212795E-4 	 5.016370196212795E-4 	 0.014752904021478011 	 0.014752904021478011 	 5.016370196212795E-4 	 5.016370196212795E-4 	 0.014752904021478011 	 0.014752904021478011 	 5.016370196212795E-4 	 5.016370196212795E-4 	 0.014752904021478011 	 0.014752904021478011 	 
-1.704 	 5.148536741969518E-4 	 5.148536741969518E-4 	 0.011236656772806265 	 0.011236656772806265 	 5.148536741969518E-4 	 5.148536741969518E-4 	 0.011236656772806265 	 0.011236656772806265 	 5.148536741969518E-4 	 5.148536741969518E-4 	 0.011236656772806265 	 0.011236656772806265 	 5.148536741969518E-4 	 5.148536741969518E-4 	 0.011236656772806265 	 0.011236656772806265 	 
-1.68 	 4.1778796296797714E-4 	 4.1778796296797714E-4 	 0.009091348764486825 	 0.009091348764486825 	 4.1778796296797714E-4 	 4.1778796296797714E-4 	 0.009091348764486825 	 0.009091348764486825 	 4.1778796296797714E-4 	 4.1778796296797714E-4 	 0.009091348764486825 	 0.009091348764486825 	 4.1778796296797714E-4 	 4.1778796296797714E-4 	 0.009091348764486825 	 0.009091348764486825 	 
-1.656 	 4.968703876615391E-4 	 4.968703876615391E-4 	 0.008073826913277465 	 0.008073826913277465 	 4.968703876615391E-4 	 4.968703876615391E-4 	 0.008073826913277465 	 0.008073826913277465 	 4.968703876615391E-4 	 4.968703876615391E-4 	 0.008073826913277465 	 0.008073826913277465 	 4.968703876615391E-4 	 4.968703876615391E-4 	 0.008073826913277465 	 0.008073826913277465 	 
-1.632 	 5.272689379984771E-4 	 5.272689379984771E-4 	 0.006690381748828875 	 0.006690381748828875 	 5.272689379984771E-4 	 5.272689379984771E-4 	 0.006690381748828875 	 0.006690381748828875 	 5.272689379984771E-4 	 5.272689379984771E-4 	 0.006690381748828875 	 0.006690381748828875 	 5.272689379984771E-4 	 5.272689379984771E-4 	 0.006690381748828875 	 0.006690381748828875 	 
-1.6079999999999999 	 4.98531313947976E-4 	 4.98531313947976E-4 	 0.005864848253165573 	 0.005864848253165573 	 4.98531313947976E-4 	 4.98531313947976E-4 	 0.005864848253165573 	 0.005864848253165573 	 4.98531313947976E-4 	 4.98531313947976E-4 	 0.005864848253165573 	 0.005864848253165573 	 4.98531313947976E-4 	 4.98531313947976E-4 	 0.005864848253165573 	 0.005864848253165573 	 
-1.584 	 5.373678442825607E-4 	 5.373678442825607E-4 	 0.005497411859473535 	 0.005497411859473535 	 5.373678442825607E-4 	 5.373678442825607E-4 	 0.005497411859473535 	 0.005497411859473535 	 5.373678442825607E-4 	 5.373678442825607E-4 	 0.005497411859473535 	 0.005497411859473535 	 5.373678442825607E-4 	 5.373678442825607E-4 	 0.005497411859473535 	 0.005497411859473535 	 
-1.56 	 5.060422708114074E-4 	 5.060422708114074E-4 	 0.004430358774240178 	 0.004430358774240178 	 5.060422708114074E-4 	 5.060422708114074E-4 	 0.004430358774240178 	 0.004430358774240178 	 5.060422708114074E-4 	 5.060422708114074E-4 	 0.004430358774240178 	 0.004430358774240178 	 5.060422708114074E-4 	 5.060422708114074E-4 	 0.004430358774240178 	 0.004430358774240178 	 
-1.536 	 5.806431287436182E-4 	 5.806431287436182E-4 	 0.003372099431693847 	 0.003372099431693847 	 5.806431287436182E-4 	 5.806431287436182E-4 	 0.003372099431693847 	 0.003372099431693847 	 5.806431287436182E-4 	 5.806431287436182E-4 	 0.003372099431693847 	 0.003372099431693847 	 5.806431287436182E-4 	 5.806431287436182E-4 	 0.003372099431693847 	 0.003372099431693847 	 
-1.512 	 5.888277342269967E-4 	 5.888277342269967E-4 	 0.0026808929923477203 	 0.0026808929923477203 	 5.888277342269967E-4 	 5.888277342269967E-4 	 0.0026808929923477203 	 0.0026808929923477203 	 5.888277342269967E-4 	 5.888277342269967E-4 	 0.0026808929923477203 	 0.0026808929923477203 	 5.888277342269967E-4 	 5.888277342269967E-4 	 0.0026808929923477203 	 0.0026808929923477203 	 
-1.488 	 5.732430692614111E-4 	 5.732430692614111E-4 	 0.0024499751620585195 	 0.0024499751620585195 	 5.732430692614111E-4 	 5.732430692614111E-4 	 0.0024499751620585195 	 0.0024499751620585195 	 5.732430692614111E-4 	 5.732430692614111E-4 	 0.0024499751620585195 	 0.0024499751620585195 	 5.732430692614111E-4 	 5.732430692614111E-4 	 0.0024499751620585195 	 0.0024499751620585195 	 
-1.464 	 6.611560579226868E-4 	 6.611560579226868E-4 	 0.002249583545505259 	 0.002249583545505259 	 6.611560579226868E-4 	 6.611560579226868E-4 	 0.002249583545505259 	 0.002249583545505259 	 6.611560579226868E-4 	 6.611560579226868E-4 	 0.002249583545505259 	 0.002249583545505259 	 6.611560579226868E-4 	 6.611560579226868E-4 	 0.002249583545505259 	 0.002249583545505259 	 
-1.44 	 6.275818122363714E-4 	 6.275818122363714E-4 	 0.0018607040284079053 	 0.0018607040284079053 	 6.275818122363714E-4 	 6.275818122363714E-4 	 0.0018607040284079053 	 0.0018607040284079053 	 6.275818122363714E-4 	 6.275818122363714E-4 	 0.0018607040284079053 	 0.0018607040284079053 	 6.275818122363714E-4 	 6.275818122363714E-4 	 0.0018607040284079053 	 0.0018607040284079053 	 
-1.416 	 6.552280898509088E-4 	 6.552280898509088E-4 	 0.0015561680957459595 	 0.0015561680957459595 	 6.552280898509088E-4 	 6.552280898509088E-4 	 0.0015561680957459595 	 0.0015561680957459595 	 6.552280898509088E-4 	 6.552280898509088E-4 	 0.0015561680957459595 	 0.0015561680957459595 	 6.552280898509088E-4 	 6.552280898509088E-4 	 0.0015561680957459595 	 0.0015561680957459595 	 
-1.392 	 7.05968002772352E-4 	 7.05968002772352E-4 	 0.0011293839100377386 	 0.0011293839100377386 	 7.05968002772352E-4 	 7.05968002772352E-4 	 0.0011293839100377386 	 0.0011293839100377386 	 7.05968002772352E-4 	 7.05968002772352E-4 	 0.0011293839100377386 	 0.0011293839100377386 	 7.05968002772352E-4 	 7.05968002772352E-4 	 0.0011293839100377386 	 0.0011293839100377386 	 
-1.3679999999999999 	 6.517071573397435E-4 	 6.517071573397435E-4 	 8.416897234665101E-4 	 8.416897234665101E-4 	 6.517071573397435E-4 	 6.517071573397435E-4 	 8.416897234665101E-4 	 8.416897234665101E-4 	 6.517071573397435E-4 	 6.517071573397435E-4 	 8.416897234665101E-4 	 8.416897234665101E-4 	 6.517071573397435E-4 	 6.517071573397435E-4 	 8.416897234665101E-4 	 8.416897234665101E-4 	 
-1.3439999999999999 	 6.553361352971776E-4 	 6.553361352971776E-4 	 9.394636890068248E-4 	 9.394636890068248E-4 	 6.553361352971776E-4 	 6.553361352971776E-4 	 9.394636890068248E-4 	 9.394636890068248E-4 	 6.553361352971776E-4 	 6.553361352971776E-4 	 9.394636890068248E-4 	 9.394636890068248E-4 	 6.553361352971776E-4 	 6.553361352971776E-4 	 9.394636890068248E-4 	 9.394636890068248E-4 	 
-1.32 	 6.809307835808757E-4 	 6.809307835808757E-4 	 8.891469458542741E-4 	 8.891469458542741E-4 	 6.809307835808757E-4 	 6.809307835808757E-4 	 8.891469458542741E-4 	 8.891469458542741E-4 	 6.809307835808757E-4 	 6.809307835808757E-4 	 8.891469458542741E-4 	 8.891469458542741E-4 	 6.809307835808757E-4 	 6.809307835808757E-4 	 8.891469458542741E-4 	 8.891469458542741E-4 	 
-1.296 	 7.364830052594808E-4 	 7.364830052594808E-4 	 7.154903474260923E-4 	 7.154903474260923E-4 	 7.364830052594808E-4 	 7.364830052594808E-4 	 7.154903474260923E-4 	 7.154903474260923E-4 	 7.364830052594808E-4 	 7.364830052594808E-4 	 7.154903474260923E-4 	 7.154903474260923E-4 	 7.364830052594808E-4 	 7.364830052594808E-4 	 7.154903474260923E-4 	 7.154903474260923E-4 	 
-1.272 	 7.064866347337639E-4 	 7.064866347337639E-4 	 6.095688317523572E-4 	 6.095688317523572E-4 	 7.064866347337639E-4 	 7.064866347337639E-4 	 6.095688317523572E-4 	 6.095688317523572E-4 	 7.064866347337639E-4 	 7.064866347337639E-4 	 6.095688317523572E-4 	 6.095688317523572E-4 	 7.064866347337639E-4 	 7.064866347337639E-4 	 6.095688317523572E-4 	 6.095688317523572E-4 	 
-1.248 	 6.821404727161105E-4 	 6.821404727161105E-4 	 5.52223405167294E-4 	 5.52223405167294E-4 	 6.821404727161105E-4 	 6.821404727161105E-4 	 5.52223405167294E-4 	 5.52223405167294E-4 	 6.821404727161105E-4 	 6.821404727161105E-4 	 5.52223405167294E-4 	 5.52223405167294E-4 	 6.821404727161105E-4 	 6.821404727161105E-4 	 5.52223405167294E-4 	 5.52223405167294E-4 	 
-1.224 	 8.428615255645405E-4 	 8.428615255645405E-4 	 3.9678130144962895E-4 	 3.9678130144962895E-4 	 8.428615255645405E-4 	 8.428615255645405E-4 	 3.9678130144962895E-4 	 3.9678130144962895E-4 	 8.428615255645405E-4 	 8.428615255645405E-4 	 3.9678130144962895E-4 	 3.9678130144962895E-4 	 8.428615255645405E-4 	 8.428615255645405E-4 	 3.9678130144962895E-4 	 3.9678130144962895E-4 	 
-1.2 	 7.73773659037153E-4 	 7.73773659037153E-4 	 2.83405126735247E-4 	 2.83405126735247E-4 	 7.73773659037153E-4 	 7.73773659037153E-4 	 2.83405126735247E-4 	 2.83405126735247E-4 	 7.73773659037153E-4 	 7.73773659037153E-4 	 2.83405126735247E-4 	 2.83405126735247E-4 	 7.73773659037153E-4 	 7.73773659037153E-4 	 2.83405126735247E-4 	 2.83405126735247E-4 	 
-1.176 	 7.205520892495569E-4 	 7.205520892495569E-4 	 2.811430444810546E-4 	 2.811430444810546E-4 	 7.205520892495569E-4 	 7.205520892495569E-4 	 2.811430444810546E-4 	 2.811430444810546E-4 	 7.205520892495569E-4 	 7.205520892495569E-4 	 2.811430444810546E-4 	 2.811430444810546E-4 	 7.205520892495569E-4 	 7.205520892495569E-4 	 2.811430444810546E-4 	 2.811430444810546E-4 	 
-1.152 	 8.373550737007684E-4 	 8.373550737007684E-4 	 1.986224807327884E-4 	 1.986224807327884E-4 	 8.373550737007684E-4 	 8.373550737007684E-4 	 1.986224807327884E-4 	 1.986224807327884E-4 	 8.373550737007684E-4 	 8.373550737007684E-4 	 1.986224807327884E-4 	 1.986224807327884E-4 	 8.373550737007684E-4 	 8.373550737007684E-4 	 1.986224807327884E-4 	 1.986224807327884E-4 	 
-1.128 	 8.589571872776639E-4 	 8.589571872776639E-4 	 1.2844220109744752E-4 	 1.2844220109744752E-4 	 8.589571872776639E-4 	 8.589571872776639E-4 	 1.2844220109744752E-4 	 1.2844220109744752E-4 	 8.589571872776639E-4 	 8.589571872776639E-4 	 1.2844220109744752E-4 	 1.2844220109744752E-4 	 8.589571872776639E-4 	 8.589571872776639E-4 	 1.2844220109744752E-4 	 1.2844220109744752E-4 	 
-1.1039999999999999 	 7.982252778747081E-4 	 7.982252778747081E-4 	 1.5573744174242078E-4 	 1.5573744174242078E-4 	 7.982252778747081E-4 	 7.982252778747081E-4 	 1.5573744174242078E-4 	 1.5573744174242078E-4 	 7.982252778747081E-4 	 7.982252778747081E-4 	 1.5573744174242078E-4 	 1.5573744174242078E-4 	 7.982252778747081E-4 	 7.982252778747081E-4 	 1.5573744174242078E-4 	 1.5573744174242078E-4 	 
-1.08 	 8.132687652827877E-4 	 8.132687652827877E-4 	 2.1580831617538704E-4 	 2.1580831617538704E-4 	 8.132687652827877E-4 	 8.132687652827877E-4 	 2.1580831617538704E-4 	 2.1580831617538704E-4 	 8.132687652827877E-4 	 8.132687652827877E-4 	 2.1580831617538704E-4 	 2.1580831617538704E-4 	 8.132687652827877E-4 	 8.132687652827877E-4 	 2.1580831617538704E-4 	 2.1580831617538704E-4 	 
-1.056 	 9.189788304047967E-4 	 9.189788304047967E-4 	 1.8521005331139734E-4 	 1.8521005331139734E-4 	 9.189788304047967E-4 	 9.189788304047967E-4 	 1.8521005331139734E-4 	 1.8521005331139734E-4 	 9.189788304047967E-4 	 9.189788304047967E-4 	 1.8521005331139734E-4 	 1.8521005331139734E-4 	 9.189788304047967E-4 	 9.189788304047967E-4 	 1.8521005331139734E-4 	 1.8521005331139734E-4 	 
-1.032 	 8.660136339314874E-4 	 8.660136339314874E-4 	 1.7531866970221091E-4 	 1.7531866970221091E-4 	 8.660136339314874E-4 	 8.660136339314874E-4 	 1.7531866970221091E-4 	 1.7531866970221091E-4 	 8.660136339314874E-4 	 8.660136339314874E-4 	 1.7531866970221091E-4 	 1.7531866970221091E-4 	 8.660136339314874E-4 	 8.660136339314874E-4 	 1.7531866970221091E-4 	 1.7531866970221091E-4 	 
-1.008 	 8.501264935174459E-4 	 8.501264935174459E-4 	 1.5055554979262993E-4 	 1.5055554979262993E-4 	 8.501264935174459E-4 	 8.501264935174459E-4 	 1.5055554979262993E-4 	 1.5055554979262993E-4 	 8.501264935174459E-4 	 8.501264935174459E-4 	 1.5055554979262993E-4 	 1.5055554979262993E-4 	 8.501264935174459E-4 	 8.501264935174459E-4 	 1.5055554979262993E-4 	 1.5055554979262993E-4 	 
-0.984 	 9.275721810611394E-4 	 9.275721810611394E-4 	 9.521151965848082E-5 	 9.521151965848082E-5 	 9.275721810611394E-4 	 9.275721810611394E-4 	 9.521151965848082E-5 	 9.521151965848082E-5 	 9.275721810611394E-4 	 9.275721810611394E-4 	 9.521151965848082E-5 	 9.521151965848082E-5 	 9.275721810611394E-4 	 9.275721810611394E-4 	 9.521151965848082E-5 	 9.521151965848082E-5 	 
-0.96 	 9.920601421136977E-4 	 9.920601421136977E-4 	 6.938530504759828E-5 	 6.938530504759828E-5 	 9.920601421136977E-4 	 9.920601421136977E-4 	 6.938530504759828E-5 	 6.938530504759828E-5 	 9.920601421136977E-4 	 9.920601421136977E-4 	 6.938530504759828E-5 	 6.938530504759828E-5 	 9.920601421136977E-4 	 9.920601421136977E-4 	 6.938530504759828E-5 	 6.938530504759828E-5 	 
-0.9359999999999999 	 9.074203537204122E-4 	 9.074203537204122E-4 	 4.60760380878974E-5 	 4.60760380878974E-5 	 9.074203537204122E-4 	 9.074203537204122E-4 	 4.60760380878974E-5 	 4.60760380878974E-5 	 9.074203537204122E-4 	 9.074203537204122E-4 	 4.60760380878974E-5 	 4.60760380878974E-5 	 9.074203537204122E-4 	 9.074203537204122E-4 	 4.60760380878974E-5 	 4.60760380878974E-5 	 
-0.9119999999999999 	 9.655211393651903E-4 	 9.655211393651903E-4 	 4.888646668231373E-5 	 4.888646668231373E-5 	 9.655211393651903E-4 	 9.655211393651903E-4 	 4.888646668231373E-5 	 4.888646668231373E-5 	 9.655211393651903E-4 	 9.655211393651903E-4 	 4.888646668231373E-5 	 4.888646668231373E-5 	 9.655211393651903E-4 	 9.655211393651903E-4 	 4.888646668231373E-5 	 4.888646668231373E-5 	 
-0.8879999999999999 	 0.0011727698921722564 	 0.0011727698921722564 	 5.0087524741246945E-5 	 5.0087524741246945E-5 	 0.0011727698921722564 	 0.0011727698921722564 	 5.0087524741246945E-5 	 5.0087524741246945E-5 	 0.0011727698921722564 	 0.0011727698921722564 	 5.0087524741246945E-5 	 5.0087524741246945E-5 	 0.0011727698921722564 	 0.0011727698921722564 	 5.0087524741246945E-5 	 5.0087524741246945E-5 	 
-0.8639999999999999 	 0.001092968589324708 	 0.001092968589324708 	 4.066630602044388E-5 	 4.066630602044388E-5 	 0.001092968589324708 	 0.001092968589324708 	 4.066630602044388E-5 	 4.066630602044388E-5 	 0.001092968589324708 	 0.001092968589324708 	 4.066630602044388E-5 	 4.066630602044388E-5 	 0.001092968589324708 	 0.001092968589324708 	 4.066630602044388E-5 	 4.066630602044388E-5 	 
-0.8399999999999999 	 0.0011129052416177208 	 0.0011129052416177208 	 4.4886152560199794E-5 	 4.4886152560199794E-5 	 0.0011129052416177208 	 0.0011129052416177208 	 4.4886152560199794E-5 	 4.4886152560199794E-5 	 0.0011129052416177208 	 0.0011129052416177208 	 4.4886152560199794E-5 	 4.4886152560199794E-5 	 0.0011129052416177208 	 0.0011129052416177208 	 4.4886152560199794E-5 	 4.4886152560199794E-5 	 
-0.8159999999999998 	 0.0012663843593187965 	 0.0012663843593187965 	 4.496986466994991E-5 	 4.496986466994991E-5 	 0.0012663843593187965 	 0.0012663843593187965 	 4.496986466994991E-5 	 4.496986466994991E-5 	 0.0012663843593187965 	 0.0012663843593187965 	 4.496986466994991E-5 	 4.496986466994991E-5 	 0.0012663843593187965 	 0.0012663843593187965 	 4.496986466994991E-5 	 4.496986466994991E-5 	 
-0.7919999999999998 	 0.0013686957391596385 	 0.0013686957391596385 	 5.073649518595181E-5 	 5.073649518595181E-5 	 0.0013686957391596385 	 0.0013686957391596385 	 5.073649518595181E-5 	 5.073649518595181E-5 	 0.0013686957391596385 	 0.0013686957391596385 	 5.073649518595181E-5 	 5.073649518595181E-5 	 0.0013686957391596385 	 0.0013686957391596385 	 5.073649518595181E-5 	 5.073649518595181E-5 	 
-0.7679999999999998 	 0.0012607870968334397 	 0.0012607870968334397 	 5.061684788846629E-5 	 5.061684788846629E-5 	 0.0012607870968334397 	 0.0012607870968334397 	 5.061684788846629E-5 	 5.061684788846629E-5 	 0.0012607870968334397 	 0.0012607870968334397 	 5.061684788846629E-5 	 5.061684788846629E-5 	 0.0012607870968334397 	 0.0012607870968334397 	 5.061684788846629E-5 	 5.061684788846629E-5 	 
-0.7439999999999998 	 0.001295895554068321 	 0.001295895554068321 	 4.4301843533474145E-5 	 4.4301843533474145E-5 	 0.001295895554068321 	 0.001295895554068321 	 4.4301843533474145E-5 	 4.4301843533474145E-5 	 0.001295895554068321 	 0.001295895554068321 	 4.4301843533474145E-5 	 4.4301843533474145E-5 	 0.001295895554068321 	 0.001295895554068321 	 4.4301843533474145E-5 	 4.4301843533474145E-5 	 
-0.7199999999999998 	 0.0015210564210390168 	 0.0015210564210390168 	 5.288053642679546E-5 	 5.288053642679546E-5 	 0.0015210564210390168 	 0.0015210564210390168 	 5.288053642679546E-5 	 5.288053642679546E-5 	 0.0015210564210390168 	 0.0015210564210390168 	 5.288053642679546E-5 	 5.288053642679546E-5 	 0.0015210564210390168 	 0.0015210564210390168 	 5.288053642679546E-5 	 5.288053642679546E-5 	 
-0.6959999999999997 	 0.0015187237256717048 	 0.0015187237256717048 	 6.512690647840688E-5 	 6.512690647840688E-5 	 0.0015187237256717048 	 0.0015187237256717048 	 6.512690647840688E-5 	 6.512690647840688E-5 	 0.0015187237256717048 	 0.0015187237256717048 	 6.512690647840688E-5 	 6.512690647840688E-5 	 0.0015187237256717048 	 0.0015187237256717048 	 6.512690647840688E-5 	 6.512690647840688E-5 	 
-0.6720000000000002 	 0.0014845671149792204 	 0.0014845671149792204 	 4.883143967498115E-5 	 4.883143967498115E-5 	 0.0014845671149792204 	 0.0014845671149792204 	 4.883143967498115E-5 	 4.883143967498115E-5 	 0.0014845671149792204 	 0.0014845671149792204 	 4.883143967498115E-5 	 4.883143967498115E-5 	 0.0014845671149792204 	 0.0014845671149792204 	 4.883143967498115E-5 	 4.883143967498115E-5 	 
-0.6480000000000001 	 0.0015816592623181186 	 0.0015816592623181186 	 4.649029199392679E-5 	 4.649029199392679E-5 	 0.0015816592623181186 	 0.0015816592623181186 	 4.649029199392679E-5 	 4.649029199392679E-5 	 0.0015816592623181186 	 0.0015816592623181186 	 4.649029199392679E-5 	 4.649029199392679E-5 	 0.0015816592623181186 	 0.0015816592623181186 	 4.649029199392679E-5 	 4.649029199392679E-5 	 
-0.6240000000000001 	 0.0018113987645483182 	 0.0018113987645483182 	 4.627704579099662E-5 	 4.627704579099662E-5 	 0.0018113987645483182 	 0.0018113987645483182 	 4.627704579099662E-5 	 4.627704579099662E-5 	 0.0018113987645483182 	 0.0018113987645483182 	 4.627704579099662E-5 	 4.627704579099662E-5 	 0.0018113987645483182 	 0.0018113987645483182 	 4.627704579099662E-5 	 4.627704579099662E-5 	 
-0.6000000000000001 	 0.001663129855934263 	 0.001663129855934263 	 3.7573133092449484E-5 	 3.7573133092449484E-5 	 0.001663129855934263 	 0.001663129855934263 	 3.7573133092449484E-5 	 3.7573133092449484E-5 	 0.001663129855934263 	 0.001663129855934263 	 3.7573133092449484E-5 	 3.7573133092449484E-5 	 0.001663129855934263 	 0.001663129855934263 	 3.7573133092449484E-5 	 3.7573133092449484E-5 	 
-0.5760000000000001 	 0.0016817618096887817 	 0.0016817618096887817 	 4.127914789899936E-5 	 4.127914789899936E-5 	 0.0016817618096887817 	 0.0016817618096887817 	 4.127914789899936E-5 	 4.127914789899936E-5 	 0.0016817618096887817 	 0.0016817618096887817 	 4.127914789899936E-5 	 4.127914789899936E-5 	 0.0016817618096887817 	 0.0016817618096887817 	 4.127914789899936E-5 	 4.127914789899936E-5 	 
-0.552 	 0.0019521667463650255 	 0.0019521667463650255 	 3.792908403467958E-5 	 3.792908403467958E-5 	 0.0019521667463650255 	 0.0019521667463650255 	 3.792908403467958E-5 	 3.792908403467958E-5 	 0.0019521667463650255 	 0.0019521667463650255 	 3.792908403467958E-5 	 3.792908403467958E-5 	 0.0019521667463650255 	 0.0019521667463650255 	 3.792908403467958E-5 	 3.792908403467958E-5 	 
-0.528 	 0.0019734854342745426 	 0.0019734854342745426 	 3.390112378021666E-5 	 3.390112378021666E-5 	 0.0019734854342745426 	 0.0019734854342745426 	 3.390112378021666E-5 	 3.390112378021666E-5 	 0.0019734854342745426 	 0.0019734854342745426 	 3.390112378021666E-5 	 3.390112378021666E-5 	 0.0019734854342745426 	 0.0019734854342745426 	 3.390112378021666E-5 	 3.390112378021666E-5 	 
-0.504 	 0.0019237377404107072 	 0.0019237377404107072 	 2.8050043073529922E-5 	 2.8050043073529922E-5 	 0.0019237377404107072 	 0.0019237377404107072 	 2.8050043073529922E-5 	 2.8050043073529922E-5 	 0.0019237377404107072 	 0.0019237377404107072 	 2.8050043073529922E-5 	 2.8050043073529922E-5 	 0.0019237377404107072 	 0.0019237377404107072 	 2.8050043073529922E-5 	 2.8050043073529922E-5 	 
-0.48 	 0.0020185018810309377 	 0.0020185018810309377 	 2.8177180489970637E-5 	 2.8177180489970637E-5 	 0.0020185018810309377 	 0.0020185018810309377 	 2.8177180489970637E-5 	 2.8177180489970637E-5 	 0.0020185018810309377 	 0.0020185018810309377 	 2.8177180489970637E-5 	 2.8177180489970637E-5 	 0.0020185018810309377 	 0.0020185018810309377 	 2.8177180489970637E-5 	 2.8177180489970637E-5 	 
-0.45599999999999996 	 0.0022954005063093646 	 0.0022954005063093646 	 3.931296220110733E-5 	 3.931296220110733E-5 	 0.0022954005063093646 	 0.0022954005063093646 	 3.931296220110733E-5 	 3.931296220110733E-5 	 0.0022954005063093646 	 0.0022954005063093646 	 3.931296220110733E-5 	 3.931296220110733E-5 	 0.0022954005063093646 	 0.0022954005063093646 	 3.931296220110733E-5 	 3.931296220110733E-5 	 
-0.43199999999999994 	 0.0022147718439240035 	 0.0022147718439240035 	 2.429321922592968E-5 	 2.429321922592968E-5 	 0.0022147718439240035 	 0.0022147718439240035 	 2.429321922592968E-5 	 2.429321922592968E-5 	 0.0022147718439240035 	 0.0022147718439240035 	 2.429321922592968E-5 	 2.429321922592968E-5 	 0.0022147718439240035 	 0.0022147718439240035 	 2.429321922592968E-5 	 2.429321922592968E-5 	 
-0.4079999999999999 	 0.002261836474984365 	 0.002261836474984365 	 3.184793936491105E-5 	 3.184793936491105E-5 	 0.002261836474984365 	 0.002261836474984365 	 3.184793936491105E-5 	 3.184793936491105E-5 	 0.002261836474984365 	 0.002261836474984365 	 3.184793936491105E-5 	 3.184793936491105E-5 	 0.002261836474984365 	 0.002261836474984365 	 3.184793936491105E-5 	 3.184793936491105E-5 	 
-0.3839999999999999 	 0.0026581719095738247 	 0.0026581719095738247 	 2.9931197629453515E-5 	 2.9931197629453515E-5 	 0.0026581719095738247 	 0.0026581719095738247 	 2.9931197629453515E-5 	 2.9931197629453515E-5 	 0.0026581719095738247 	 0.0026581719095738247 	 2.9931197629453515E-5 	 2.9931197629453515E-5 	 0.0026581719095738247 	 0.0026581719095738247 	 2.9931197629453515E-5 	 2.9931197629453515E-5 	 
-0.3599999999999999 	 0.002659287096869265 	 0.002659287096869265 	 2.521534301603642E-5 	 2.521534301603642E-5 	 0.002659287096869265 	 0.002659287096869265 	 2.521534301603642E-5 	 2.521534301603642E-5 	 0.002659287096869265 	 0.002659287096869265 	 2.521534301603642E-5 	 2.521534301603642E-5 	 0.002659287096869265 	 0.002659287096869265 	 2.521534301603642E-5 	 2.521534301603642E-5 	 
-0.33599999999999985 	 0.002531481849756155 	 0.002531481849756155 	 2.3287975219013568E-5 	 2.3287975219013568E-5 	 0.002531481849756155 	 0.002531481849756155 	 2.3287975219013568E-5 	 2.3287975219013568E-5 	 0.002531481849756155 	 0.002531481849756155 	 2.3287975219013568E-5 	 2.3287975219013568E-5 	 0.002531481849756155 	 0.002531481849756155 	 2.3287975219013568E-5 	 2.3287975219013568E-5 	 
-0.31199999999999983 	 0.0029158109204253033 	 0.0029158109204253033 	 2.5299132885370997E-5 	 2.5299132885370997E-5 	 0.0029158109204253033 	 0.0029158109204253033 	 2.5299132885370997E-5 	 2.5299132885370997E-5 	 0.0029158109204253033 	 0.0029158109204253033 	 2.5299132885370997E-5 	 2.5299132885370997E-5 	 0.0029158109204253033 	 0.0029158109204253033 	 2.5299132885370997E-5 	 2.5299132885370997E-5 	 
-0.2879999999999998 	 0.0031429144642632694 	 0.0031429144642632694 	 3.296754613415253E-5 	 3.296754613415253E-5 	 0.0031429144642632694 	 0.0031429144642632694 	 3.296754613415253E-5 	 3.296754613415253E-5 	 0.0031429144642632694 	 0.0031429144642632694 	 3.296754613415253E-5 	 3.296754613415253E-5 	 0.0031429144642632694 	 0.0031429144642632694 	 3.296754613415253E-5 	 3.296754613415253E-5 	 
-0.2639999999999998 	 0.0030723768218919273 	 0.0030723768218919273 	 2.8961526174815503E-5 	 2.8961526174815503E-5 	 0.0030723768218919273 	 0.0030723768218919273 	 2.8961526174815503E-5 	 2.8961526174815503E-5 	 0.0030723768218919273 	 0.0030723768218919273 	 2.8961526174815503E-5 	 2.8961526174815503E-5 	 0.0030723768218919273 	 0.0030723768218919273 	 2.8961526174815503E-5 	 2.8961526174815503E-5 	 
-0.23999999999999977 	 0.0033776667020090382 	 0.0033776667020090382 	 3.306687517227998E-5 	 3.306687517227998E-5 	 0.0033776667020090382 	 0.0033776667020090382 	 3.306687517227998E-5 	 3.306687517227998E-5 	 0.0033776667020090382 	 0.0033776667020090382 	 3.306687517227998E-5 	 3.306687517227998E-5 	 0.0033776667020090382 	 0.0033776667020090382 	 3.306687517227998E-5 	 3.306687517227998E-5 	 
-0.21599999999999975 	 0.0039483198894288704 	 0.0039483198894288704 	 3.98107382069656E-5 	 3.98107382069656E-5 	 0.0039483198894288704 	 0.0039483198894288704 	 3.98107382069656E-5 	 3.98107382069656E-5 	 0.0039483198894288704 	 0.0039483198894288704 	 3.98107382069656E-5 	 3.98107382069656E-5 	 0.0039483198894288704 	 0.0039483198894288704 	 3.98107382069656E-5 	 3.98107382069656E-5 	 
-0.19199999999999973 	 0.004107540138669484 	 0.004107540138669484 	 3.798802950884222E-5 	 3.798802950884222E-5 	 0.004107540138669484 	 0.004107540138669484 	 3.798802950884222E-5 	 3.798802950884222E-5 	 0.004107540138669484 	 0.004107540138669484 	 3.798802950884222E-5 	 3.798802950884222E-5 	 0.004107540138669484 	 0.004107540138669484 	 3.798802950884222E-5 	 3.798802950884222E-5 	 
-0.16800000000000015 	 0.004194690828563802 	 0.004194690828563802 	 3.9102430366435515E-5 	 3.9102430366435515E-5 	 0.004194690828563802 	 0.004194690828563802 	 3.9102430366435515E-5 	 3.9102430366435515E-5 	 0.004194690828563802 	 0.004194690828563802 	 3.9102430366435515E-5 	 3.9102430366435515E-5 	 0.004194690828563802 	 0.004194690828563802 	 3.9102430366435515E-5 	 3.9102430366435515E-5 	 
-0.14400000000000013 	 0.005167555175507263 	 0.005167555175507263 	 4.401973071759333E-5 	 4.401973071759333E-5 	 0.005167555175507263 	 0.005167555175507263 	 4.401973071759333E-5 	 4.401973071759333E-5 	 0.005167555175507263 	 0.005167555175507263 	 4.401973071759333E-5 	 4.401973071759333E-5 	 0.005167555175507263 	 0.005167555175507263 	 4.401973071759333E-5 	 4.401973071759333E-5 	 
-0.1200000000000001 	 0.005745607100348439 	 0.005745607100348439 	 4.276481262324401E-5 	 4.276481262324401E-5 	 0.005745607100348439 	 0.005745607100348439 	 4.276481262324401E-5 	 4.276481262324401E-5 	 0.005745607100348439 	 0.005745607100348439 	 4.276481262324401E-5 	 4.276481262324401E-5 	 0.005745607100348439 	 0.005745607100348439 	 4.276481262324401E-5 	 4.276481262324401E-5 	 
-0.09600000000000009 	 0.005962901724768221 	 0.005962901724768221 	 3.582017321470377E-5 	 3.582017321470377E-5 	 0.005962901724768221 	 0.005962901724768221 	 3.582017321470377E-5 	 3.582017321470377E-5 	 0.005962901724768221 	 0.005962901724768221 	 3.582017321470377E-5 	 3.582017321470377E-5 	 0.005962901724768221 	 0.005962901724768221 	 3.582017321470377E-5 	 3.582017321470377E-5 	 
-0.07200000000000006 	 0.006736461497066673 	 0.006736461497066673 	 3.4565036094184226E-5 	 3.4565036094184226E-5 	 0.006736461497066673 	 0.006736461497066673 	 3.4565036094184226E-5 	 3.4565036094184226E-5 	 0.006736461497066673 	 0.006736461497066673 	 3.4565036094184226E-5 	 3.4565036094184226E-5 	 0.006736461497066673 	 0.006736461497066673 	 3.4565036094184226E-5 	 3.4565036094184226E-5 	 
-0.04800000000000004 	 0.0075628504483714895 	 0.0075628504483714895 	 3.808915991171712E-5 	 3.808915991171712E-5 	 0.0075628504483714895 	 0.0075628504483714895 	 3.808915991171712E-5 	 3.808915991171712E-5 	 0.0075628504483714895 	 0.0075628504483714895 	 3.808915991171712E-5 	 3.808915991171712E-5 	 0.0075628504483714895 	 0.0075628504483714895 	 3.808915991171712E-5 	 3.808915991171712E-5 	 
-0.02400000000000002 	 0.008446225931618534 	 0.008446225931618534 	 3.396141153184227E-5 	 3.396141153184227E-5 	 0.008446225931618534 	 0.008446225931618534 	 3.396141153184227E-5 	 3.396141153184227E-5 	 0.008446225931618534 	 0.008446225931618534 	 3.396141153184227E-5 	 3.396141153184227E-5 	 0.008446225931618534 	 0.008446225931618534 	 3.396141153184227E-5 	 3.396141153184227E-5 	 
0.0 	 0.008994854866972166 	 0.008994854866972166 	 3.204929285183713E-5 	 3.204929285183713E-5 	 0.008994854866972166 	 0.008994854866972166 	 3.204929285183713E-5 	 3.204929285183713E-5 	 0.008994854866972166 	 0.008994854866972166 	 3.204929285183713E-5 	 3.204929285183713E-5 	 0.008994854866972166 	 0.008994854866972166 	 3.204929285183713E-5 	 3.204929285183713E-5 	 
0.02400000000000002 	 0.009647781041345898 	 0.009647781041345898 	 3.407516387076417E-5 	 3.407516387076417E-5 	 0.009647781041345898 	 0.009647781041345898 	 3.407516387076417E-5 	 3.407516387076417E-5 	 0.009647781041345898 	 0.009647781041345898 	 3.407516387076417E-5 	 3.407516387076417E-5 	 0.009647781041345898 	 0.009647781041345898 	 3.407516387076417E-5 	 3.407516387076417E-5 	 
0.04800000000000004 	 0.011174617124982428 	 0.011174617124982428 	 3.523090466367897E-5 	 3.523090466367897E-5 	 0.011174617124982428 	 0.011174617124982428 	 3.523090466367897E-5 	 3.523090466367897E-5 	 0.011174617124982428 	 0.011174617124982428 	 3.523090466367897E-5 	 3.523090466367897E-5 	 0.011174617124982428 	 0.011174617124982428 	 3.523090466367897E-5 	 3.523090466367897E-5 	 
0.07200000000000006 	 0.011862075614437834 	 0.011862075614437834 	 3.495105492001095E-5 	 3.495105492001095E-5 	 0.011862075614437834 	 0.011862075614437834 	 3.495105492001095E-5 	 3.495105492001095E-5 	 0.011862075614437834 	 0.011862075614437834 	 3.495105492001095E-5 	 3.495105492001095E-5 	 0.011862075614437834 	 0.011862075614437834 	 3.495105492001095E-5 	 3.495105492001095E-5 	 
0.09600000000000009 	 0.01275409445523854 	 0.01275409445523854 	 3.441954671052842E-5 	 3.441954671052842E-5 	 0.01275409445523854 	 0.01275409445523854 	 3.441954671052842E-5 	 3.441954671052842E-5 	 0.01275409445523854 	 0.01275409445523854 	 3.441954671052842E-5 	 3.441954671052842E-5 	 0.01275409445523854 	 0.01275409445523854 	 3.441954671052842E-5 	 3.441954671052842E-5 	 
0.1200000000000001 	 0.014542544576979732 	 0.014542544576979732 	 4.070816020173305E-5 	 4.070816020173305E-5 	 0.014542544576979732 	 0.014542544576979732 	 4.070816020173305E-5 	 4.070816020173305E-5 	 0.014542544576979732 	 0.014542544576979732 	 4.070816020173305E-5 	 4.070816020173305E-5 	 0.014542544576979732 	 0.014542544576979732 	 4.070816020173305E-5 	 4.070816020173305E-5 	 
0.14400000000000013 	 0.016222322386960808 	 0.016222322386960808 	 4.7360209202648464E-5 	 4.7360209202648464E-5 	 0.016222322386960808 	 0.016222322386960808 	 4.7360209202648464E-5 	 4.7360209202648464E-5 	 0.016222322386960808 	 0.016222322386960808 	 4.7360209202648464E-5 	 4.7360209202648464E-5 	 0.016222322386960808 	 0.016222322386960808 	 4.7360209202648464E-5 	 4.7360209202648464E-5 	 
0.16800000000000015 	 0.018043788540094155 	 0.018043788540094155 	 5.1535832378408496E-5 	 5.1535832378408496E-5 	 0.018043788540094155 	 0.018043788540094155 	 5.1535832378408496E-5 	 5.1535832378408496E-5 	 0.018043788540094155 	 0.018043788540094155 	 5.1535832378408496E-5 	 5.1535832378408496E-5 	 0.018043788540094155 	 0.018043788540094155 	 5.1535832378408496E-5 	 5.1535832378408496E-5 	 
0.19200000000000017 	 0.01960694076231128 	 0.01960694076231128 	 5.5746369827944166E-5 	 5.5746369827944166E-5 	 0.01960694076231128 	 0.01960694076231128 	 5.5746369827944166E-5 	 5.5746369827944166E-5 	 0.01960694076231128 	 0.01960694076231128 	 5.5746369827944166E-5 	 5.5746369827944166E-5 	 0.01960694076231128 	 0.01960694076231128 	 5.5746369827944166E-5 	 5.5746369827944166E-5 	 
0.2160000000000002 	 0.02233629432512832 	 0.02233629432512832 	 6.724419658997445E-5 	 6.724419658997445E-5 	 0.02233629432512832 	 0.02233629432512832 	 6.724419658997445E-5 	 6.724419658997445E-5 	 0.02233629432512832 	 0.02233629432512832 	 6.724419658997445E-5 	 6.724419658997445E-5 	 0.02233629432512832 	 0.02233629432512832 	 6.724419658997445E-5 	 6.724419658997445E-5 	 
0.2400000000000002 	 0.025074738828880175 	 0.025074738828880175 	 8.097672766429738E-5 	 8.097672766429738E-5 	 0.025074738828880175 	 0.025074738828880175 	 8.097672766429738E-5 	 8.097672766429738E-5 	 0.025074738828880175 	 0.025074738828880175 	 8.097672766429738E-5 	 8.097672766429738E-5 	 0.025074738828880175 	 0.025074738828880175 	 8.097672766429738E-5 	 8.097672766429738E-5 	 
0.26400000000000023 	 0.026618064809501688 	 0.026618064809501688 	 8.585713742456577E-5 	 8.585713742456577E-5 	 0.026618064809501688 	 0.026618064809501688 	 8.585713742456577E-5 	 8.585713742456577E-5 	 0.026618064809501688 	 0.026618064809501688 	 8.585713742456577E-5 	 8.585713742456577E-5 	 0.026618064809501688 	 0.026618064809501688 	 8.585713742456577E-5 	 8.585713742456577E-5 	 
0.28800000000000026 	 0.030094088721399764 	 0.030094088721399764 	 1.0503903217780263E-4 	 1.0503903217780263E-4 	 0.030094088721399764 	 0.030094088721399764 	 1.0503903217780263E-4 	 1.0503903217780263E-4 	 0.030094088721399764 	 0.030094088721399764 	 1.0503903217780263E-4 	 1.0503903217780263E-4 	 0.030094088721399764 	 0.030094088721399764 	 1.0503903217780263E-4 	 1.0503903217780263E-4 	 
0.3120000000000003 	 0.03320788909265008 	 0.03320788909265008 	 1.2757168518241657E-4 	 1.2757168518241657E-4 	 0.03320788909265008 	 0.03320788909265008 	 1.2757168518241657E-4 	 1.2757168518241657E-4 	 0.03320788909265008 	 0.03320788909265008 	 1.2757168518241657E-4 	 1.2757168518241657E-4 	 0.03320788909265008 	 0.03320788909265008 	 1.2757168518241657E-4 	 1.2757168518241657E-4 	 
0.33599999999999985 	 0.03464058795480116 	 0.03464058795480116 	 1.2856526061046436E-4 	 1.2856526061046436E-4 	 0.03464058795480116 	 0.03464058795480116 	 1.2856526061046436E-4 	 1.2856526061046436E-4 	 0.03464058795480116 	 0.03464058795480116 	 1.2856526061046436E-4 	 1.2856526061046436E-4 	 0.03464058795480116 	 0.03464058795480116 	 1.2856526061046436E-4 	 1.2856526061046436E-4 	 
0.3599999999999999 	 0.038547718047029604 	 0.038547718047029604 	 1.45617516001078E-4 	 1.45617516001078E-4 	 0.038547718047029604 	 0.038547718047029604 	 1.45617516001078E-4 	 1.45617516001078E-4 	 0.038547718047029604 	 0.038547718047029604 	 1.45617516001078E-4 	 1.45617516001078E-4 	 0.038547718047029604 	 0.038547718047029604 	 1.45617516001078E-4 	 1.45617516001078E-4 	 
0.3839999999999999 	 0.04108424179075798 	 0.04108424179075798 	 1.8002480248170124E-4 	 1.8002480248170124E-4 	 0.04108424179075798 	 0.04108424179075798 	 1.8002480248170124E-4 	 1.8002480248170124E-4 	 0.04108424179075798 	 0.04108424179075798 	 1.8002480248170124E-4 	 1.8002480248170124E-4 	 0.04108424179075798 	 0.04108424179075798 	 1.8002480248170124E-4 	 1.8002480248170124E-4 	 
0.4079999999999999 	 0.041542336699810965 	 0.041542336699810965 	 2.213624953497886E-4 	 2.213624953497886E-4 	 0.041542336699810965 	 0.041542336699810965 	 2.213624953497886E-4 	 2.213624953497886E-4 	 0.041542336699810965 	 0.041542336699810965 	 2.213624953497886E-4 	 2.213624953497886E-4 	 0.041542336699810965 	 0.041542336699810965 	 2.213624953497886E-4 	 2.213624953497886E-4 	 
0.43199999999999994 	 0.042759846915011904 	 0.042759846915011904 	 2.2655339968613935E-4 	 2.2655339968613935E-4 	 0.042759846915011904 	 0.042759846915011904 	 2.2655339968613935E-4 	 2.2655339968613935E-4 	 0.042759846915011904 	 0.042759846915011904 	 2.2655339968613935E-4 	 2.2655339968613935E-4 	 0.042759846915011904 	 0.042759846915011904 	 2.2655339968613935E-4 	 2.2655339968613935E-4 	 
0.45599999999999996 	 0.04318287626984387 	 0.04318287626984387 	 2.3291224960848725E-4 	 2.3291224960848725E-4 	 0.04318287626984387 	 0.04318287626984387 	 2.3291224960848725E-4 	 2.3291224960848725E-4 	 0.04318287626984387 	 0.04318287626984387 	 2.3291224960848725E-4 	 2.3291224960848725E-4 	 0.04318287626984387 	 0.04318287626984387 	 2.3291224960848725E-4 	 2.3291224960848725E-4 	 
0.48 	 0.04220511258334957 	 0.04220511258334957 	 2.777719093250432E-4 	 2.777719093250432E-4 	 0.04220511258334957 	 0.04220511258334957 	 2.777719093250432E-4 	 2.777719093250432E-4 	 0.04220511258334957 	 0.04220511258334957 	 2.777719093250432E-4 	 2.777719093250432E-4 	 0.04220511258334957 	 0.04220511258334957 	 2.777719093250432E-4 	 2.777719093250432E-4 	 
0.504 	 0.039881134208791864 	 0.039881134208791864 	 2.7833878904578427E-4 	 2.7833878904578427E-4 	 0.039881134208791864 	 0.039881134208791864 	 2.7833878904578427E-4 	 2.7833878904578427E-4 	 0.039881134208791864 	 0.039881134208791864 	 2.7833878904578427E-4 	 2.7833878904578427E-4 	 0.039881134208791864 	 0.039881134208791864 	 2.7833878904578427E-4 	 2.7833878904578427E-4 	 
0.528 	 0.037869164047731795 	 0.037869164047731795 	 2.738010949781369E-4 	 2.738010949781369E-4 	 0.037869164047731795 	 0.037869164047731795 	 2.738010949781369E-4 	 2.738010949781369E-4 	 0.037869164047731795 	 0.037869164047731795 	 2.738010949781369E-4 	 2.738010949781369E-4 	 0.037869164047731795 	 0.037869164047731795 	 2.738010949781369E-4 	 2.738010949781369E-4 	 
0.552 	 0.03566192616052862 	 0.03566192616052862 	 2.7802932504300445E-4 	 2.7802932504300445E-4 	 0.03566192616052862 	 0.03566192616052862 	 2.7802932504300445E-4 	 2.7802932504300445E-4 	 0.03566192616052862 	 0.03566192616052862 	 2.7802932504300445E-4 	 2.7802932504300445E-4 	 0.03566192616052862 	 0.03566192616052862 	 2.7802932504300445E-4 	 2.7802932504300445E-4 	 
0.5760000000000001 	 0.03163053465607796 	 0.03163053465607796 	 2.766369248476649E-4 	 2.766369248476649E-4 	 0.03163053465607796 	 0.03163053465607796 	 2.766369248476649E-4 	 2.766369248476649E-4 	 0.03163053465607796 	 0.03163053465607796 	 2.766369248476649E-4 	 2.766369248476649E-4 	 0.03163053465607796 	 0.03163053465607796 	 2.766369248476649E-4 	 2.766369248476649E-4 	 
0.6000000000000001 	 0.028620146990095366 	 0.028620146990095366 	 2.436363864522935E-4 	 2.436363864522935E-4 	 0.028620146990095366 	 0.028620146990095366 	 2.436363864522935E-4 	 2.436363864522935E-4 	 0.028620146990095366 	 0.028620146990095366 	 2.436363864522935E-4 	 2.436363864522935E-4 	 0.028620146990095366 	 0.028620146990095366 	 2.436363864522935E-4 	 2.436363864522935E-4 	 
0.6240000000000001 	 0.025977273776735213 	 0.025977273776735213 	 2.3275669899046502E-4 	 2.3275669899046502E-4 	 0.025977273776735213 	 0.025977273776735213 	 2.3275669899046502E-4 	 2.3275669899046502E-4 	 0.025977273776735213 	 0.025977273776735213 	 2.3275669899046502E-4 	 2.3275669899046502E-4 	 0.025977273776735213 	 0.025977273776735213 	 2.3275669899046502E-4 	 2.3275669899046502E-4 	 
0.6480000000000001 	 0.02124264959683048 	 0.02124264959683048 	 2.2971438589588743E-4 	 2.2971438589588743E-4 	 0.02124264959683048 	 0.02124264959683048 	 2.2971438589588743E-4 	 2.2971438589588743E-4 	 0.02124264959683048 	 0.02124264959683048 	 2.2971438589588743E-4 	 2.2971438589588743E-4 	 0.02124264959683048 	 0.02124264959683048 	 2.2971438589588743E-4 	 2.2971438589588743E-4 	 
0.6720000000000002 	 0.017964341302342493 	 0.017964341302342493 	 2.0480914698015322E-4 	 2.0480914698015322E-4 	 0.017964341302342493 	 0.017964341302342493 	 2.0480914698015322E-4 	 2.0480914698015322E-4 	 0.017964341302342493 	 0.017964341302342493 	 2.0480914698015322E-4 	 2.0480914698015322E-4 	 0.017964341302342493 	 0.017964341302342493 	 2.0480914698015322E-4 	 2.0480914698015322E-4 	 
0.6960000000000002 	 0.015005220029249672 	 0.015005220029249672 	 1.6928218208970078E-4 	 1.6928218208970078E-4 	 0.015005220029249672 	 0.015005220029249672 	 1.6928218208970078E-4 	 1.6928218208970078E-4 	 0.015005220029249672 	 0.015005220029249672 	 1.6928218208970078E-4 	 1.6928218208970078E-4 	 0.015005220029249672 	 0.015005220029249672 	 1.6928218208970078E-4 	 1.6928218208970078E-4 	 
0.7200000000000002 	 0.011380949971574824 	 0.011380949971574824 	 1.4599287666074257E-4 	 1.4599287666074257E-4 	 0.011380949971574824 	 0.011380949971574824 	 1.4599287666074257E-4 	 1.4599287666074257E-4 	 0.011380949971574824 	 0.011380949971574824 	 1.4599287666074257E-4 	 1.4599287666074257E-4 	 0.011380949971574824 	 0.011380949971574824 	 1.4599287666074257E-4 	 1.4599287666074257E-4 	 
0.7440000000000002 	 0.009593350067966133 	 0.009593350067966133 	 1.235970868774999E-4 	 1.235970868774999E-4 	 0.009593350067966133 	 0.009593350067966133 	 1.235970868774999E-4 	 1.235970868774999E-4 	 0.009593350067966133 	 0.009593350067966133 	 1.235970868774999E-4 	 1.235970868774999E-4 	 0.009593350067966133 	 0.009593350067966133 	 1.235970868774999E-4 	 1.235970868774999E-4 	 
0.7680000000000002 	 0.00747447350491173 	 0.00747447350491173 	 8.172775262756696E-5 	 8.172775262756696E-5 	 0.00747447350491173 	 0.00747447350491173 	 8.172775262756696E-5 	 8.172775262756696E-5 	 0.00747447350491173 	 0.00747447350491173 	 8.172775262756696E-5 	 8.172775262756696E-5 	 0.00747447350491173 	 0.00747447350491173 	 8.172775262756696E-5 	 8.172775262756696E-5 	 
0.7920000000000003 	 0.00591125434842649 	 0.00591125434842649 	 7.77574112832494E-5 	 7.77574112832494E-5 	 0.00591125434842649 	 0.00591125434842649 	 7.77574112832494E-5 	 7.77574112832494E-5 	 0.00591125434842649 	 0.00591125434842649 	 7.77574112832494E-5 	 7.77574112832494E-5 	 0.00591125434842649 	 0.00591125434842649 	 7.77574112832494E-5 	 7.77574112832494E-5 	 
0.8160000000000003 	 0.00483651986692797 	 0.00483651986692797 	 6.352592242479547E-5 	 6.352592242479547E-5 	 0.00483651986692797 	 0.00483651986692797 	 6.352592242479547E-5 	 6.352592242479547E-5 	 0.00483651986692797 	 0.00483651986692797 	 6.352592242479547E-5 	 6.352592242479547E-5 	 0.00483651986692797 	 0.00483651986692797 	 6.352592242479547E-5 	 6.352592242479547E-5 	 
0.8399999999999999 	 0.003662052561984308 	 0.003662052561984308 	 4.212715020392655E-5 	 4.212715020392655E-5 	 0.003662052561984308 	 0.003662052561984308 	 4.212715020392655E-5 	 4.212715020392655E-5 	 0.003662052561984308 	 0.003662052561984308 	 4.212715020392655E-5 	 4.212715020392655E-5 	 0.003662052561984308 	 0.003662052561984308 	 4.212715020392655E-5 	 4.212715020392655E-5 	 
0.8639999999999999 	 0.003228390263150672 	 0.003228390263150672 	 3.5114604929129266E-5 	 3.5114604929129266E-5 	 0.003228390263150672 	 0.003228390263150672 	 3.5114604929129266E-5 	 3.5114604929129266E-5 	 0.003228390263150672 	 0.003228390263150672 	 3.5114604929129266E-5 	 3.5114604929129266E-5 	 0.003228390263150672 	 0.003228390263150672 	 3.5114604929129266E-5 	 3.5114604929129266E-5 	 
0.8879999999999999 	 0.002905114597311006 	 0.002905114597311006 	 2.5420737394591965E-5 	 2.5420737394591965E-5 	 0.002905114597311006 	 0.002905114597311006 	 2.5420737394591965E-5 	 2.5420737394591965E-5 	 0.002905114597311006 	 0.002905114597311006 	 2.5420737394591965E-5 	 2.5420737394591965E-5 	 0.002905114597311006 	 0.002905114597311006 	 2.5420737394591965E-5 	 2.5420737394591965E-5 	 
0.9119999999999999 	 0.002304826084945616 	 0.002304826084945616 	 2.495660804792521E-5 	 2.495660804792521E-5 	 0.002304826084945616 	 0.002304826084945616 	 2.495660804792521E-5 	 2.495660804792521E-5 	 0.002304826084945616 	 0.002304826084945616 	 2.495660804792521E-5 	 2.495660804792521E-5 	 0.002304826084945616 	 0.002304826084945616 	 2.495660804792521E-5 	 2.495660804792521E-5 	 
0.9359999999999999 	 0.0020836065296474192 	 0.0020836065296474192 	 2.1965967307103185E-5 	 2.1965967307103185E-5 	 0.0020836065296474192 	 0.0020836065296474192 	 2.1965967307103185E-5 	 2.1965967307103185E-5 	 0.0020836065296474192 	 0.0020836065296474192 	 2.1965967307103185E-5 	 2.1965967307103185E-5 	 0.0020836065296474192 	 0.0020836065296474192 	 2.1965967307103185E-5 	 2.1965967307103185E-5 	 
0.96 	 0.0017143123031003198 	 0.0017143123031003198 	 1.546898115091547E-5 	 1.546898115091547E-5 	 0.0017143123031003198 	 0.0017143123031003198 	 1.546898115091547E-5 	 1.546898115091547E-5 	 0.0017143123031003198 	 0.0017143123031003198 	 1.546898115091547E-5 	 1.546898115091547E-5 	 0.0017143123031003198 	 0.0017143123031003198 	 1.546898115091547E-5 	 1.546898115091547E-5 	 
0.984 	 0.0014632614003353393 	 0.0014632614003353393 	 1.799557744414089E-5 	 1.799557744414089E-5 	 0.0014632614003353393 	 0.0014632614003353393 	 1.799557744414089E-5 	 1.799557744414089E-5 	 0.0014632614003353393 	 0.0014632614003353393 	 1.799557744414089E-5 	 1.799557744414089E-5 	 0.0014632614003353393 	 0.0014632614003353393 	 1.799557744414089E-5 	 1.799557744414089E-5 	 
1.008 	 0.0011398255542511612 	 0.0011398255542511612 	 1.5984588793875128E-5 	 1.5984588793875128E-5 	 0.0011398255542511612 	 0.0011398255542511612 	 1.5984588793875128E-5 	 1.5984588793875128E-5 	 0.0011398255542511612 	 0.0011398255542511612 	 1.5984588793875128E-5 	 1.5984588793875128E-5 	 0.0011398255542511612 	 0.0011398255542511612 	 1.5984588793875128E-5 	 1.5984588793875128E-5 	 
1.032 	 8.887175763149165E-4 	 8.887175763149165E-4 	 8.456375230664997E-6 	 8.456375230664997E-6 	 8.887175763149165E-4 	 8.887175763149165E-4 	 8.456375230664997E-6 	 8.456375230664997E-6 	 8.887175763149165E-4 	 8.887175763149165E-4 	 8.456375230664997E-6 	 8.456375230664997E-6 	 8.887175763149165E-4 	 8.887175763149165E-4 	 8.456375230664997E-6 	 8.456375230664997E-6 	 
1.056 	 8.936832343306159E-4 	 8.936832343306159E-4 	 8.507938420322659E-6 	 8.507938420322659E-6 	 8.936832343306159E-4 	 8.936832343306159E-4 	 8.507938420322659E-6 	 8.507938420322659E-6 	 8.936832343306159E-4 	 8.936832343306159E-4 	 8.507938420322659E-6 	 8.507938420322659E-6 	 8.936832343306159E-4 	 8.936832343306159E-4 	 8.507938420322659E-6 	 8.507938420322659E-6 	 
1.08 	 7.261747889670205E-4 	 7.261747889670205E-4 	 5.82664043131577E-6 	 5.82664043131577E-6 	 7.261747889670205E-4 	 7.261747889670205E-4 	 5.82664043131577E-6 	 5.82664043131577E-6 	 7.261747889670205E-4 	 7.261747889670205E-4 	 5.82664043131577E-6 	 5.82664043131577E-6 	 7.261747889670205E-4 	 7.261747889670205E-4 	 5.82664043131577E-6 	 5.82664043131577E-6 	 
1.104 	 5.557179425612835E-4 	 5.557179425612835E-4 	 7.734478448649254E-6 	 7.734478448649254E-6 	 5.557179425612835E-4 	 5.557179425612835E-4 	 7.734478448649254E-6 	 7.734478448649254E-6 	 5.557179425612835E-4 	 5.557179425612835E-4 	 7.734478448649254E-6 	 7.734478448649254E-6 	 5.557179425612835E-4 	 5.557179425612835E-4 	 7.734478448649254E-6 	 7.734478448649254E-6 	 
1.1280000000000001 	 5.213933078559687E-4 	 5.213933078559687E-4 	 5.311020661547634E-6 	 5.311020661547634E-6 	 5.213933078559687E-4 	 5.213933078559687E-4 	 5.311020661547634E-6 	 5.311020661547634E-6 	 5.213933078559687E-4 	 5.213933078559687E-4 	 5.311020661547634E-6 	 5.311020661547634E-6 	 5.213933078559687E-4 	 5.213933078559687E-4 	 5.311020661547634E-6 	 5.311020661547634E-6 	 
1.1520000000000001 	 3.9581140202195493E-4 	 3.9581140202195493E-4 	 5.1047679029169865E-6 	 5.1047679029169865E-6 	 3.9581140202195493E-4 	 3.9581140202195493E-4 	 5.1047679029169865E-6 	 5.1047679029169865E-6 	 3.9581140202195493E-4 	 3.9581140202195493E-4 	 5.1047679029169865E-6 	 5.1047679029169865E-6 	 3.9581140202195493E-4 	 3.9581140202195493E-4 	 5.1047679029169865E-6 	 5.1047679029169865E-6 	 
1.1760000000000002 	 3.065793036037553E-4 	 3.065793036037553E-4 	 3.5062968967209953E-6 	 3.5062968967209953E-6 	 3.065793036037553E-4 	 3.065793036037553E-4 	 3.5062968967209953E-6 	 3.5062968967209953E-6 	 3.065793036037553E-4 	 3.065793036037553E-4 	 3.5062968967209953E-6 	 3.5062968967209953E-6 	 3.065793036037553E-4 	 3.065793036037553E-4 	 3.5062968967209953E-6 	 3.5062968967209953E-6 	 
1.2000000000000002 	 3.303629724988428E-4 	 3.303629724988428E-4 	 1.907850144141963E-6 	 1.907850144141963E-6 	 3.303629724988428E-4 	 3.303629724988428E-4 	 1.907850144141963E-6 	 1.907850144141963E-6 	 3.303629724988428E-4 	 3.303629724988428E-4 	 1.907850144141963E-6 	 1.907850144141963E-6 	 3.303629724988428E-4 	 3.303629724988428E-4 	 1.907850144141963E-6 	 1.907850144141963E-6 	 
1.2240000000000002 	 2.951509628156317E-4 	 2.951509628156317E-4 	 2.1656539656217913E-6 	 2.1656539656217913E-6 	 2.951509628156317E-4 	 2.951509628156317E-4 	 2.1656539656217913E-6 	 2.1656539656217913E-6 	 2.951509628156317E-4 	 2.951509628156317E-4 	 2.1656539656217913E-6 	 2.1656539656217913E-6 	 2.951509628156317E-4 	 2.951509628156317E-4 	 2.1656539656217913E-6 	 2.1656539656217913E-6 	 
1.2480000000000002 	 2.2256803813249906E-4 	 2.2256803813249906E-4 	 3.867239224324627E-6 	 3.867239224324627E-6 	 2.2256803813249906E-4 	 2.2256803813249906E-4 	 3.867239224324627E-6 	 3.867239224324627E-6 	 2.2256803813249906E-4 	 2.2256803813249906E-4 	 3.867239224324627E-6 	 3.867239224324627E-6 	 2.2256803813249906E-4 	 2.2256803813249906E-4 	 3.867239224324627E-6 	 3.867239224324627E-6 	 
1.2720000000000002 	 1.6605795981149222E-4 	 1.6605795981149222E-4 	 1.7015852587028362E-6 	 1.7015852587028362E-6 	 1.6605795981149222E-4 	 1.6605795981149222E-4 	 1.7015852587028362E-6 	 1.7015852587028362E-6 	 1.6605795981149222E-4 	 1.6605795981149222E-4 	 1.7015852587028362E-6 	 1.7015852587028362E-6 	 1.6605795981149222E-4 	 1.6605795981149222E-4 	 1.7015852587028362E-6 	 1.7015852587028362E-6 	 
1.2960000000000003 	 1.7096938763904262E-4 	 1.7096938763904262E-4 	 1.7015852587028362E-6 	 1.7015852587028362E-6 	 1.7096938763904262E-4 	 1.7096938763904262E-4 	 1.7015852587028362E-6 	 1.7015852587028362E-6 	 1.7096938763904262E-4 	 1.7096938763904262E-4 	 1.7015852587028362E-6 	 1.7015852587028362E-6 	 1.7096938763904262E-4 	 1.7096938763904262E-4 	 1.7015852587028362E-6 	 1.7015852587028362E-6 	 
1.3200000000000003 	 1.1239414839046828E-4 	 1.1239414839046828E-4 	 1.6500220690451742E-6 	 1.6500220690451742E-6 	 1.1239414839046828E-4 	 1.1239414839046828E-4 	 1.6500220690451742E-6 	 1.6500220690451742E-6 	 1.1239414839046828E-4 	 1.1239414839046828E-4 	 1.6500220690451742E-6 	 1.6500220690451742E-6 	 1.1239414839046828E-4 	 1.1239414839046828E-4 	 1.6500220690451742E-6 	 1.6500220690451742E-6 	 
1.3440000000000003 	 6.715731313671494E-5 	 6.715731313671494E-5 	 1.4437693104145274E-6 	 1.4437693104145274E-6 	 6.715731313671494E-5 	 6.715731313671494E-5 	 1.4437693104145274E-6 	 1.4437693104145274E-6 	 6.715731313671494E-5 	 6.715731313671494E-5 	 1.4437693104145274E-6 	 1.4437693104145274E-6 	 6.715731313671494E-5 	 6.715731313671494E-5 	 1.4437693104145274E-6 	 1.4437693104145274E-6 	 
1.3680000000000003 	 8.80438062138765E-5 	 8.80438062138765E-5 	 1.5468956897298506E-7 	 1.5468956897298506E-7 	 8.80438062138765E-5 	 8.80438062138765E-5 	 1.5468956897298506E-7 	 1.5468956897298506E-7 	 8.80438062138765E-5 	 8.80438062138765E-5 	 1.5468956897298506E-7 	 1.5468956897298506E-7 	 8.80438062138765E-5 	 8.80438062138765E-5 	 1.5468956897298506E-7 	 1.5468956897298506E-7 	 
1.3920000000000003 	 7.579108626514559E-5 	 7.579108626514559E-5 	 9.281374138379107E-7 	 9.281374138379107E-7 	 7.579108626514559E-5 	 7.579108626514559E-5 	 9.281374138379107E-7 	 9.281374138379107E-7 	 7.579108626514559E-5 	 7.579108626514559E-5 	 9.281374138379107E-7 	 9.281374138379107E-7 	 7.579108626514559E-5 	 7.579108626514559E-5 	 9.281374138379107E-7 	 9.281374138379107E-7 	 
1.4160000000000004 	 3.0244055569652226E-5 	 3.0244055569652226E-5 	 7.734478448649256E-7 	 7.734478448649256E-7 	 3.0244055569652226E-5 	 3.0244055569652226E-5 	 7.734478448649256E-7 	 7.734478448649256E-7 	 3.0244055569652226E-5 	 3.0244055569652226E-5 	 7.734478448649256E-7 	 7.734478448649256E-7 	 3.0244055569652226E-5 	 3.0244055569652226E-5 	 7.734478448649256E-7 	 7.734478448649256E-7 	 
1.4400000000000004 	 6.808789946193501E-5 	 6.808789946193501E-5 	 1.5468956897298506E-7 	 1.5468956897298506E-7 	 6.808789946193501E-5 	 6.808789946193501E-5 	 1.5468956897298506E-7 	 1.5468956897298506E-7 	 6.808789946193501E-5 	 6.808789946193501E-5 	 1.5468956897298506E-7 	 1.5468956897298506E-7 	 6.808789946193501E-5 	 6.808789946193501E-5 	 1.5468956897298506E-7 	 1.5468956897298506E-7 	 
1.4640000000000004 	 5.842014152770431E-5 	 5.842014152770431E-5 	 1.0312637931532337E-7 	 1.0312637931532337E-7 	 5.842014152770431E-5 	 5.842014152770431E-5 	 1.0312637931532337E-7 	 1.0312637931532337E-7 	 5.842014152770431E-5 	 5.842014152770431E-5 	 1.0312637931532337E-7 	 1.0312637931532337E-7 	 5.842014152770431E-5 	 5.842014152770431E-5 	 1.0312637931532337E-7 	 1.0312637931532337E-7 	 
1.4880000000000004 	 3.241542366183239E-5 	 3.241542366183239E-5 	 7.734478448649256E-7 	 7.734478448649256E-7 	 3.241542366183239E-5 	 3.241542366183239E-5 	 7.734478448649256E-7 	 7.734478448649256E-7 	 3.241542366183239E-5 	 3.241542366183239E-5 	 7.734478448649256E-7 	 7.734478448649256E-7 	 3.241542366183239E-5 	 3.241542366183239E-5 	 7.734478448649256E-7 	 7.734478448649256E-7 	 
1.5120000000000005 	 3.52588818777826E-5 	 3.52588818777826E-5 	 6.703214655496021E-7 	 6.703214655496021E-7 	 3.52588818777826E-5 	 3.52588818777826E-5 	 6.703214655496021E-7 	 6.703214655496021E-7 	 3.52588818777826E-5 	 3.52588818777826E-5 	 6.703214655496021E-7 	 6.703214655496021E-7 	 3.52588818777826E-5 	 3.52588818777826E-5 	 6.703214655496021E-7 	 6.703214655496021E-7 	 
1.5360000000000005 	 1.5406373606421134E-5 	 1.5406373606421134E-5 	 5.1563189657661686E-8 	 5.1563189657661686E-8 	 1.5406373606421134E-5 	 1.5406373606421134E-5 	 5.1563189657661686E-8 	 5.1563189657661686E-8 	 1.5406373606421134E-5 	 1.5406373606421134E-5 	 5.1563189657661686E-8 	 5.1563189657661686E-8 	 1.5406373606421134E-5 	 1.5406373606421134E-5 	 5.1563189657661686E-8 	 5.1563189657661686E-8 	 
1.5600000000000005 	 5.480119470740403E-6 	 5.480119470740403E-6 	 6.703214655496021E-7 	 6.703214655496021E-7 	 5.480119470740403E-6 	 5.480119470740403E-6 	 6.703214655496021E-7 	 6.703214655496021E-7 	 5.480119470740403E-6 	 5.480119470740403E-6 	 6.703214655496021E-7 	 6.703214655496021E-7 	 5.480119470740403E-6 	 5.480119470740403E-6 	 6.703214655496021E-7 	 6.703214655496021E-7 	 
1.5840000000000005 	 0.0 	 0.0 	 0.0 	 0.0 	 0.0 	 0.0 	 0.0 	 0.0 	 0.0 	 0.0 	 0.0 	 0.0 	 0.0 	 0.0 	 0.0 	 0.0 	 
1.6080000000000005 	 0.0 	 0.0 	 0.0 	 0.0 	 0.0 	 0.0 	 0.0 	 0.0 	 0.0 	 0.0 	 0.0 	 0.0 	 0.0 	 0.0 	 0.0 	 0.0 	 
1.6319999999999997 	 0.0 	 0.0 	 0.0 	 0.0 	 0.0 	 0.0 	 0.0 	 0.0 	 0.0 	 0.0 	 0.0 	 0.0 	 0.0 	 0.0 	 0.0 	 0.0 	 
1.6559999999999997 	 0.0 	 0.0 	 0.0 	 0.0 	 0.0 	 0.0 	 0.0 	 0.0 	 0.0 	 0.0 	 0.0 	 0.0 	 0.0 	 0.0 	 0.0 	 0.0 	 
1.6799999999999997 	 0.0 	 0.0 	 0.0 	 0.0 	 0.0 	 0.0 	 0.0 	 0.0 	 0.0 	 0.0 	 0.0 	 0.0 	 0.0 	 0.0 	 0.0 	 0.0 	 
1.7039999999999997 	 0.0 	 0.0 	 0.0 	 0.0 	 0.0 	 0.0 	 0.0 	 0.0 	 0.0 	 0.0 	 0.0 	 0.0 	 0.0 	 0.0 	 0.0 	 0.0 	 
1.7279999999999998 	 0.0 	 0.0 	 0.0 	 0.0 	 0.0 	 0.0 	 0.0 	 0.0 	 0.0 	 0.0 	 0.0 	 0.0 	 0.0 	 0.0 	 0.0 	 0.0 	 
1.7519999999999998 	 0.0 	 0.0 	 0.0 	 0.0 	 0.0 	 0.0 	 0.0 	 0.0 	 0.0 	 0.0 	 0.0 	 0.0 	 0.0 	 0.0 	 0.0 	 0.0 	 
1.7759999999999998 	 0.0 	 0.0 	 0.0 	 0.0 	 0.0 	 0.0 	 0.0 	 0.0 	 0.0 	 0.0 	 0.0 	 0.0 	 0.0 	 0.0 	 0.0 	 0.0 	 
1.7999999999999998 	 0.0 	 0.0 	 0.0 	 0.0 	 0.0 	 0.0 	 0.0 	 0.0 	 0.0 	 0.0 	 0.0 	 0.0 	 0.0 	 0.0 	 0.0 	 0.0 	 
1.8239999999999998 	 0.0 	 0.0 	 0.0 	 0.0 	 0.0 	 0.0 	 0.0 	 0.0 	 0.0 	 0.0 	 0.0 	 0.0 	 0.0 	 0.0 	 0.0 	 0.0 	 
1.8479999999999999 	 0.0 	 0.0 	 0.0 	 0.0 	 0.0 	 0.0 	 0.0 	 0.0 	 0.0 	 0.0 	 0.0 	 0.0 	 0.0 	 0.0 	 0.0 	 0.0 	 
1.8719999999999999 	 0.0 	 0.0 	 0.0 	 0.0 	 0.0 	 0.0 	 0.0 	 0.0 	 0.0 	 0.0 	 0.0 	 0.0 	 0.0 	 0.0 	 0.0 	 0.0 	 
1.896 	 0.0 	 0.0 	 0.0 	 0.0 	 0.0 	 0.0 	 0.0 	 0.0 	 0.0 	 0.0 	 0.0 	 0.0 	 0.0 	 0.0 	 0.0 	 0.0 	 
1.92 	 0.0 	 0.0 	 0.0 	 0.0 	 0.0 	 0.0 	 0.0 	 0.0 	 0.0 	 0.0 	 0.0 	 0.0 	 0.0 	 0.0 	 0.0 	 0.0 	 
1.944 	 0.0 	 0.0 	 0.0 	 0.0 	 0.0 	 0.0 	 0.0 	 0.0 	 0.0 	 0.0 	 0.0 	 0.0 	 0.0 	 0.0 	 0.0 	 0.0 	 
1.968 	 0.0 	 0.0 	 0.0 	 0.0 	 0.0 	 0.0 	 0.0 	 0.0 	 0.0 	 0.0 	 0.0 	 0.0 	 0.0 	 0.0 	 0.0 	 0.0 	 
1.992 	 0.0 	 0.0 	 0.0 	 0.0 	 0.0 	 0.0 	 0.0 	 0.0 	 0.0 	 0.0 	 0.0 	 0.0 	 0.0 	 0.0 	 0.0 	 0.0 	 
2.016 	 0.0 	 0.0 	 0.0 	 0.0 	 0.0 	 0.0 	 0.0 	 0.0 	 0.0 	 0.0 	 0.0 	 0.0 	 0.0 	 0.0 	 0.0 	 0.0 	 
2.04 	 0.0 	 0.0 	 0.0 	 0.0 	 0.0 	 0.0 	 0.0 	 0.0 	 0.0 	 0.0 	 0.0 	 0.0 	 0.0 	 0.0 	 0.0 	 0.0 	 
2.064 	 0.0 	 0.0 	 0.0 	 0.0 	 0.0 	 0.0 	 0.0 	 0.0 	 0.0 	 0.0 	 0.0 	 0.0 	 0.0 	 0.0 	 0.0 	 0.0 	 
2.088 	 0.0 	 0.0 	 0.0 	 0.0 	 0.0 	 0.0 	 0.0 	 0.0 	 0.0 	 0.0 	 0.0 	 0.0 	 0.0 	 0.0 	 0.0 	 0.0 	 
2.112 	 0.0 	 0.0 	 0.0 	 0.0 	 0.0 	 0.0 	 0.0 	 0.0 	 0.0 	 0.0 	 0.0 	 0.0 	 0.0 	 0.0 	 0.0 	 0.0 	 
2.136 	 0.0 	 0.0 	 0.0 	 0.0 	 0.0 	 0.0 	 0.0 	 0.0 	 0.0 	 0.0 	 0.0 	 0.0 	 0.0 	 0.0 	 0.0 	 0.0 	 
2.16 	 0.0 	 0.0 	 0.0 	 0.0 	 0.0 	 0.0 	 0.0 	 0.0 	 0.0 	 0.0 	 0.0 	 0.0 	 0.0 	 0.0 	 0.0 	 0.0 	 
2.184 	 0.0 	 0.0 	 0.0 	 0.0 	 0.0 	 0.0 	 0.0 	 0.0 	 0.0 	 0.0 	 0.0 	 0.0 	 0.0 	 0.0 	 0.0 	 0.0 	 
2.208 	 0.0 	 0.0 	 0.0 	 0.0 	 0.0 	 0.0 	 0.0 	 0.0 	 0.0 	 0.0 	 0.0 	 0.0 	 0.0 	 0.0 	 0.0 	 0.0 	 
2.232 	 0.0 	 0.0 	 0.0 	 0.0 	 0.0 	 0.0 	 0.0 	 0.0 	 0.0 	 0.0 	 0.0 	 0.0 	 0.0 	 0.0 	 0.0 	 0.0 	 
2.2560000000000002 	 0.0 	 0.0 	 0.0 	 0.0 	 0.0 	 0.0 	 0.0 	 0.0 	 0.0 	 0.0 	 0.0 	 0.0 	 0.0 	 0.0 	 0.0 	 0.0 	 
2.2800000000000002 	 0.0 	 0.0 	 0.0 	 0.0 	 0.0 	 0.0 	 0.0 	 0.0 	 0.0 	 0.0 	 0.0 	 0.0 	 0.0 	 0.0 	 0.0 	 0.0 	 
2.3040000000000003 	 0.0 	 0.0 	 0.0 	 0.0 	 0.0 	 0.0 	 0.0 	 0.0 	 0.0 	 0.0 	 0.0 	 0.0 	 0.0 	 0.0 	 0.0 	 0.0 	 
2.3280000000000003 	 0.0 	 0.0 	 0.0 	 0.0 	 0.0 	 0.0 	 0.0 	 0.0 	 0.0 	 0.0 	 0.0 	 0.0 	 0.0 	 0.0 	 0.0 	 0.0 	 
2.3520000000000003 	 0.0 	 0.0 	 0.0 	 0.0 	 0.0 	 0.0 	 0.0 	 0.0 	 0.0 	 0.0 	 0.0 	 0.0 	 0.0 	 0.0 	 0.0 	 0.0 	 
2.3760000000000003 	 0.0 	 0.0 	 0.0 	 0.0 	 0.0 	 0.0 	 0.0 	 0.0 	 0.0 	 0.0 	 0.0 	 0.0 	 0.0 	 0.0 	 0.0 	 0.0 	 
2.4000000000000004 	 0.0 	 0.0 	 0.0 	 0.0 	 0.0 	 0.0 	 0.0 	 0.0 	 0.0 	 0.0 	 0.0 	 0.0 	 0.0 	 0.0 	 0.0 	 0.0 	 
2.4240000000000004 	 0.0 	 0.0 	 0.0 	 0.0 	 0.0 	 0.0 	 0.0 	 0.0 	 0.0 	 0.0 	 0.0 	 0.0 	 0.0 	 0.0 	 0.0 	 0.0 	 
2.4480000000000004 	 0.0 	 0.0 	 0.0 	 0.0 	 0.0 	 0.0 	 0.0 	 0.0 	 0.0 	 0.0 	 0.0 	 0.0 	 0.0 	 0.0 	 0.0 	 0.0 	 
2.4720000000000004 	 0.0 	 0.0 	 0.0 	 0.0 	 0.0 	 0.0 	 0.0 	 0.0 	 0.0 	 0.0 	 0.0 	 0.0 	 0.0 	 0.0 	 0.0 	 0.0 	 
2.4960000000000004 	 0.0 	 0.0 	 0.0 	 0.0 	 0.0 	 0.0 	 0.0 	 0.0 	 0.0 	 0.0 	 0.0 	 0.0 	 0.0 	 0.0 	 0.0 	 0.0 	 
2.5200000000000005 	 0.0 	 0.0 	 0.0 	 0.0 	 0.0 	 0.0 	 0.0 	 0.0 	 0.0 	 0.0 	 0.0 	 0.0 	 0.0 	 0.0 	 0.0 	 0.0 	 
2.5440000000000005 	 0.0 	 0.0 	 0.0 	 0.0 	 0.0 	 0.0 	 0.0 	 0.0 	 0.0 	 0.0 	 0.0 	 0.0 	 0.0 	 0.0 	 0.0 	 0.0 	 
2.5680000000000005 	 0.0 	 0.0 	 0.0 	 0.0 	 0.0 	 0.0 	 0.0 	 0.0 	 0.0 	 0.0 	 0.0 	 0.0 	 0.0 	 0.0 	 0.0 	 0.0 	 
2.5920000000000005 	 0.0 	 0.0 	 0.0 	 0.0 	 0.0 	 0.0 	 0.0 	 0.0 	 0.0 	 0.0 	 0.0 	 0.0 	 0.0 	 0.0 	 0.0 	 0.0 	 
2.6160000000000005 	 0.0 	 0.0 	 0.0 	 0.0 	 0.0 	 0.0 	 0.0 	 0.0 	 0.0 	 0.0 	 0.0 	 0.0 	 0.0 	 0.0 	 0.0 	 0.0 	 
2.6399999999999997 	 0.0 	 0.0 	 0.0 	 0.0 	 0.0 	 0.0 	 0.0 	 0.0 	 0.0 	 0.0 	 0.0 	 0.0 	 0.0 	 0.0 	 0.0 	 0.0 	 
2.6639999999999997 	 0.0 	 0.0 	 0.0 	 0.0 	 0.0 	 0.0 	 0.0 	 0.0 	 0.0 	 0.0 	 0.0 	 0.0 	 0.0 	 0.0 	 0.0 	 0.0 	 
2.6879999999999997 	 0.0 	 0.0 	 0.0 	 0.0 	 0.0 	 0.0 	 0.0 	 0.0 	 0.0 	 0.0 	 0.0 	 0.0 	 0.0 	 0.0 	 0.0 	 0.0 	 
2.7119999999999997 	 0.0 	 0.0 	 0.0 	 0.0 	 0.0 	 0.0 	 0.0 	 0.0 	 0.0 	 0.0 	 0.0 	 0.0 	 0.0 	 0.0 	 0.0 	 0.0 	 
2.7359999999999998 	 0.0 	 0.0 	 0.0 	 0.0 	 0.0 	 0.0 	 0.0 	 0.0 	 0.0 	 0.0 	 0.0 	 0.0 	 0.0 	 0.0 	 0.0 	 0.0 	 
2.76 	 0.0 	 0.0 	 0.0 	 0.0 	 0.0 	 0.0 	 0.0 	 0.0 	 0.0 	 0.0 	 0.0 	 0.0 	 0.0 	 0.0 	 0.0 	 0.0 	 
2.784 	 0.0 	 0.0 	 0.0 	 0.0 	 0.0 	 0.0 	 0.0 	 0.0 	 0.0 	 0.0 	 0.0 	 0.0 	 0.0 	 0.0 	 0.0 	 0.0 	 
2.808 	 0.0 	 0.0 	 0.0 	 0.0 	 0.0 	 0.0 	 0.0 	 0.0 	 0.0 	 0.0 	 0.0 	 0.0 	 0.0 	 0.0 	 0.0 	 0.0 	 
2.832 	 0.0 	 0.0 	 0.0 	 0.0 	 0.0 	 0.0 	 0.0 	 0.0 	 0.0 	 0.0 	 0.0 	 0.0 	 0.0 	 0.0 	 0.0 	 0.0 	 
2.856 	 0.0 	 0.0 	 0.0 	 0.0 	 0.0 	 0.0 	 0.0 	 0.0 	 0.0 	 0.0 	 0.0 	 0.0 	 0.0 	 0.0 	 0.0 	 0.0 	 
2.88 	 0.0 	 0.0 	 0.0 	 0.0 	 0.0 	 0.0 	 0.0 	 0.0 	 0.0 	 0.0 	 0.0 	 0.0 	 0.0 	 0.0 	 0.0 	 0.0 	 
2.904 	 0.0 	 0.0 	 0.0 	 0.0 	 0.0 	 0.0 	 0.0 	 0.0 	 0.0 	 0.0 	 0.0 	 0.0 	 0.0 	 0.0 	 0.0 	 0.0 	 
2.928 	 0.0 	 0.0 	 0.0 	 0.0 	 0.0 	 0.0 	 0.0 	 0.0 	 0.0 	 0.0 	 0.0 	 0.0 	 0.0 	 0.0 	 0.0 	 0.0 	 
2.952 	 0.0 	 0.0 	 0.0 	 0.0 	 0.0 	 0.0 	 0.0 	 0.0 	 0.0 	 0.0 	 0.0 	 0.0 	 0.0 	 0.0 	 0.0 	 0.0 	 
2.976 	 0.0 	 0.0 	 0.0 	 0.0 	 0.0 	 0.0 	 0.0 	 0.0 	 0.0 	 0.0 	 0.0 	 0.0 	 0.0 	 0.0 	 0.0 	 0.0 	 
