-3.0 	 0.008908814566764152 	 0.012950391083438408 	 0.008908814566764152 	 0.012950391083438408 	 0.008908814566764152 	 0.012950391083438408 	 0.008908814566764152 	 0.012950391083438408 	 4.189822783025108E-5 	 0.008235798310959871 	 4.189822783025108E-5 	 0.008235798310959871 	 4.189822783025108E-5 	 0.008235798310959871 	 4.189822783025108E-5 	 0.008235798310959871 	 
-2.976 	 0.0032050774455832922 	 7.313489455477496E-5 	 0.0032050774455832922 	 7.313489455477496E-5 	 0.0032050774455832922 	 7.313489455477496E-5 	 0.0032050774455832922 	 7.313489455477496E-5 	 4.734727993663605E-5 	 0.002842129711882228 	 4.734727993663605E-5 	 0.002842129711882228 	 4.734727993663605E-5 	 0.002842129711882228 	 4.734727993663605E-5 	 0.002842129711882228 	 
-2.952 	 0.001550708462765047 	 0.0014217568628251912 	 0.001550708462765047 	 0.0014217568628251912 	 0.001550708462765047 	 0.0014217568628251912 	 0.001550708462765047 	 0.0014217568628251912 	 2.828425817537506E-5 	 0.0015631166069634535 	 2.828425817537506E-5 	 0.0015631166069634535 	 2.828425817537506E-5 	 0.0015631166069634535 	 2.828425817537506E-5 	 0.0015631166069634535 	 
-2.928 	 7.664421034495255E-4 	 2.1137191884184811E-4 	 7.664421034495255E-4 	 2.1137191884184811E-4 	 7.664421034495255E-4 	 2.1137191884184811E-4 	 7.664421034495255E-4 	 2.1137191884184811E-4 	 5.8169178897655063E-5 	 8.476055524808551E-4 	 5.8169178897655063E-5 	 8.476055524808551E-4 	 5.8169178897655063E-5 	 8.476055524808551E-4 	 5.8169178897655063E-5 	 8.476055524808551E-4 	 
-2.904 	 0.008698569343859012 	 0.012547202772299355 	 0.008698569343859012 	 0.012547202772299355 	 0.008698569343859012 	 0.012547202772299355 	 0.008698569343859012 	 0.012547202772299355 	 6.098863406477154E-5 	 0.00806117876369356 	 6.098863406477154E-5 	 0.00806117876369356 	 6.098863406477154E-5 	 0.00806117876369356 	 6.098863406477154E-5 	 0.00806117876369356 	 
-2.88 	 0.003436051235437925 	 2.75681069839038E-4 	 0.003436051235437925 	 2.75681069839038E-4 	 0.003436051235437925 	 2.75681069839038E-4 	 0.003436051235437925 	 2.75681069839038E-4 	 4.040945321685066E-5 	 0.003052206114516095 	 4.040945321685066E-5 	 0.003052206114516095 	 4.040945321685066E-5 	 0.003052206114516095 	 4.040945321685066E-5 	 0.003052206114516095 	 
-2.856 	 0.0010650272054017879 	 6.117795053613465E-4 	 0.0010650272054017879 	 6.117795053613465E-4 	 0.0010650272054017879 	 6.117795053613465E-4 	 0.0010650272054017879 	 6.117795053613465E-4 	 7.082038387536813E-5 	 0.0011540885060851243 	 7.082038387536813E-5 	 0.0011540885060851243 	 7.082038387536813E-5 	 0.0011540885060851243 	 7.082038387536813E-5 	 0.0011540885060851243 	 
-2.832 	 0.008705712700327467 	 0.01234677810781996 	 0.008705712700327467 	 0.01234677810781996 	 0.008705712700327467 	 0.01234677810781996 	 0.008705712700327467 	 0.01234677810781996 	 8.461492973044519E-5 	 0.008121126314434608 	 8.461492973044519E-5 	 0.008121126314434608 	 8.461492973044519E-5 	 0.008121126314434608 	 8.461492973044519E-5 	 0.008121126314434608 	 
-2.808 	 0.0034009029583705486 	 2.7467020782831464E-4 	 0.0034009029583705486 	 2.7467020782831464E-4 	 0.0034009029583705486 	 2.7467020782831464E-4 	 0.0034009029583705486 	 2.7467020782831464E-4 	 4.334043635733351E-5 	 0.003056943407603392 	 4.334043635733351E-5 	 0.003056943407603392 	 4.334043635733351E-5 	 0.003056943407603392 	 4.334043635733351E-5 	 0.003056943407603392 	 
-2.784 	 0.0015957765348211714 	 0.0014213297396844812 	 0.0015957765348211714 	 0.0014213297396844812 	 0.0015957765348211714 	 0.0014213297396844812 	 0.0015957765348211714 	 0.0014213297396844812 	 7.07174514482676E-5 	 0.001643658090550955 	 7.07174514482676E-5 	 0.001643658090550955 	 7.07174514482676E-5 	 0.001643658090550955 	 7.07174514482676E-5 	 0.001643658090550955 	 
-2.76 	 0.011221701157249348 	 0.015790793131021007 	 0.011221701157249348 	 0.015790793131021007 	 0.011221701157249348 	 0.015790793131021007 	 0.011221701157249348 	 0.015790793131021007 	 1.087333931573379E-4 	 0.010410487284215066 	 1.087333931573379E-4 	 0.010410487284215066 	 1.087333931573379E-4 	 0.010410487284215066 	 1.087333931573379E-4 	 0.010410487284215066 	 
-2.7359999999999998 	 0.005353073664379747 	 0.0019124676064552646 	 0.005353073664379747 	 0.0019124676064552646 	 0.005353073664379747 	 0.0019124676064552646 	 0.005353073664379747 	 0.0019124676064552646 	 7.660534911425372E-5 	 0.004780403203665003 	 7.660534911425372E-5 	 0.004780403203665003 	 7.660534911425372E-5 	 0.004780403203665003 	 7.660534911425372E-5 	 0.004780403203665003 	 
-2.7119999999999997 	 0.0014339743802229995 	 4.1948167394300804E-4 	 0.0014339743802229995 	 4.1948167394300804E-4 	 0.0014339743802229995 	 4.1948167394300804E-4 	 0.0014339743802229995 	 4.1948167394300804E-4 	 8.96775832503146E-5 	 0.0014921541110602785 	 8.96775832503146E-5 	 0.0014921541110602785 	 8.96775832503146E-5 	 0.0014921541110602785 	 8.96775832503146E-5 	 0.0014921541110602785 	 
-2.688 	 0.009054408726968895 	 0.012550310684796303 	 0.009054408726968895 	 0.012550310684796303 	 0.009054408726968895 	 0.012550310684796303 	 0.009054408726968895 	 0.012550310684796303 	 9.159613581865296E-5 	 0.008479867170777896 	 9.159613581865296E-5 	 0.008479867170777896 	 9.159613581865296E-5 	 0.008479867170777896 	 9.159613581865296E-5 	 0.008479867170777896 	 
-2.664 	 0.004302263450713169 	 0.0014885271074312572 	 0.004302263450713169 	 0.0014885271074312572 	 0.004302263450713169 	 0.0014885271074312572 	 0.004302263450713169 	 0.0014885271074312572 	 1.0508575898666977E-4 	 0.003938131792686903 	 1.0508575898666977E-4 	 0.003938131792686903 	 1.0508575898666977E-4 	 0.003938131792686903 	 1.0508575898666977E-4 	 0.003938131792686903 	 
-2.64 	 0.012029352231747677 	 0.01620109410448845 	 0.012029352231747677 	 0.01620109410448845 	 0.012029352231747677 	 0.01620109410448845 	 0.012029352231747677 	 0.01620109410448845 	 1.025314981236872E-4 	 0.011194082136815976 	 1.025314981236872E-4 	 0.011194082136815976 	 1.025314981236872E-4 	 0.011194082136815976 	 1.025314981236872E-4 	 0.011194082136815976 	 
-2.616 	 0.006142323382695194 	 0.002321588534064175 	 0.006142323382695194 	 0.002321588534064175 	 0.006142323382695194 	 0.002321588534064175 	 0.006142323382695194 	 0.002321588534064175 	 9.730068369550931E-5 	 0.00563271404672925 	 9.730068369550931E-5 	 0.00563271404672925 	 9.730068369550931E-5 	 0.00563271404672925 	 9.730068369550931E-5 	 0.00563271404672925 	 
-2.592 	 0.01097236020313288 	 0.013979160773646668 	 0.01097236020313288 	 0.013979160773646668 	 0.01097236020313288 	 0.013979160773646668 	 0.01097236020313288 	 0.013979160773646668 	 1.3960393817707197E-4 	 0.010345701688864511 	 1.3960393817707197E-4 	 0.010345701688864511 	 1.3960393817707197E-4 	 0.010345701688864511 	 1.3960393817707197E-4 	 0.010345701688864511 	 
-2.568 	 0.013496993555256928 	 0.014044227347021165 	 0.013496993555256928 	 0.014044227347021165 	 0.013496993555256928 	 0.014044227347021165 	 0.013496993555256928 	 0.014044227347021165 	 1.2533816039931773E-4 	 0.012479047059788712 	 1.2533816039931773E-4 	 0.012479047059788712 	 1.2533816039931773E-4 	 0.012479047059788712 	 1.2533816039931773E-4 	 0.012479047059788712 	 
-2.544 	 0.005996895163230956 	 0.0023131683544122634 	 0.005996895163230956 	 0.0023131683544122634 	 0.005996895163230956 	 0.0023131683544122634 	 0.005996895163230956 	 0.0023131683544122634 	 9.495023422915394E-5 	 0.005691382551718589 	 9.495023422915394E-5 	 0.005691382551718589 	 9.495023422915394E-5 	 0.005691382551718589 	 9.495023422915394E-5 	 0.005691382551718589 	 
-2.52 	 0.012241668527468672 	 0.015801158352726302 	 0.012241668527468672 	 0.015801158352726302 	 0.012241668527468672 	 0.015801158352726302 	 0.012241668527468672 	 0.015801158352726302 	 1.4023622192281573E-4 	 0.011619798788255049 	 1.4023622192281573E-4 	 0.011619798788255049 	 1.4023622192281573E-4 	 0.011619798788255049 	 1.4023622192281573E-4 	 0.011619798788255049 	 
-2.496 	 0.01706547470179384 	 0.018708620463097125 	 0.01706547470179384 	 0.018708620463097125 	 0.01706547470179384 	 0.018708620463097125 	 0.01706547470179384 	 0.018708620463097125 	 1.2685582380668586E-4 	 0.01578809064889984 	 1.2685582380668586E-4 	 0.01578809064889984 	 1.2685582380668586E-4 	 0.01578809064889984 	 1.2685582380668586E-4 	 0.01578809064889984 	 
-2.472 	 0.009522062155198506 	 0.0059800795609733235 	 0.009522062155198506 	 0.0059800795609733235 	 0.009522062155198506 	 0.0059800795609733235 	 0.009522062155198506 	 0.0059800795609733235 	 1.031390913445025E-4 	 0.008838552735512364 	 1.031390913445025E-4 	 0.008838552735512364 	 1.031390913445025E-4 	 0.008838552735512364 	 1.031390913445025E-4 	 0.008838552735512364 	 
-2.448 	 0.015884585722559935 	 0.019466158103901288 	 0.015884585722559935 	 0.019466158103901288 	 0.015884585722559935 	 0.019466158103901288 	 0.015884585722559935 	 0.019466158103901288 	 1.2756006233349476E-4 	 0.014909016127026489 	 1.2756006233349476E-4 	 0.014909016127026489 	 1.2756006233349476E-4 	 0.014909016127026489 	 1.2756006233349476E-4 	 0.014909016127026489 	 
-2.424 	 0.01521269696548586 	 0.014076414935277948 	 0.01521269696548586 	 0.014076414935277948 	 0.01521269696548586 	 0.014076414935277948 	 0.01521269696548586 	 0.014076414935277948 	 1.0878770895553166E-4 	 0.014091175625521828 	 1.0878770895553166E-4 	 0.014091175625521828 	 1.0878770895553166E-4 	 0.014091175625521828 	 1.0878770895553166E-4 	 0.014091175625521828 	 
-2.4 	 0.01629777815153034 	 0.017084308644825134 	 0.01629777815153034 	 0.017084308644825134 	 0.01629777815153034 	 0.017084308644825134 	 0.01629777815153034 	 0.017084308644825134 	 1.2277152238695488E-4 	 0.015220177559903677 	 1.2277152238695488E-4 	 0.015220177559903677 	 1.2277152238695488E-4 	 0.015220177559903677 	 1.2277152238695488E-4 	 0.015220177559903677 	 
-2.376 	 0.01884254204685354 	 0.01993285699335671 	 0.01884254204685354 	 0.01993285699335671 	 0.01884254204685354 	 0.01993285699335671 	 0.01884254204685354 	 0.01993285699335671 	 1.447287895429145E-4 	 0.017562962086068543 	 1.447287895429145E-4 	 0.017562962086068543 	 1.447287895429145E-4 	 0.017562962086068543 	 1.447287895429145E-4 	 0.017562962086068543 	 
-2.352 	 0.020018341176408265 	 0.020556826797945904 	 0.020018341176408265 	 0.020556826797945904 	 0.020018341176408265 	 0.020556826797945904 	 0.020018341176408265 	 0.020556826797945904 	 1.4844276460954922E-4 	 0.01862776663699576 	 1.4844276460954922E-4 	 0.01862776663699576 	 1.4844276460954922E-4 	 0.01862776663699576 	 1.4844276460954922E-4 	 0.01862776663699576 	 
-2.328 	 0.023741176054298953 	 0.02561924662104963 	 0.023741176054298953 	 0.02561924662104963 	 0.023741176054298953 	 0.02561924662104963 	 0.023741176054298953 	 0.02561924662104963 	 1.6161611451352012E-4 	 0.022049471686961253 	 1.6161611451352012E-4 	 0.022049471686961253 	 1.6161611451352012E-4 	 0.022049471686961253 	 1.6161611451352012E-4 	 0.022049471686961253 	 
-2.304 	 0.021497671207698424 	 0.020387129891441865 	 0.021497671207698424 	 0.020387129891441865 	 0.021497671207698424 	 0.020387129891441865 	 0.021497671207698424 	 0.020387129891441865 	 1.7278886848381866E-4 	 0.019953668804049973 	 1.7278886848381866E-4 	 0.019953668804049973 	 1.7278886848381866E-4 	 0.019953668804049973 	 1.7278886848381866E-4 	 0.019953668804049973 	 
-2.2800000000000002 	 0.022828009801410386 	 0.02359929327860946 	 0.022828009801410386 	 0.02359929327860946 	 0.022828009801410386 	 0.02359929327860946 	 0.022828009801410386 	 0.02359929327860946 	 1.7170117796347698E-4 	 0.021335195756570984 	 1.7170117796347698E-4 	 0.021335195756570984 	 1.7170117796347698E-4 	 0.021335195756570984 	 1.7170117796347698E-4 	 0.021335195756570984 	 
-2.2560000000000002 	 0.02255194097524507 	 0.022199496247775178 	 0.02255194097524507 	 0.022199496247775178 	 0.02255194097524507 	 0.022199496247775178 	 0.02255194097524507 	 0.022199496247775178 	 1.959414732610119E-4 	 0.0211138470564502 	 1.959414732610119E-4 	 0.0211138470564502 	 1.959414732610119E-4 	 0.0211138470564502 	 1.959414732610119E-4 	 0.0211138470564502 	 
-2.232 	 0.03115598912373396 	 0.03554686951230555 	 0.03115598912373396 	 0.03554686951230555 	 0.03115598912373396 	 0.03554686951230555 	 0.03115598912373396 	 0.03554686951230555 	 1.7625775035588564E-4 	 0.029095199204481618 	 1.7625775035588564E-4 	 0.029095199204481618 	 1.7625775035588564E-4 	 0.029095199204481618 	 1.7625775035588564E-4 	 0.029095199204481618 	 
-2.208 	 0.0257494089063181 	 0.022676102155863014 	 0.0257494089063181 	 0.022676102155863014 	 0.0257494089063181 	 0.022676102155863014 	 0.0257494089063181 	 0.022676102155863014 	 2.0847121429840753E-4 	 0.024019078676210566 	 2.0847121429840753E-4 	 0.024019078676210566 	 2.0847121429840753E-4 	 0.024019078676210566 	 2.0847121429840753E-4 	 0.024019078676210566 	 
-2.184 	 0.02326349056914106 	 0.02260943557197455 	 0.02326349056914106 	 0.02260943557197455 	 0.02326349056914106 	 0.02260943557197455 	 0.02326349056914106 	 0.02260943557197455 	 1.9456458514461268E-4 	 0.022119530825087982 	 1.9456458514461268E-4 	 0.022119530825087982 	 1.9456458514461268E-4 	 0.022119530825087982 	 1.9456458514461268E-4 	 0.022119530825087982 	 
-2.16 	 0.0347153597769364 	 0.04000704454490633 	 0.0347153597769364 	 0.04000704454490633 	 0.0347153597769364 	 0.04000704454490633 	 0.0347153597769364 	 0.04000704454490633 	 2.279582476909137E-4 	 0.03271565233745264 	 2.279582476909137E-4 	 0.03271565233745264 	 2.279582476909137E-4 	 0.03271565233745264 	 2.279582476909137E-4 	 0.03271565233745264 	 
-2.136 	 0.03552053434575597 	 0.03505089284256734 	 0.03552053434575597 	 0.03505089284256734 	 0.03552053434575597 	 0.03505089284256734 	 0.03552053434575597 	 0.03505089284256734 	 2.3819947523944716E-4 	 0.03330026346185201 	 2.3819947523944716E-4 	 0.03330026346185201 	 2.3819947523944716E-4 	 0.03330026346185201 	 2.3819947523944716E-4 	 0.03330026346185201 	 
-2.112 	 0.026163914335168195 	 0.022080997521509903 	 0.026163914335168195 	 0.022080997521509903 	 0.026163914335168195 	 0.022080997521509903 	 0.026163914335168195 	 0.022080997521509903 	 2.4600630771412247E-4 	 0.02511324912432402 	 2.4600630771412247E-4 	 0.02511324912432402 	 2.4600630771412247E-4 	 0.02511324912432402 	 2.4600630771412247E-4 	 0.02511324912432402 	 
-2.088 	 0.03142713201076211 	 0.034356281659851245 	 0.03142713201076211 	 0.034356281659851245 	 0.03142713201076211 	 0.034356281659851245 	 0.03142713201076211 	 0.034356281659851245 	 2.4654666923637063E-4 	 0.030423103202566294 	 2.4654666923637063E-4 	 0.030423103202566294 	 2.4654666923637063E-4 	 0.030423103202566294 	 2.4654666923637063E-4 	 0.030423103202566294 	 
-2.064 	 0.030329258727526016 	 0.028960478298086758 	 0.030329258727526016 	 0.028960478298086758 	 0.030329258727526016 	 0.028960478298086758 	 0.030329258727526016 	 0.028960478298086758 	 2.579395681863229E-4 	 0.02939374827920672 	 2.579395681863229E-4 	 0.02939374827920672 	 2.579395681863229E-4 	 0.02939374827920672 	 2.579395681863229E-4 	 0.02939374827920672 	 
-2.04 	 0.029705260043368143 	 0.02954361645265284 	 0.029705260043368143 	 0.02954361645265284 	 0.029705260043368143 	 0.02954361645265284 	 0.029705260043368143 	 0.02954361645265284 	 2.87950885874234E-4 	 0.02907124987436856 	 2.87950885874234E-4 	 0.02907124987436856 	 2.87950885874234E-4 	 0.02907124987436856 	 2.87950885874234E-4 	 0.02907124987436856 	 
-2.016 	 0.030341938242670185 	 0.030562296736552162 	 0.030341938242670185 	 0.030562296736552162 	 0.030341938242670185 	 0.030562296736552162 	 0.030341938242670185 	 0.030562296736552162 	 2.902708775769153E-4 	 0.029883022688307573 	 2.902708775769153E-4 	 0.029883022688307573 	 2.902708775769153E-4 	 0.029883022688307573 	 2.902708775769153E-4 	 0.029883022688307573 	 
-1.992 	 0.03392475222723362 	 0.03562777238610458 	 0.03392475222723362 	 0.03562777238610458 	 0.03392475222723362 	 0.03562777238610458 	 0.03392475222723362 	 0.03562777238610458 	 3.034663882142017E-4 	 0.033248932350807836 	 3.034663882142017E-4 	 0.033248932350807836 	 3.034663882142017E-4 	 0.033248932350807836 	 3.034663882142017E-4 	 0.033248932350807836 	 
-1.968 	 0.02595556373481225 	 0.021899638449274905 	 0.02595556373481225 	 0.021899638449274905 	 0.02595556373481225 	 0.021899638449274905 	 0.02595556373481225 	 0.021899638449274905 	 3.5011408212488074E-4 	 0.025981135811443214 	 3.5011408212488074E-4 	 0.025981135811443214 	 3.5011408212488074E-4 	 0.025981135811443214 	 3.5011408212488074E-4 	 0.025981135811443214 	 
-1.944 	 0.024992627082572907 	 0.02506446524496486 	 0.024992627082572907 	 0.02506446524496486 	 0.024992627082572907 	 0.02506446524496486 	 0.024992627082572907 	 0.02506446524496486 	 3.2754995354148796E-4 	 0.025445059456420078 	 3.2754995354148796E-4 	 0.025445059456420078 	 3.2754995354148796E-4 	 0.025445059456420078 	 3.2754995354148796E-4 	 0.025445059456420078 	 
-1.92 	 0.02626636697915486 	 0.026497011507366875 	 0.02626636697915486 	 0.026497011507366875 	 0.02626636697915486 	 0.026497011507366875 	 0.02626636697915486 	 0.026497011507366875 	 3.647535375009143E-4 	 0.026585597186425555 	 3.647535375009143E-4 	 0.026585597186425555 	 3.647535375009143E-4 	 0.026585597186425555 	 3.647535375009143E-4 	 0.026585597186425555 	 
-1.896 	 0.023408009221785958 	 0.021850977988645895 	 0.023408009221785958 	 0.021850977988645895 	 0.023408009221785958 	 0.021850977988645895 	 0.023408009221785958 	 0.021850977988645895 	 3.5729409498032306E-4 	 0.02392090426807882 	 3.5729409498032306E-4 	 0.02392090426807882 	 3.5729409498032306E-4 	 0.02392090426807882 	 3.5729409498032306E-4 	 0.02392090426807882 	 
-1.8719999999999999 	 0.023400387971932776 	 0.023446996419332896 	 0.023400387971932776 	 0.023446996419332896 	 0.023400387971932776 	 0.023446996419332896 	 0.023400387971932776 	 0.023446996419332896 	 3.906760279589998E-4 	 0.02398388073005609 	 3.906760279589998E-4 	 0.02398388073005609 	 3.906760279589998E-4 	 0.02398388073005609 	 3.906760279589998E-4 	 0.02398388073005609 	 
-1.8479999999999999 	 0.020988083354613184 	 0.019609768848909893 	 0.020988083354613184 	 0.019609768848909893 	 0.020988083354613184 	 0.019609768848909893 	 0.020988083354613184 	 0.019609768848909893 	 3.799632031955791E-4 	 0.02173997357448799 	 3.799632031955791E-4 	 0.02173997357448799 	 3.799632031955791E-4 	 0.02173997357448799 	 3.799632031955791E-4 	 0.02173997357448799 	 
-1.824 	 0.01968841522775178 	 0.019179173290088704 	 0.01968841522775178 	 0.019179173290088704 	 0.01968841522775178 	 0.019179173290088704 	 0.01968841522775178 	 0.019179173290088704 	 3.7798384692934195E-4 	 0.020461630994819457 	 3.7798384692934195E-4 	 0.020461630994819457 	 3.7798384692934195E-4 	 0.020461630994819457 	 3.7798384692934195E-4 	 0.020461630994819457 	 
-1.8 	 0.02020754307659417 	 0.020392255286194354 	 0.02020754307659417 	 0.020392255286194354 	 0.02020754307659417 	 0.020392255286194354 	 0.02020754307659417 	 0.020392255286194354 	 4.1562416577825063E-4 	 0.020875542796509182 	 4.1562416577825063E-4 	 0.020875542796509182 	 4.1562416577825063E-4 	 0.020875542796509182 	 4.1562416577825063E-4 	 0.020875542796509182 	 
-1.776 	 0.018182445949781315 	 0.01715888664779762 	 0.018182445949781315 	 0.01715888664779762 	 0.018182445949781315 	 0.01715888664779762 	 0.018182445949781315 	 0.01715888664779762 	 4.3075506420257094E-4 	 0.018875139321568302 	 4.3075506420257094E-4 	 0.018875139321568302 	 4.3075506420257094E-4 	 0.018875139321568302 	 4.3075506420257094E-4 	 0.018875139321568302 	 
-1.752 	 0.016091348186272197 	 0.01531782100247079 	 0.016091348186272197 	 0.01531782100247079 	 0.016091348186272197 	 0.01531782100247079 	 0.016091348186272197 	 0.01531782100247079 	 3.9793835200741776E-4 	 0.016878116897429074 	 3.9793835200741776E-4 	 0.016878116897429074 	 3.9793835200741776E-4 	 0.016878116897429074 	 3.9793835200741776E-4 	 0.016878116897429074 	 
-1.728 	 0.011865943279795201 	 0.010044934119050955 	 0.011865943279795201 	 0.010044934119050955 	 0.011865943279795201 	 0.010044934119050955 	 0.011865943279795201 	 0.010044934119050955 	 4.332052030371036E-4 	 0.012893974755999571 	 4.332052030371036E-4 	 0.012893974755999571 	 4.332052030371036E-4 	 0.012893974755999571 	 4.332052030371036E-4 	 0.012893974755999571 	 
-1.704 	 0.008921495458675387 	 0.0077909621926338475 	 0.008921495458675387 	 0.0077909621926338475 	 0.008921495458675387 	 0.0077909621926338475 	 0.008921495458675387 	 0.0077909621926338475 	 4.23846196280576E-4 	 0.010126060280057653 	 4.23846196280576E-4 	 0.010126060280057653 	 4.23846196280576E-4 	 0.010126060280057653 	 4.23846196280576E-4 	 0.010126060280057653 	 
-1.68 	 0.010630646760053574 	 0.011416195052993917 	 0.010630646760053574 	 0.011416195052993917 	 0.010630646760053574 	 0.011416195052993917 	 0.010630646760053574 	 0.011416195052993917 	 3.9451693967702285E-4 	 0.011501700987028402 	 3.9451693967702285E-4 	 0.011501700987028402 	 3.9451693967702285E-4 	 0.011501700987028402 	 3.9451693967702285E-4 	 0.011501700987028402 	 
-1.656 	 0.008308022687460007 	 0.006984229563728393 	 0.008308022687460007 	 0.006984229563728393 	 0.008308022687460007 	 0.006984229563728393 	 0.008308022687460007 	 0.006984229563728393 	 3.881821725252917E-4 	 0.009161296958827255 	 3.881821725252917E-4 	 0.009161296958827255 	 3.881821725252917E-4 	 0.009161296958827255 	 3.881821725252917E-4 	 0.009161296958827255 	 
-1.632 	 0.005837157941513333 	 0.00493929560345712 	 0.005837157941513333 	 0.00493929560345712 	 0.005837157941513333 	 0.00493929560345712 	 0.005837157941513333 	 0.00493929560345712 	 4.0146721764317716E-4 	 0.006869147537991634 	 4.0146721764317716E-4 	 0.006869147537991634 	 4.0146721764317716E-4 	 0.006869147537991634 	 4.0146721764317716E-4 	 0.006869147537991634 	 
-1.6079999999999999 	 0.006263533873616437 	 0.006545339279841885 	 0.006263533873616437 	 0.006545339279841885 	 0.006263533873616437 	 0.006545339279841885 	 0.006263533873616437 	 0.006545339279841885 	 3.6676524242628734E-4 	 0.007130349756448558 	 3.6676524242628734E-4 	 0.007130349756448558 	 3.6676524242628734E-4 	 0.007130349756448558 	 3.6676524242628734E-4 	 0.007130349756448558 	 
-1.584 	 0.005127739120890675 	 0.0045296133595738135 	 0.005127739120890675 	 0.0045296133595738135 	 0.005127739120890675 	 0.0045296133595738135 	 0.005127739120890675 	 0.0045296133595738135 	 3.898825196428868E-4 	 0.0059452283817280896 	 3.898825196428868E-4 	 0.0059452283817280896 	 3.898825196428868E-4 	 0.0059452283817280896 	 3.898825196428868E-4 	 0.0059452283817280896 	 
-1.56 	 0.005172585768991118 	 0.005329707990218121 	 0.005172585768991118 	 0.005329707990218121 	 0.005172585768991118 	 0.005329707990218121 	 0.005172585768991118 	 0.005329707990218121 	 3.9121915818902454E-4 	 0.0059253656156849415 	 3.9121915818902454E-4 	 0.0059253656156849415 	 3.9121915818902454E-4 	 0.0059253656156849415 	 3.9121915818902454E-4 	 0.0059253656156849415 	 
-1.536 	 0.0047506667682525655 	 0.004524354200298718 	 0.0047506667682525655 	 0.004524354200298718 	 0.0047506667682525655 	 0.004524354200298718 	 0.0047506667682525655 	 0.004524354200298718 	 4.1934517218140087E-4 	 0.00540110625629382 	 4.1934517218140087E-4 	 0.00540110625629382 	 4.1934517218140087E-4 	 0.00540110625629382 	 4.1934517218140087E-4 	 0.00540110625629382 	 
-1.512 	 0.004165634868471792 	 0.003910494317879674 	 0.004165634868471792 	 0.003910494317879674 	 0.004165634868471792 	 0.003910494317879674 	 0.004165634868471792 	 0.003910494317879674 	 4.115668613235372E-4 	 0.004832856373118392 	 4.115668613235372E-4 	 0.004832856373118392 	 4.115668613235372E-4 	 0.004832856373118392 	 4.115668613235372E-4 	 0.004832856373118392 	 
-1.488 	 0.003284855563455664 	 0.0028964852683327617 	 0.003284855563455664 	 0.0028964852683327617 	 0.003284855563455664 	 0.0028964852683327617 	 0.003284855563455664 	 0.0028964852683327617 	 4.1303973176758606E-4 	 0.0039435928513174585 	 4.1303973176758606E-4 	 0.0039435928513174585 	 4.1303973176758606E-4 	 0.0039435928513174585 	 4.1303973176758606E-4 	 0.0039435928513174585 	 
-1.464 	 0.0029721310546165203 	 0.002891464832227169 	 0.0029721310546165203 	 0.002891464832227169 	 0.0029721310546165203 	 0.002891464832227169 	 0.0029721310546165203 	 0.002891464832227169 	 4.374250298953047E-4 	 0.0036339280953261066 	 4.374250298953047E-4 	 0.0036339280953261066 	 4.374250298953047E-4 	 0.0036339280953261066 	 4.374250298953047E-4 	 0.0036339280953261066 	 
-1.44 	 0.002486315589673808 	 0.002281589084492221 	 0.002486315589673808 	 0.002281589084492221 	 0.002486315589673808 	 0.002281589084492221 	 0.002486315589673808 	 0.002281589084492221 	 4.396790334656976E-4 	 0.003119045998871054 	 4.396790334656976E-4 	 0.003119045998871054 	 4.396790334656976E-4 	 0.003119045998871054 	 4.396790334656976E-4 	 0.003119045998871054 	 
-1.416 	 0.0010940298305306027 	 4.5888746271710763E-4 	 0.0010940298305306027 	 4.5888746271710763E-4 	 0.0010940298305306027 	 4.5888746271710763E-4 	 0.0010940298305306027 	 4.5888746271710763E-4 	 4.6267993833266885E-4 	 0.0018117549185025258 	 4.6267993833266885E-4 	 0.0018117549185025258 	 4.6267993833266885E-4 	 0.0018117549185025258 	 4.6267993833266885E-4 	 0.0018117549185025258 	 
-1.392 	 0.0011748839781983585 	 0.001255847737072119 	 0.0011748839781983585 	 0.001255847737072119 	 0.0011748839781983585 	 0.001255847737072119 	 0.0011748839781983585 	 0.001255847737072119 	 4.950573308615335E-4 	 0.001836041513638849 	 4.950573308615335E-4 	 0.001836041513638849 	 4.950573308615335E-4 	 0.001836041513638849 	 4.950573308615335E-4 	 0.001836041513638849 	 
-1.3679999999999999 	 0.0017045128950667937 	 0.0018686859863691467 	 0.0017045128950667937 	 0.0018686859863691467 	 0.0017045128950667937 	 0.0018686859863691467 	 0.0017045128950667937 	 0.0018686859863691467 	 5.172140126418791E-4 	 0.0022730468677527454 	 5.172140126418791E-4 	 0.0022730468677527454 	 5.172140126418791E-4 	 0.0022730468677527454 	 5.172140126418791E-4 	 0.0022730468677527454 	 
-1.3439999999999999 	 0.0014427196267539667 	 0.0012629443870853807 	 0.0014427196267539667 	 0.0012629443870853807 	 0.0014427196267539667 	 0.0012629443870853807 	 0.0014427196267539667 	 0.0012629443870853807 	 5.559613278164163E-4 	 0.00196032439099219 	 5.559613278164163E-4 	 0.00196032439099219 	 5.559613278164163E-4 	 0.00196032439099219 	 5.559613278164163E-4 	 0.00196032439099219 	 
-1.32 	 0.0013078461044235754 	 0.0012622176244518394 	 0.0013078461044235754 	 0.0012622176244518394 	 0.0013078461044235754 	 0.0012622176244518394 	 0.0013078461044235754 	 0.0012622176244518394 	 5.745732921758824E-4 	 0.0018172613383813912 	 5.745732921758824E-4 	 0.0018172613383813912 	 5.745732921758824E-4 	 0.0018172613383813912 	 5.745732921758824E-4 	 0.0018172613383813912 	 
-1.296 	 0.0019794498912024754 	 0.0022738025393687356 	 0.0019794498912024754 	 0.0022738025393687356 	 0.0019794498912024754 	 0.0022738025393687356 	 0.0019794498912024754 	 0.0022738025393687356 	 6.171749352595987E-4 	 0.00240715893044444 	 6.171749352595987E-4 	 0.00240715893044444 	 6.171749352595987E-4 	 0.00240715893044444 	 6.171749352595987E-4 	 0.00240715893044444 	 
-1.272 	 0.0024989032608438862 	 0.0026871362161451063 	 0.0024989032608438862 	 0.0026871362161451063 	 0.0024989032608438862 	 0.0026871362161451063 	 0.0024989032608438862 	 0.0026871362161451063 	 6.523765885796335E-4 	 0.00283792700023312 	 6.523765885796335E-4 	 0.00283792700023312 	 6.523765885796335E-4 	 0.00283792700023312 	 6.523765885796335E-4 	 0.00283792700023312 	 
-1.248 	 0.0016725082193262447 	 0.0012710122635018616 	 0.0016725082193262447 	 0.0012710122635018616 	 0.0016725082193262447 	 0.0012710122635018616 	 0.0016725082193262447 	 0.0012710122635018616 	 6.648316213536072E-4 	 0.00204302264873507 	 6.648316213536072E-4 	 0.00204302264873507 	 6.648316213536072E-4 	 0.00204302264873507 	 6.648316213536072E-4 	 0.00204302264873507 	 
-1.224 	 0.001083694035898866 	 8.620683973322102E-4 	 0.001083694035898866 	 8.620683973322102E-4 	 0.001083694035898866 	 8.620683973322102E-4 	 0.001083694035898866 	 8.620683973322102E-4 	 7.052599271055369E-4 	 0.0015323313335131041 	 7.052599271055369E-4 	 0.0015323313335131041 	 7.052599271055369E-4 	 0.0015323313335131041 	 7.052599271055369E-4 	 0.0015323313335131041 	 
-1.2 	 0.0013400888617149363 	 0.00146622792917195 	 0.0013400888617149363 	 0.00146622792917195 	 0.0013400888617149363 	 0.00146622792917195 	 0.0013400888617149363 	 0.00146622792917195 	 7.672406972266801E-4 	 0.0017546721569137748 	 7.672406972266801E-4 	 0.0017546721569137748 	 7.672406972266801E-4 	 0.0017546721569137748 	 7.672406972266801E-4 	 0.0017546721569137748 	 
-1.176 	 6.246643974679905E-4 	 2.53150810517156E-4 	 6.246643974679905E-4 	 2.53150810517156E-4 	 6.246643974679905E-4 	 2.53150810517156E-4 	 6.246643974679905E-4 	 2.53150810517156E-4 	 7.797038487887976E-4 	 0.0010553512068065347 	 7.797038487887976E-4 	 0.0010553512068065347 	 7.797038487887976E-4 	 0.0010553512068065347 	 7.797038487887976E-4 	 0.0010553512068065347 	 
-1.152 	 6.000937220846782E-4 	 6.543779982210206E-4 	 6.000937220846782E-4 	 6.543779982210206E-4 	 6.000937220846782E-4 	 6.543779982210206E-4 	 6.000937220846782E-4 	 6.543779982210206E-4 	 8.921115742600216E-4 	 0.0010510049457242011 	 8.921115742600216E-4 	 0.0010510049457242011 	 8.921115742600216E-4 	 0.0010510049457242011 	 8.921115742600216E-4 	 0.0010510049457242011 	 
-1.128 	 5.22241299239471E-4 	 4.5225388676452326E-4 	 5.22241299239471E-4 	 4.5225388676452326E-4 	 5.22241299239471E-4 	 4.5225388676452326E-4 	 5.22241299239471E-4 	 4.5225388676452326E-4 	 9.190754453865135E-4 	 9.298095727733445E-4 	 9.190754453865135E-4 	 9.298095727733445E-4 	 9.190754453865135E-4 	 9.298095727733445E-4 	 9.190754453865135E-4 	 9.298095727733445E-4 	 
-1.1039999999999999 	 8.878070538353914E-4 	 0.0010544685028030748 	 8.878070538353914E-4 	 0.0010544685028030748 	 8.878070538353914E-4 	 0.0010544685028030748 	 8.878070538353914E-4 	 0.0010544685028030748 	 9.625657192339467E-4 	 0.0012483060149681379 	 9.625657192339467E-4 	 0.0012483060149681379 	 9.625657192339467E-4 	 0.0012483060149681379 	 9.625657192339467E-4 	 0.0012483060149681379 	 
-1.08 	 3.3283991298670623E-4 	 4.575243680669576E-5 	 3.3283991298670623E-4 	 4.575243680669576E-5 	 3.3283991298670623E-4 	 4.575243680669576E-5 	 3.3283991298670623E-4 	 4.575243680669576E-5 	 0.0010065407743756508 	 7.022603817229919E-4 	 0.0010065407743756508 	 7.022603817229919E-4 	 0.0010065407743756508 	 7.022603817229919E-4 	 0.0010065407743756508 	 7.022603817229919E-4 	 
-1.056 	 5.07365842670846E-4 	 6.44567568317091E-4 	 5.07365842670846E-4 	 6.44567568317091E-4 	 5.07365842670846E-4 	 6.44567568317091E-4 	 5.07365842670846E-4 	 6.44567568317091E-4 	 0.0010629479860789148 	 8.718038495701753E-4 	 0.0010629479860789148 	 8.718038495701753E-4 	 0.0010629479860789148 	 8.718038495701753E-4 	 0.0010629479860789148 	 8.718038495701753E-4 	 
-1.032 	 0.001583084016680647 	 0.00206223838592937 	 0.001583084016680647 	 0.00206223838592937 	 0.001583084016680647 	 0.00206223838592937 	 0.001583084016680647 	 0.00206223838592937 	 0.0011331845886169574 	 0.0018290887684028626 	 0.0011331845886169574 	 0.0018290887684028626 	 0.0011331845886169574 	 0.0018290887684028626 	 0.0011331845886169574 	 0.0018290887684028626 	 
-1.008 	 9.684355116564641E-4 	 6.51850615508823E-4 	 9.684355116564641E-4 	 6.51850615508823E-4 	 9.684355116564641E-4 	 6.51850615508823E-4 	 9.684355116564641E-4 	 6.51850615508823E-4 	 0.0011952621774659299 	 0.0012318038285013923 	 0.0011952621774659299 	 0.0012318038285013923 	 0.0011952621774659299 	 0.0012318038285013923 	 0.0011952621774659299 	 0.0012318038285013923 	 
-0.984 	 6.625378750061783E-4 	 6.450609676536663E-4 	 6.625378750061783E-4 	 6.450609676536663E-4 	 6.625378750061783E-4 	 6.450609676536663E-4 	 6.625378750061783E-4 	 6.450609676536663E-4 	 0.0012574580681880868 	 9.749783144375892E-4 	 0.0012574580681880868 	 9.749783144375892E-4 	 0.0012574580681880868 	 9.749783144375892E-4 	 0.0012574580681880868 	 9.749783144375892E-4 	 
-0.96 	 4.997768253110024E-4 	 4.3649537661319046E-4 	 4.997768253110024E-4 	 4.3649537661319046E-4 	 4.997768253110024E-4 	 4.3649537661319046E-4 	 4.997768253110024E-4 	 4.3649537661319046E-4 	 0.0012968208828395104 	 8.017315931459083E-4 	 0.0012968208828395104 	 8.017315931459083E-4 	 0.0012968208828395104 	 8.017315931459083E-4 	 0.0012968208828395104 	 8.017315931459083E-4 	 
-0.9359999999999999 	 9.927057828243784E-4 	 0.0012464385082749635 	 9.927057828243784E-4 	 0.0012464385082749635 	 9.927057828243784E-4 	 0.0012464385082749635 	 9.927057828243784E-4 	 0.0012464385082749635 	 0.0013855486986150399 	 0.0012582475241490155 	 0.0013855486986150399 	 0.0012582475241490155 	 0.0013855486986150399 	 0.0012582475241490155 	 0.0013855486986150399 	 0.0012582475241490155 	 
-0.9119999999999999 	 4.883280828127182E-4 	 2.3621505043271092E-4 	 4.883280828127182E-4 	 2.3621505043271092E-4 	 4.883280828127182E-4 	 2.3621505043271092E-4 	 4.883280828127182E-4 	 2.3621505043271092E-4 	 0.0014748819058002685 	 7.71758209907399E-4 	 0.0014748819058002685 	 7.71758209907399E-4 	 0.0014748819058002685 	 7.71758209907399E-4 	 0.0014748819058002685 	 7.71758209907399E-4 	 
-0.8879999999999999 	 2.5923237597741237E-4 	 2.2949904657420297E-4 	 2.5923237597741237E-4 	 2.2949904657420297E-4 	 2.5923237597741237E-4 	 2.2949904657420297E-4 	 2.5923237597741237E-4 	 2.2949904657420297E-4 	 0.0015855972458595235 	 5.79841899085314E-4 	 0.0015855972458595235 	 5.79841899085314E-4 	 0.0015855972458595235 	 5.79841899085314E-4 	 0.0015855972458595235 	 5.79841899085314E-4 	 
-0.8639999999999999 	 1.1409203980062038E-4 	 2.559622551313299E-5 	 1.1409203980062038E-4 	 2.559622551313299E-5 	 1.1409203980062038E-4 	 2.559622551313299E-5 	 1.1409203980062038E-4 	 2.559622551313299E-5 	 0.0016609926830401028 	 4.3184310518891656E-4 	 0.0016609926830401028 	 4.3184310518891656E-4 	 0.0016609926830401028 	 4.3184310518891656E-4 	 0.0016609926830401028 	 4.3184310518891656E-4 	 
-0.8399999999999999 	 3.3850883565319053E-4 	 4.2912630982054156E-4 	 3.3850883565319053E-4 	 4.2912630982054156E-4 	 3.3850883565319053E-4 	 4.2912630982054156E-4 	 3.3850883565319053E-4 	 4.2912630982054156E-4 	 0.0017788040135717355 	 6.38046337195254E-4 	 0.0017788040135717355 	 6.38046337195254E-4 	 0.0017788040135717355 	 6.38046337195254E-4 	 0.0017788040135717355 	 6.38046337195254E-4 	 
-0.8159999999999998 	 4.138434717521993E-4 	 4.294883630999313E-4 	 4.138434717521993E-4 	 4.294883630999313E-4 	 4.138434717521993E-4 	 4.294883630999313E-4 	 4.138434717521993E-4 	 4.294883630999313E-4 	 0.0018770356618122536 	 6.896061243082094E-4 	 0.0018770356618122536 	 6.896061243082094E-4 	 0.0018770356618122536 	 6.896061243082094E-4 	 0.0018770356618122536 	 6.896061243082094E-4 	 
-0.7919999999999998 	 4.1947528188994383E-4 	 4.300314631719396E-4 	 4.1947528188994383E-4 	 4.300314631719396E-4 	 4.1947528188994383E-4 	 4.300314631719396E-4 	 4.1947528188994383E-4 	 4.300314631719396E-4 	 0.002100202498279034 	 6.999159870340121E-4 	 0.002100202498279034 	 6.999159870340121E-4 	 0.002100202498279034 	 6.999159870340121E-4 	 0.002100202498279034 	 6.999159870340121E-4 	 
-0.7679999999999998 	 4.23572456426071E-4 	 4.318065295633246E-4 	 4.23572456426071E-4 	 4.318065295633246E-4 	 4.23572456426071E-4 	 4.318065295633246E-4 	 4.23572456426071E-4 	 4.318065295633246E-4 	 0.0022020707145548753 	 6.916761812738834E-4 	 0.0022020707145548753 	 6.916761812738834E-4 	 0.0022020707145548753 	 6.916761812738834E-4 	 0.0022020707145548753 	 6.916761812738834E-4 	 
-0.7439999999999998 	 4.259068304226503E-4 	 4.324469157276937E-4 	 4.259068304226503E-4 	 4.324469157276937E-4 	 4.259068304226503E-4 	 4.324469157276937E-4 	 4.259068304226503E-4 	 4.324469157276937E-4 	 0.002393504209659497 	 6.900026093620049E-4 	 0.002393504209659497 	 6.900026093620049E-4 	 0.002393504209659497 	 6.900026093620049E-4 	 0.002393504209659497 	 6.900026093620049E-4 	 
-0.7199999999999998 	 1.390336920666609E-4 	 2.6932176698286647E-5 	 1.390336920666609E-4 	 2.6932176698286647E-5 	 1.390336920666609E-4 	 2.6932176698286647E-5 	 1.390336920666609E-4 	 2.6932176698286647E-5 	 0.0025931363664905885 	 4.1853642496600234E-4 	 0.0025931363664905885 	 4.1853642496600234E-4 	 0.0025931363664905885 	 4.1853642496600234E-4 	 0.0025931363664905885 	 4.1853642496600234E-4 	 
-0.6959999999999997 	 4.5428187260638977E-4 	 6.331442595980926E-4 	 4.5428187260638977E-4 	 6.331442595980926E-4 	 4.5428187260638977E-4 	 6.331442595980926E-4 	 4.5428187260638977E-4 	 6.331442595980926E-4 	 0.0027354407032910573 	 7.083066860589409E-4 	 0.0027354407032910573 	 7.083066860589409E-4 	 0.0027354407032910573 	 7.083066860589409E-4 	 0.0027354407032910573 	 7.083066860589409E-4 	 
-0.6720000000000002 	 4.514309193418467E-4 	 4.3474939629008593E-4 	 4.514309193418467E-4 	 4.3474939629008593E-4 	 4.514309193418467E-4 	 4.3474939629008593E-4 	 4.514309193418467E-4 	 4.3474939629008593E-4 	 0.0029419393536747303 	 6.845827529488993E-4 	 0.0029419393536747303 	 6.845827529488993E-4 	 0.0029419393536747303 	 6.845827529488993E-4 	 0.0029419393536747303 	 6.845827529488993E-4 	 
-0.6480000000000001 	 4.15355641412431E-4 	 4.3374508750986256E-4 	 4.15355641412431E-4 	 4.3374508750986256E-4 	 4.15355641412431E-4 	 4.3374508750986256E-4 	 4.15355641412431E-4 	 4.3374508750986256E-4 	 0.003128574146809478 	 6.505021075147874E-4 	 0.003128574146809478 	 6.505021075147874E-4 	 0.003128574146809478 	 6.505021075147874E-4 	 0.003128574146809478 	 6.505021075147874E-4 	 
-0.6240000000000001 	 2.731233920374354E-4 	 2.3208560380354426E-4 	 2.731233920374354E-4 	 2.3208560380354426E-4 	 2.731233920374354E-4 	 2.3208560380354426E-4 	 2.731233920374354E-4 	 2.3208560380354426E-4 	 0.003479339649479974 	 5.199025007356452E-4 	 0.003479339649479974 	 5.199025007356452E-4 	 0.003479339649479974 	 5.199025007356452E-4 	 0.003479339649479974 	 5.199025007356452E-4 	 
-0.6000000000000001 	 8.609853336492003E-5 	 3.058073268942048E-5 	 8.609853336492003E-5 	 3.058073268942048E-5 	 8.609853336492003E-5 	 3.058073268942048E-5 	 8.609853336492003E-5 	 3.058073268942048E-5 	 0.003561460651149432 	 3.373858476219332E-4 	 0.003561460651149432 	 3.373858476219332E-4 	 0.003561460651149432 	 3.373858476219332E-4 	 0.003561460651149432 	 3.373858476219332E-4 	 
-0.5760000000000001 	 3.730381375619255E-5 	 3.0167131828344818E-5 	 3.730381375619255E-5 	 3.0167131828344818E-5 	 3.730381375619255E-5 	 3.0167131828344818E-5 	 3.730381375619255E-5 	 3.0167131828344818E-5 	 0.003928160823098574 	 3.010913746611818E-4 	 0.003928160823098574 	 3.010913746611818E-4 	 0.003928160823098574 	 3.010913746611818E-4 	 0.003928160823098574 	 3.010913746611818E-4 	 
-0.552 	 4.123782705447425E-5 	 3.109124084429912E-5 	 4.123782705447425E-5 	 3.109124084429912E-5 	 4.123782705447425E-5 	 3.109124084429912E-5 	 4.123782705447425E-5 	 3.109124084429912E-5 	 0.004223460730103872 	 2.9302840912773454E-4 	 0.004223460730103872 	 2.9302840912773454E-4 	 0.004223460730103872 	 2.9302840912773454E-4 	 0.004223460730103872 	 2.9302840912773454E-4 	 
-0.528 	 3.228284418200646E-5 	 3.200637597329645E-5 	 3.228284418200646E-5 	 3.200637597329645E-5 	 3.228284418200646E-5 	 3.200637597329645E-5 	 3.228284418200646E-5 	 3.200637597329645E-5 	 0.004474533419036223 	 2.80988572101597E-4 	 0.004474533419036223 	 2.80988572101597E-4 	 0.004474533419036223 	 2.80988572101597E-4 	 0.004474533419036223 	 2.80988572101597E-4 	 
-0.504 	 2.143042244693257E-5 	 3.3610374041282185E-5 	 2.143042244693257E-5 	 3.3610374041282185E-5 	 2.143042244693257E-5 	 3.3610374041282185E-5 	 2.143042244693257E-5 	 3.3610374041282185E-5 	 0.004794246118844755 	 2.6501369057691594E-4 	 0.004794246118844755 	 2.6501369057691594E-4 	 0.004794246118844755 	 2.6501369057691594E-4 	 0.004794246118844755 	 2.6501369057691594E-4 	 
-0.48 	 1.9018794133527716E-5 	 3.369723228156593E-5 	 1.9018794133527716E-5 	 3.369723228156593E-5 	 1.9018794133527716E-5 	 3.369723228156593E-5 	 1.9018794133527716E-5 	 3.369723228156593E-5 	 0.005135610767372833 	 2.558558179886504E-4 	 0.005135610767372833 	 2.558558179886504E-4 	 0.005135610767372833 	 2.558558179886504E-4 	 0.005135610767372833 	 2.558558179886504E-4 	 
-0.45599999999999996 	 1.551982771227106E-4 	 2.3960229979659228E-4 	 1.551982771227106E-4 	 2.3960229979659228E-4 	 1.551982771227106E-4 	 2.3960229979659228E-4 	 1.551982771227106E-4 	 2.3960229979659228E-4 	 0.005844454190849852 	 3.8181094163178595E-4 	 0.005844454190849852 	 3.8181094163178595E-4 	 0.005844454190849852 	 3.8181094163178595E-4 	 0.005844454190849852 	 3.8181094163178595E-4 	 
-0.43199999999999994 	 6.380540299811618E-5 	 3.765407796988663E-5 	 6.380540299811618E-5 	 3.765407796988663E-5 	 6.380540299811618E-5 	 3.765407796988663E-5 	 6.380540299811618E-5 	 3.765407796988663E-5 	 0.005935739343312236 	 2.759497967725949E-4 	 0.005935739343312236 	 2.759497967725949E-4 	 0.005935739343312236 	 2.759497967725949E-4 	 0.005935739343312236 	 2.759497967725949E-4 	 
-0.4079999999999999 	 1.543555813746885E-4 	 2.4142138803343358E-4 	 1.543555813746885E-4 	 2.4142138803343358E-4 	 1.543555813746885E-4 	 2.4142138803343358E-4 	 1.543555813746885E-4 	 2.4142138803343358E-4 	 0.006795440746156475 	 3.603064370511824E-4 	 0.006795440746156475 	 3.603064370511824E-4 	 0.006795440746156475 	 3.603064370511824E-4 	 0.006795440746156475 	 3.603064370511824E-4 	 
-0.3839999999999999 	 3.34056224981951E-4 	 4.4444165920417287E-4 	 3.34056224981951E-4 	 4.4444165920417287E-4 	 3.34056224981951E-4 	 4.4444165920417287E-4 	 3.34056224981951E-4 	 4.4444165920417287E-4 	 0.007245607008860987 	 5.10695929669068E-4 	 0.007245607008860987 	 5.10695929669068E-4 	 0.007245607008860987 	 5.10695929669068E-4 	 0.007245607008860987 	 5.10695929669068E-4 	 
-0.3599999999999999 	 1.1734308937943281E-4 	 4.189975635678903E-5 	 1.1734308937943281E-4 	 4.189975635678903E-5 	 1.1734308937943281E-4 	 4.189975635678903E-5 	 1.1734308937943281E-4 	 4.189975635678903E-5 	 0.008024687172378494 	 3.047012751960094E-4 	 0.008024687172378494 	 3.047012751960094E-4 	 0.008024687172378494 	 3.047012751960094E-4 	 0.008024687172378494 	 3.047012751960094E-4 	 
-0.33599999999999985 	 1.6722916848957813E-4 	 2.444458644752237E-4 	 1.6722916848957813E-4 	 2.444458644752237E-4 	 1.6722916848957813E-4 	 2.444458644752237E-4 	 1.6722916848957813E-4 	 2.444458644752237E-4 	 0.00885124329699262 	 3.5479190901094765E-4 	 0.00885124329699262 	 3.5479190901094765E-4 	 0.00885124329699262 	 3.5479190901094765E-4 	 0.00885124329699262 	 3.5479190901094765E-4 	 
-0.31199999999999983 	 6.998509029978332E-5 	 4.4178616089581345E-5 	 6.998509029978332E-5 	 4.4178616089581345E-5 	 6.998509029978332E-5 	 4.4178616089581345E-5 	 6.998509029978332E-5 	 4.4178616089581345E-5 	 0.009831703005680936 	 2.601114717883259E-4 	 0.009831703005680936 	 2.601114717883259E-4 	 0.009831703005680936 	 2.601114717883259E-4 	 0.009831703005680936 	 2.601114717883259E-4 	 
-0.2879999999999998 	 2.2738899125098968E-5 	 4.3555603793082026E-5 	 2.2738899125098968E-5 	 4.3555603793082026E-5 	 2.2738899125098968E-5 	 4.3555603793082026E-5 	 2.2738899125098968E-5 	 4.3555603793082026E-5 	 0.01073655775107335 	 2.175829447464413E-4 	 0.01073655775107335 	 2.175829447464413E-4 	 0.01073655775107335 	 2.175829447464413E-4 	 0.01073655775107335 	 2.175829447464413E-4 	 
-0.2639999999999998 	 1.7894024782021357E-5 	 4.583425005353934E-5 	 1.7894024782021357E-5 	 4.583425005353934E-5 	 1.7894024782021357E-5 	 4.583425005353934E-5 	 1.7894024782021357E-5 	 4.583425005353934E-5 	 0.011900065195733146 	 2.0031830537205986E-4 	 0.011900065195733146 	 2.0031830537205986E-4 	 0.011900065195733146 	 2.0031830537205986E-4 	 0.011900065195733146 	 2.0031830537205986E-4 	 
-0.23999999999999977 	 2.941821829853971E-4 	 4.503350623349667E-4 	 2.941821829853971E-4 	 4.503350623349667E-4 	 2.941821829853971E-4 	 4.503350623349667E-4 	 2.941821829853971E-4 	 4.503350623349667E-4 	 0.013046149842441205 	 4.58452109534877E-4 	 0.013046149842441205 	 4.58452109534877E-4 	 0.013046149842441205 	 4.58452109534877E-4 	 0.013046149842441205 	 4.58452109534877E-4 	 
-0.21599999999999975 	 1.1648489133524561E-4 	 4.9556681437836854E-5 	 1.1648489133524561E-4 	 4.9556681437836854E-5 	 1.1648489133524561E-4 	 4.9556681437836854E-5 	 1.1648489133524561E-4 	 4.9556681437836854E-5 	 0.014713106629348431 	 2.7919410974393196E-4 	 0.014713106629348431 	 2.7919410974393196E-4 	 0.014713106629348431 	 2.7919410974393196E-4 	 0.014713106629348431 	 2.7919410974393196E-4 	 
-0.19199999999999973 	 3.130088222589143E-5 	 5.05491705163232E-5 	 3.130088222589143E-5 	 5.05491705163232E-5 	 3.130088222589143E-5 	 5.05491705163232E-5 	 3.130088222589143E-5 	 5.05491705163232E-5 	 0.016066840887716267 	 2.0839852475457868E-4 	 0.016066840887716267 	 2.0839852475457868E-4 	 0.016066840887716267 	 2.0839852475457868E-4 	 0.016066840887716267 	 2.0839852475457868E-4 	 
-0.16800000000000015 	 2.4375700111456042E-5 	 4.98821858222229E-5 	 2.4375700111456042E-5 	 4.98821858222229E-5 	 2.4375700111456042E-5 	 4.98821858222229E-5 	 2.4375700111456042E-5 	 4.98821858222229E-5 	 0.017443855785128748 	 2.0087329311564014E-4 	 0.017443855785128748 	 2.0087329311564014E-4 	 0.017443855785128748 	 2.0087329311564014E-4 	 0.017443855785128748 	 2.0087329311564014E-4 	 
-0.14400000000000013 	 2.5175299804623342E-5 	 5.019926348593036E-5 	 2.5175299804623342E-5 	 5.019926348593036E-5 	 2.5175299804623342E-5 	 5.019926348593036E-5 	 2.5175299804623342E-5 	 5.019926348593036E-5 	 0.019615356849863156 	 1.9631443816487358E-4 	 0.019615356849863156 	 1.9631443816487358E-4 	 0.019615356849863156 	 1.9631443816487358E-4 	 0.019615356849863156 	 1.9631443816487358E-4 	 
-0.1200000000000001 	 2.353386255181412E-5 	 5.6402655139249904E-5 	 2.353386255181412E-5 	 5.6402655139249904E-5 	 2.353386255181412E-5 	 5.6402655139249904E-5 	 2.353386255181412E-5 	 5.6402655139249904E-5 	 0.021643587570519877 	 1.996217535133017E-4 	 0.021643587570519877 	 1.996217535133017E-4 	 0.021643587570519877 	 1.996217535133017E-4 	 0.021643587570519877 	 1.996217535133017E-4 	 
-0.09600000000000009 	 1.5736562632819156E-4 	 2.536280957986072E-4 	 1.5736562632819156E-4 	 2.536280957986072E-4 	 1.5736562632819156E-4 	 2.536280957986072E-4 	 1.5736562632819156E-4 	 2.536280957986072E-4 	 0.02227939650710112 	 3.1100693914404303E-4 	 0.02227939650710112 	 3.1100693914404303E-4 	 0.02227939650710112 	 3.1100693914404303E-4 	 0.02227939650710112 	 3.1100693914404303E-4 	 
-0.07200000000000006 	 7.085372197220651E-5 	 5.514284997332862E-5 	 7.085372197220651E-5 	 5.514284997332862E-5 	 7.085372197220651E-5 	 5.514284997332862E-5 	 7.085372197220651E-5 	 5.514284997332862E-5 	 0.025771645459202693 	 2.4046124598662105E-4 	 0.025771645459202693 	 2.4046124598662105E-4 	 0.025771645459202693 	 2.4046124598662105E-4 	 0.025771645459202693 	 2.4046124598662105E-4 	 
-0.04800000000000004 	 2.818863171759312E-5 	 5.68517132890588E-5 	 2.818863171759312E-5 	 5.68517132890588E-5 	 2.818863171759312E-5 	 5.68517132890588E-5 	 2.818863171759312E-5 	 5.68517132890588E-5 	 0.027318434524432347 	 2.00046417091808E-4 	 0.027318434524432347 	 2.00046417091808E-4 	 0.027318434524432347 	 2.00046417091808E-4 	 0.027318434524432347 	 2.00046417091808E-4 	 
-0.02400000000000002 	 2.841907220627466E-5 	 5.5391385041407374E-5 	 2.841907220627466E-5 	 5.5391385041407374E-5 	 2.841907220627466E-5 	 5.5391385041407374E-5 	 2.841907220627466E-5 	 5.5391385041407374E-5 	 0.028700369195684822 	 2.0242557768134105E-4 	 0.028700369195684822 	 2.0242557768134105E-4 	 0.028700369195684822 	 2.0242557768134105E-4 	 0.028700369195684822 	 2.0242557768134105E-4 	 
0.0 	 3.09384446406678E-5 	 5.908204478176257E-5 	 3.09384446406678E-5 	 5.908204478176257E-5 	 3.09384446406678E-5 	 5.908204478176257E-5 	 3.09384446406678E-5 	 5.908204478176257E-5 	 0.0313087771232605 	 2.0957303885883643E-4 	 0.0313087771232605 	 2.0957303885883643E-4 	 0.0313087771232605 	 2.0957303885883643E-4 	 0.0313087771232605 	 2.0957303885883643E-4 	 
0.02400000000000002 	 3.2018518465420326E-5 	 6.237669943420551E-5 	 3.2018518465420326E-5 	 6.237669943420551E-5 	 3.2018518465420326E-5 	 6.237669943420551E-5 	 3.2018518465420326E-5 	 6.237669943420551E-5 	 0.033404261470456484 	 2.1497782434721496E-4 	 0.033404261470456484 	 2.1497782434721496E-4 	 0.033404261470456484 	 2.1497782434721496E-4 	 0.033404261470456484 	 2.1497782434721496E-4 	 
0.04800000000000004 	 1.7190840200109647E-4 	 2.657946338825471E-4 	 1.7190840200109647E-4 	 2.657946338825471E-4 	 1.7190840200109647E-4 	 2.657946338825471E-4 	 1.7190840200109647E-4 	 2.657946338825471E-4 	 0.033995417949881986 	 3.406704319865805E-4 	 0.033995417949881986 	 3.406704319865805E-4 	 0.033995417949881986 	 3.406704319865805E-4 	 0.033995417949881986 	 3.406704319865805E-4 	 
0.07200000000000006 	 9.294922717316805E-5 	 7.122456099323436E-5 	 9.294922717316805E-5 	 7.122456099323436E-5 	 9.294922717316805E-5 	 7.122456099323436E-5 	 9.294922717316805E-5 	 7.122456099323436E-5 	 0.036162525590859106 	 2.7175231705630276E-4 	 0.036162525590859106 	 2.7175231705630276E-4 	 0.036162525590859106 	 2.7175231705630276E-4 	 0.036162525590859106 	 2.7175231705630276E-4 	 
0.09600000000000009 	 5.441504275362098E-5 	 7.759981684028465E-5 	 5.441504275362098E-5 	 7.759981684028465E-5 	 5.441504275362098E-5 	 7.759981684028465E-5 	 5.441504275362098E-5 	 7.759981684028465E-5 	 0.0374297159517505 	 2.5082517416527E-4 	 0.0374297159517505 	 2.5082517416527E-4 	 0.0374297159517505 	 2.5082517416527E-4 	 0.0374297159517505 	 2.5082517416527E-4 	 
0.1200000000000001 	 5.305295076743723E-5 	 7.75397727695923E-5 	 5.305295076743723E-5 	 7.75397727695923E-5 	 5.305295076743723E-5 	 7.75397727695923E-5 	 5.305295076743723E-5 	 7.75397727695923E-5 	 0.0376937054502424 	 2.455266699380265E-4 	 0.0376937054502424 	 2.455266699380265E-4 	 0.0376937054502424 	 2.455266699380265E-4 	 0.0376937054502424 	 2.455266699380265E-4 	 
0.14400000000000013 	 5.6901649416231975E-5 	 8.365944486831475E-5 	 5.6901649416231975E-5 	 8.365944486831475E-5 	 5.6901649416231975E-5 	 8.365944486831475E-5 	 5.6901649416231975E-5 	 8.365944486831475E-5 	 0.038173377991770195 	 2.547911526760757E-4 	 0.038173377991770195 	 2.547911526760757E-4 	 0.038173377991770195 	 2.547911526760757E-4 	 0.038173377991770195 	 2.547911526760757E-4 	 
0.16800000000000015 	 6.141281983776316E-5 	 9.114076788587661E-5 	 6.141281983776316E-5 	 9.114076788587661E-5 	 6.141281983776316E-5 	 9.114076788587661E-5 	 6.141281983776316E-5 	 9.114076788587661E-5 	 0.037815128336827576 	 2.558589900229958E-4 	 0.037815128336827576 	 2.558589900229958E-4 	 0.037815128336827576 	 2.558589900229958E-4 	 0.037815128336827576 	 2.558589900229958E-4 	 
0.19200000000000017 	 6.882402703173337E-5 	 9.7302562522419E-5 	 6.882402703173337E-5 	 9.7302562522419E-5 	 6.882402703173337E-5 	 9.7302562522419E-5 	 6.882402703173337E-5 	 9.7302562522419E-5 	 0.03715529090659569 	 2.603518660724347E-4 	 0.03715529090659569 	 2.603518660724347E-4 	 0.03715529090659569 	 2.603518660724347E-4 	 0.03715529090659569 	 2.603518660724347E-4 	 
0.2160000000000002 	 7.430144570214603E-5 	 1.0056510755321157E-4 	 7.430144570214603E-5 	 1.0056510755321157E-4 	 7.430144570214603E-5 	 1.0056510755321157E-4 	 7.430144570214603E-5 	 1.0056510755321157E-4 	 0.03613112652822375 	 2.5785345676536425E-4 	 0.03613112652822375 	 2.5785345676536425E-4 	 0.03613112652822375 	 2.5785345676536425E-4 	 0.03613112652822375 	 2.5785345676536425E-4 	 
0.2400000000000002 	 7.058621916464042E-5 	 9.800791361991126E-5 	 7.058621916464042E-5 	 9.800791361991126E-5 	 7.058621916464042E-5 	 9.800791361991126E-5 	 7.058621916464042E-5 	 9.800791361991126E-5 	 0.03366220805725935 	 2.472988176590731E-4 	 0.03366220805725935 	 2.472988176590731E-4 	 0.03366220805725935 	 2.472988176590731E-4 	 0.03366220805725935 	 2.472988176590731E-4 	 
0.26400000000000023 	 7.39771696828632E-5 	 9.897403700824699E-5 	 7.39771696828632E-5 	 9.897403700824699E-5 	 7.39771696828632E-5 	 9.897403700824699E-5 	 7.39771696828632E-5 	 9.897403700824699E-5 	 0.03194209789230722 	 2.4138373456847377E-4 	 0.03194209789230722 	 2.4138373456847377E-4 	 0.03194209789230722 	 2.4138373456847377E-4 	 0.03194209789230722 	 2.4138373456847377E-4 	 
0.28800000000000026 	 7.516407968475643E-5 	 9.843528653337938E-5 	 7.516407968475643E-5 	 9.843528653337938E-5 	 7.516407968475643E-5 	 9.843528653337938E-5 	 7.516407968475643E-5 	 9.843528653337938E-5 	 0.029373863946556163 	 2.2794325302818855E-4 	 0.029373863946556163 	 2.2794325302818855E-4 	 0.029373863946556163 	 2.2794325302818855E-4 	 0.029373863946556163 	 2.2794325302818855E-4 	 
0.3120000000000003 	 6.877575607275973E-5 	 9.129569580464429E-5 	 6.877575607275973E-5 	 9.129569580464429E-5 	 6.877575607275973E-5 	 9.129569580464429E-5 	 6.877575607275973E-5 	 9.129569580464429E-5 	 0.02612278445900185 	 2.0801441235131996E-4 	 0.02612278445900185 	 2.0801441235131996E-4 	 0.02612278445900185 	 2.0801441235131996E-4 	 0.02612278445900185 	 2.0801441235131996E-4 	 
0.33599999999999985 	 6.610337125537882E-5 	 8.885582938284207E-5 	 6.610337125537882E-5 	 8.885582938284207E-5 	 6.610337125537882E-5 	 8.885582938284207E-5 	 6.610337125537882E-5 	 8.885582938284207E-5 	 0.023427214123580967 	 1.908476165033256E-4 	 0.023427214123580967 	 1.908476165033256E-4 	 0.023427214123580967 	 1.908476165033256E-4 	 0.023427214123580967 	 1.908476165033256E-4 	 
0.3599999999999999 	 6.283163806632743E-5 	 7.95164707170598E-5 	 6.283163806632743E-5 	 7.95164707170598E-5 	 6.283163806632743E-5 	 7.95164707170598E-5 	 6.283163806632743E-5 	 7.95164707170598E-5 	 0.0207382633315438 	 1.7170447649138447E-4 	 0.0207382633315438 	 1.7170447649138447E-4 	 0.0207382633315438 	 1.7170447649138447E-4 	 0.0207382633315438 	 1.7170447649138447E-4 	 
0.3839999999999999 	 5.213568001271208E-5 	 6.835926368741778E-5 	 5.213568001271208E-5 	 6.835926368741778E-5 	 5.213568001271208E-5 	 6.835926368741778E-5 	 5.213568001271208E-5 	 6.835926368741778E-5 	 0.01739084775037392 	 1.4512891966971125E-4 	 0.01739084775037392 	 1.4512891966971125E-4 	 0.01739084775037392 	 1.4512891966971125E-4 	 0.01739084775037392 	 1.4512891966971125E-4 	 
0.4079999999999999 	 4.785500886977438E-5 	 6.196908535848607E-5 	 4.785500886977438E-5 	 6.196908535848607E-5 	 4.785500886977438E-5 	 6.196908535848607E-5 	 4.785500886977438E-5 	 6.196908535848607E-5 	 0.015141895416939206 	 1.303528016426367E-4 	 0.015141895416939206 	 1.303528016426367E-4 	 0.015141895416939206 	 1.303528016426367E-4 	 0.015141895416939206 	 1.303528016426367E-4 	 
0.43199999999999994 	 4.412664793655753E-5 	 5.6997300266261524E-5 	 4.412664793655753E-5 	 5.6997300266261524E-5 	 4.412664793655753E-5 	 5.6997300266261524E-5 	 4.412664793655753E-5 	 5.6997300266261524E-5 	 0.01296605606734798 	 1.1312373928876125E-4 	 0.01296605606734798 	 1.1312373928876125E-4 	 0.01296605606734798 	 1.1312373928876125E-4 	 0.01296605606734798 	 1.1312373928876125E-4 	 
0.45599999999999996 	 3.622542721246133E-5 	 4.585355262212827E-5 	 3.622542721246133E-5 	 4.585355262212827E-5 	 3.622542721246133E-5 	 4.585355262212827E-5 	 3.622542721246133E-5 	 4.585355262212827E-5 	 0.010562205967767916 	 9.387628486488054E-5 	 0.010562205967767916 	 9.387628486488054E-5 	 0.010562205967767916 	 9.387628486488054E-5 	 0.010562205967767916 	 9.387628486488054E-5 	 
0.48 	 2.9847525308764333E-5 	 3.9112883733279536E-5 	 2.9847525308764333E-5 	 3.9112883733279536E-5 	 2.9847525308764333E-5 	 3.9112883733279536E-5 	 2.9847525308764333E-5 	 3.9112883733279536E-5 	 0.008674269244479543 	 7.738125804050206E-5 	 0.008674269244479543 	 7.738125804050206E-5 	 0.008674269244479543 	 7.738125804050206E-5 	 0.008674269244479543 	 7.738125804050206E-5 	 
0.504 	 2.675660860119022E-5 	 3.360224164069054E-5 	 2.675660860119022E-5 	 3.360224164069054E-5 	 2.675660860119022E-5 	 3.360224164069054E-5 	 2.675660860119022E-5 	 3.360224164069054E-5 	 0.007132074182649509 	 6.42410433471816E-5 	 0.007132074182649509 	 6.42410433471816E-5 	 0.007132074182649509 	 6.42410433471816E-5 	 0.007132074182649509 	 6.42410433471816E-5 	 
0.528 	 1.9690899033048978E-5 	 2.5692204691434417E-5 	 1.9690899033048978E-5 	 2.5692204691434417E-5 	 1.9690899033048978E-5 	 2.5692204691434417E-5 	 1.9690899033048978E-5 	 2.5692204691434417E-5 	 0.005527493216237311 	 4.975515609541163E-5 	 0.005527493216237311 	 4.975515609541163E-5 	 0.005527493216237311 	 4.975515609541163E-5 	 0.005527493216237311 	 4.975515609541163E-5 	 
0.552 	 1.6357046038851987E-5 	 2.1601008246030813E-5 	 1.6357046038851987E-5 	 2.1601008246030813E-5 	 1.6357046038851987E-5 	 2.1601008246030813E-5 	 1.6357046038851987E-5 	 2.1601008246030813E-5 	 0.0045672194348928994 	 4.018890782979799E-5 	 0.0045672194348928994 	 4.018890782979799E-5 	 0.0045672194348928994 	 4.018890782979799E-5 	 0.0045672194348928994 	 4.018890782979799E-5 	 
0.5760000000000001 	 1.2063646901658053E-5 	 1.53794970510134E-5 	 1.2063646901658053E-5 	 1.53794970510134E-5 	 1.2063646901658053E-5 	 1.53794970510134E-5 	 1.2063646901658053E-5 	 1.53794970510134E-5 	 0.0035685761625400708 	 3.0725765522190846E-5 	 0.0035685761625400708 	 3.0725765522190846E-5 	 0.0035685761625400708 	 3.0725765522190846E-5 	 0.0035685761625400708 	 3.0725765522190846E-5 	 
0.6000000000000001 	 9.001678741883597E-6 	 1.1548631713500945E-5 	 9.001678741883597E-6 	 1.1548631713500945E-5 	 9.001678741883597E-6 	 1.1548631713500945E-5 	 9.001678741883597E-6 	 1.1548631713500945E-5 	 0.002949368386980027 	 2.4217042917303485E-5 	 0.002949368386980027 	 2.4217042917303485E-5 	 0.002949368386980027 	 2.4217042917303485E-5 	 0.002949368386980027 	 2.4217042917303485E-5 	 
0.6240000000000001 	 7.35742518807745E-6 	 9.462553046440043E-6 	 7.35742518807745E-6 	 9.462553046440043E-6 	 7.35742518807745E-6 	 9.462553046440043E-6 	 7.35742518807745E-6 	 9.462553046440043E-6 	 0.00246623800821842 	 2.046261747033746E-5 	 0.00246623800821842 	 2.046261747033746E-5 	 0.00246623800821842 	 2.046261747033746E-5 	 0.00246623800821842 	 2.046261747033746E-5 	 
0.6480000000000001 	 6.736666698189623E-6 	 8.964309690546068E-6 	 6.736666698189623E-6 	 8.964309690546068E-6 	 6.736666698189623E-6 	 8.964309690546068E-6 	 6.736666698189623E-6 	 8.964309690546068E-6 	 0.0021709095436928828 	 1.8192128393974605E-5 	 0.0021709095436928828 	 1.8192128393974605E-5 	 0.0021709095436928828 	 1.8192128393974605E-5 	 0.0021709095436928828 	 1.8192128393974605E-5 	 
0.6720000000000002 	 5.72852631284344E-6 	 7.68941605436211E-6 	 5.72852631284344E-6 	 7.68941605436211E-6 	 5.72852631284344E-6 	 7.68941605436211E-6 	 5.72852631284344E-6 	 7.68941605436211E-6 	 0.001826851863739998 	 1.5596304186158376E-5 	 0.001826851863739998 	 1.5596304186158376E-5 	 0.001826851863739998 	 1.5596304186158376E-5 	 0.001826851863739998 	 1.5596304186158376E-5 	 
0.6960000000000002 	 4.5171477411260535E-6 	 5.697013769977343E-6 	 4.5171477411260535E-6 	 5.697013769977343E-6 	 4.5171477411260535E-6 	 5.697013769977343E-6 	 4.5171477411260535E-6 	 5.697013769977343E-6 	 0.0015407831593211463 	 1.2949199532238162E-5 	 0.0015407831593211463 	 1.2949199532238162E-5 	 0.0015407831593211463 	 1.2949199532238162E-5 	 0.0015407831593211463 	 1.2949199532238162E-5 	 
0.7200000000000002 	 4.017539594052006E-6 	 5.1613257104756915E-6 	 4.017539594052006E-6 	 5.1613257104756915E-6 	 4.017539594052006E-6 	 5.1613257104756915E-6 	 4.017539594052006E-6 	 5.1613257104756915E-6 	 0.0013117653708022803 	 1.0999085169444294E-5 	 0.0013117653708022803 	 1.0999085169444294E-5 	 0.0013117653708022803 	 1.0999085169444294E-5 	 0.0013117653708022803 	 1.0999085169444294E-5 	 
0.7440000000000002 	 3.513572470884901E-6 	 4.494838106320509E-6 	 3.513572470884901E-6 	 4.494838106320509E-6 	 3.513572470884901E-6 	 4.494838106320509E-6 	 3.513572470884901E-6 	 4.494838106320509E-6 	 0.0010882963558033242 	 9.386763833645698E-6 	 0.0010882963558033242 	 9.386763833645698E-6 	 0.0010882963558033242 	 9.386763833645698E-6 	 0.0010882963558033242 	 9.386763833645698E-6 	 
0.7680000000000002 	 3.296116869856484E-6 	 4.66897016780754E-6 	 3.296116869856484E-6 	 4.66897016780754E-6 	 3.296116869856484E-6 	 4.66897016780754E-6 	 3.296116869856484E-6 	 4.66897016780754E-6 	 9.070752662913199E-4 	 8.032311189725142E-6 	 9.070752662913199E-4 	 8.032311189725142E-6 	 9.070752662913199E-4 	 8.032311189725142E-6 	 9.070752662913199E-4 	 8.032311189725142E-6 	 
0.7920000000000003 	 2.697970693104856E-6 	 3.3485036682244883E-6 	 2.697970693104856E-6 	 3.3485036682244883E-6 	 2.697970693104856E-6 	 3.3485036682244883E-6 	 2.697970693104856E-6 	 3.3485036682244883E-6 	 8.193771781166285E-4 	 7.087414239963376E-6 	 8.193771781166285E-4 	 7.087414239963376E-6 	 8.193771781166285E-4 	 7.087414239963376E-6 	 8.193771781166285E-4 	 7.087414239963376E-6 	 
0.8160000000000003 	 1.9112183748418398E-6 	 2.367539827164948E-6 	 1.9112183748418398E-6 	 2.367539827164948E-6 	 1.9112183748418398E-6 	 2.367539827164948E-6 	 1.9112183748418398E-6 	 2.367539827164948E-6 	 6.432966097883389E-4 	 5.48856496302739E-6 	 6.432966097883389E-4 	 5.48856496302739E-6 	 6.432966097883389E-4 	 5.48856496302739E-6 	 6.432966097883389E-4 	 5.48856496302739E-6 	 
0.8399999999999999 	 1.7575237714033722E-6 	 1.9467737208556245E-6 	 1.7575237714033722E-6 	 1.9467737208556245E-6 	 1.7575237714033722E-6 	 1.9467737208556245E-6 	 1.7575237714033722E-6 	 1.9467737208556245E-6 	 5.400492991049758E-4 	 4.760686948234155E-6 	 5.400492991049758E-4 	 4.760686948234155E-6 	 5.400492991049758E-4 	 4.760686948234155E-6 	 5.400492991049758E-4 	 4.760686948234155E-6 	 
0.8639999999999999 	 1.5562318633040328E-6 	 2.425989431127288E-6 	 1.5562318633040328E-6 	 2.425989431127288E-6 	 1.5562318633040328E-6 	 2.425989431127288E-6 	 1.5562318633040328E-6 	 2.425989431127288E-6 	 4.5495371471101966E-4 	 4.378146506731653E-6 	 4.5495371471101966E-4 	 4.378146506731653E-6 	 4.5495371471101966E-4 	 4.378146506731653E-6 	 4.5495371471101966E-4 	 4.378146506731653E-6 	 
0.8879999999999999 	 1.7903647092370738E-6 	 2.1853384239653476E-6 	 1.7903647092370738E-6 	 2.1853384239653476E-6 	 1.7903647092370738E-6 	 2.1853384239653476E-6 	 1.7903647092370738E-6 	 2.1853384239653476E-6 	 3.831140724669109E-4 	 3.6926069856773297E-6 	 3.831140724669109E-4 	 3.6926069856773297E-6 	 3.831140724669109E-4 	 3.6926069856773297E-6 	 3.831140724669109E-4 	 3.6926069856773297E-6 	 
0.9119999999999999 	 8.964424840199657E-7 	 1.1919248603129524E-6 	 8.964424840199657E-7 	 1.1919248603129524E-6 	 8.964424840199657E-7 	 1.1919248603129524E-6 	 8.964424840199657E-7 	 1.1919248603129524E-6 	 2.7052227494891236E-4 	 2.3705157246116724E-6 	 2.7052227494891236E-4 	 2.3705157246116724E-6 	 2.7052227494891236E-4 	 2.3705157246116724E-6 	 2.7052227494891236E-4 	 2.3705157246116724E-6 	 
0.9359999999999999 	 5.89104701958341E-7 	 7.56950725063013E-7 	 5.89104701958341E-7 	 7.56950725063013E-7 	 5.89104701958341E-7 	 7.56950725063013E-7 	 5.89104701958341E-7 	 7.56950725063013E-7 	 2.1066511879672136E-4 	 1.6202784959361154E-6 	 2.1066511879672136E-4 	 1.6202784959361154E-6 	 2.1066511879672136E-4 	 1.6202784959361154E-6 	 2.1066511879672136E-4 	 1.6202784959361154E-6 	 
0.96 	 3.6259157881171747E-7 	 6.045933206915062E-7 	 3.6259157881171747E-7 	 6.045933206915062E-7 	 3.6259157881171747E-7 	 6.045933206915062E-7 	 3.6259157881171747E-7 	 6.045933206915062E-7 	 1.4701904910237199E-4 	 1.1011264801688243E-6 	 1.4701904910237199E-4 	 1.1011264801688243E-6 	 1.4701904910237199E-4 	 1.1011264801688243E-6 	 1.4701904910237199E-4 	 1.1011264801688243E-6 	 
0.984 	 4.7329449147375316E-7 	 5.82264268138176E-7 	 4.7329449147375316E-7 	 5.82264268138176E-7 	 4.7329449147375316E-7 	 5.82264268138176E-7 	 4.7329449147375316E-7 	 5.82264268138176E-7 	 1.8483534223356083E-4 	 1.4198601502806083E-6 	 1.8483534223356083E-4 	 1.4198601502806083E-6 	 1.8483534223356083E-4 	 1.4198601502806083E-6 	 1.8483534223356083E-4 	 1.4198601502806083E-6 	 
1.008 	 3.512563004245294E-7 	 4.5262246514133653E-7 	 3.512563004245294E-7 	 4.5262246514133653E-7 	 3.512563004245294E-7 	 4.5262246514133653E-7 	 3.512563004245294E-7 	 4.5262246514133653E-7 	 1.5031867626639386E-4 	 1.1647406703079608E-6 	 1.5031867626639386E-4 	 1.1647406703079608E-6 	 1.5031867626639386E-4 	 1.1647406703079608E-6 	 1.5031867626639386E-4 	 1.1647406703079608E-6 	 
1.032 	 3.4746886651325193E-7 	 4.08749179292232E-7 	 3.4746886651325193E-7 	 4.08749179292232E-7 	 3.4746886651325193E-7 	 4.08749179292232E-7 	 3.4746886651325193E-7 	 4.08749179292232E-7 	 1.448798039187708E-4 	 1.2503401053731174E-6 	 1.448798039187708E-4 	 1.2503401053731174E-6 	 1.448798039187708E-4 	 1.2503401053731174E-6 	 1.448798039187708E-4 	 1.2503401053731174E-6 	 
1.056 	 3.99137510266473E-7 	 6.196691105329014E-7 	 3.99137510266473E-7 	 6.196691105329014E-7 	 3.99137510266473E-7 	 6.196691105329014E-7 	 3.99137510266473E-7 	 6.196691105329014E-7 	 1.333956527180953E-4 	 1.2330995105534249E-6 	 1.333956527180953E-4 	 1.2330995105534249E-6 	 1.333956527180953E-4 	 1.2330995105534249E-6 	 1.333956527180953E-4 	 1.2330995105534249E-6 	 
1.08 	 4.683761958071518E-7 	 5.218916740332581E-7 	 4.683761958071518E-7 	 5.218916740332581E-7 	 4.683761958071518E-7 	 5.218916740332581E-7 	 4.683761958071518E-7 	 5.218916740332581E-7 	 1.0690195273106674E-4 	 1.073503534684135E-6 	 1.0690195273106674E-4 	 1.073503534684135E-6 	 1.0690195273106674E-4 	 1.073503534684135E-6 	 1.0690195273106674E-4 	 1.073503534684135E-6 	 
1.104 	 2.593814279903951E-7 	 3.783964245073848E-7 	 2.593814279903951E-7 	 3.783964245073848E-7 	 2.593814279903951E-7 	 3.783964245073848E-7 	 2.593814279903951E-7 	 3.783964245073848E-7 	 7.518059905563334E-5 	 6.694056959033919E-7 	 7.518059905563334E-5 	 6.694056959033919E-7 	 7.518059905563334E-5 	 6.694056959033919E-7 	 7.518059905563334E-5 	 6.694056959033919E-7 	 
1.1280000000000001 	 3.209771967866315E-7 	 4.1365970251287293E-7 	 3.209771967866315E-7 	 4.1365970251287293E-7 	 3.209771967866315E-7 	 4.1365970251287293E-7 	 3.209771967866315E-7 	 4.1365970251287293E-7 	 7.210085289768857E-5 	 6.582099477959685E-7 	 7.210085289768857E-5 	 6.582099477959685E-7 	 7.210085289768857E-5 	 6.582099477959685E-7 	 7.210085289768857E-5 	 6.582099477959685E-7 	 
1.1520000000000001 	 1.2591982459752817E-7 	 2.4508199848478884E-7 	 1.2591982459752817E-7 	 2.4508199848478884E-7 	 1.2591982459752817E-7 	 2.4508199848478884E-7 	 1.2591982459752817E-7 	 2.4508199848478884E-7 	 3.0636382360979314E-5 	 2.6402430570466905E-7 	 3.0636382360979314E-5 	 2.6402430570466905E-7 	 3.0636382360979314E-5 	 2.6402430570466905E-7 	 3.0636382360979314E-5 	 2.6402430570466905E-7 	 
1.1760000000000002 	 6.166630386335062E-8 	 6.921416889658022E-8 	 6.166630386335062E-8 	 6.921416889658022E-8 	 6.166630386335062E-8 	 6.921416889658022E-8 	 6.166630386335062E-8 	 6.921416889658022E-8 	 5.315056171846309E-5 	 3.5512642342893063E-7 	 5.315056171846309E-5 	 3.5512642342893063E-7 	 5.315056171846309E-5 	 3.5512642342893063E-7 	 5.315056171846309E-5 	 3.5512642342893063E-7 	 
1.2000000000000002 	 6.799197221659339E-8 	 4.4055806345716986E-8 	 6.799197221659339E-8 	 4.4055806345716986E-8 	 6.799197221659339E-8 	 4.4055806345716986E-8 	 6.799197221659339E-8 	 4.4055806345716986E-8 	 4.4668169684814526E-5 	 3.101878188342828E-7 	 4.4668169684814526E-5 	 3.101878188342828E-7 	 4.4668169684814526E-5 	 3.101878188342828E-7 	 4.4668169684814526E-5 	 3.101878188342828E-7 	 
1.2240000000000002 	 6.16772404967993E-8 	 3.15270929198847E-8 	 6.16772404967993E-8 	 3.15270929198847E-8 	 6.16772404967993E-8 	 3.15270929198847E-8 	 6.16772404967993E-8 	 3.15270929198847E-8 	 3.917785347026705E-5 	 3.108707559106433E-7 	 3.917785347026705E-5 	 3.108707559106433E-7 	 3.917785347026705E-5 	 3.108707559106433E-7 	 3.917785347026705E-5 	 3.108707559106433E-7 	 
1.2480000000000002 	 1.259203793103091E-7 	 2.97787473717509E-7 	 1.259203793103091E-7 	 2.97787473717509E-7 	 1.259203793103091E-7 	 2.97787473717509E-7 	 1.259203793103091E-7 	 2.97787473717509E-7 	 4.294252549628265E-5 	 4.260208273159131E-7 	 4.294252549628265E-5 	 4.260208273159131E-7 	 4.294252549628265E-5 	 4.260208273159131E-7 	 4.294252549628265E-5 	 4.260208273159131E-7 	 
1.2720000000000002 	 2.1907667529586208E-7 	 2.427165443399612E-7 	 2.1907667529586208E-7 	 2.427165443399612E-7 	 2.1907667529586208E-7 	 2.427165443399612E-7 	 2.1907667529586208E-7 	 2.427165443399612E-7 	 3.366313532054769E-5 	 3.395336155659848E-7 	 3.366313532054769E-5 	 3.395336155659848E-7 	 3.366313532054769E-5 	 3.395336155659848E-7 	 3.366313532054769E-5 	 3.395336155659848E-7 	 
1.2960000000000003 	 1.2592565041018205E-8 	 2.1395237061077872E-8 	 1.2592565041018205E-8 	 2.1395237061077872E-8 	 1.2592565041018205E-8 	 2.1395237061077872E-8 	 1.2592565041018205E-8 	 2.1395237061077872E-8 	 2.2161863181602374E-5 	 1.2444316499384923E-7 	 2.2161863181602374E-5 	 1.2444316499384923E-7 	 2.2161863181602374E-5 	 1.2444316499384923E-7 	 2.2161863181602374E-5 	 1.2444316499384923E-7 	 
1.3200000000000003 	 2.89028925495864E-8 	 4.526211454599306E-8 	 2.89028925495864E-8 	 4.526211454599306E-8 	 2.89028925495864E-8 	 4.526211454599306E-8 	 2.89028925495864E-8 	 4.526211454599306E-8 	 2.1731950509637903E-5 	 8.713882794578556E-8 	 2.1731950509637903E-5 	 8.713882794578556E-8 	 2.1731950509637903E-5 	 8.713882794578556E-8 	 2.1731950509637903E-5 	 8.713882794578556E-8 	 
1.3440000000000003 	 1.0078823695865075E-8 	 6.406405701182179E-8 	 1.0078823695865075E-8 	 6.406405701182179E-8 	 1.0078823695865075E-8 	 6.406405701182179E-8 	 1.0078823695865075E-8 	 6.406405701182179E-8 	 9.78480113616048E-6 	 6.29415245332833E-8 	 9.78480113616048E-6 	 6.29415245332833E-8 	 9.78480113616048E-6 	 6.29415245332833E-8 	 9.78480113616048E-6 	 6.29415245332833E-8 	 
1.3680000000000003 	 3.3974208249256905E-8 	 2.0156537777774155E-8 	 3.3974208249256905E-8 	 2.0156537777774155E-8 	 3.3974208249256905E-8 	 2.0156537777774155E-8 	 3.3974208249256905E-8 	 2.0156537777774155E-8 	 2.8833693172759077E-5 	 1.636405218746947E-7 	 2.8833693172759077E-5 	 1.636405218746947E-7 	 2.8833693172759077E-5 	 1.636405218746947E-7 	 2.8833693172759077E-5 	 1.636405218746947E-7 	 
1.3920000000000003 	 3.7776030491562955E-8 	 2.6434371556775396E-8 	 3.7776030491562955E-8 	 2.6434371556775396E-8 	 3.7776030491562955E-8 	 2.6434371556775396E-8 	 3.7776030491562955E-8 	 2.6434371556775396E-8 	 2.8929934054584614E-5 	 1.9660155462808017E-7 	 2.8929934054584614E-5 	 1.9660155462808017E-7 	 2.8929934054584614E-5 	 1.9660155462808017E-7 	 2.8929934054584614E-5 	 1.9660155462808017E-7 	 
1.4160000000000004 	 3.1470176914162273E-8 	 1.1364407915904122E-8 	 3.1470176914162273E-8 	 1.1364407915904122E-8 	 3.1470176914162273E-8 	 1.1364407915904122E-8 	 3.1470176914162273E-8 	 1.1364407915904122E-8 	 2.1059064699851514E-5 	 1.5747408423066802E-7 	 2.1059064699851514E-5 	 1.5747408423066802E-7 	 2.1059064699851514E-5 	 1.5747408423066802E-7 	 2.1059064699851514E-5 	 1.5747408423066802E-7 	 
1.4400000000000004 	 6.29622703371624E-8 	 1.482599611385587E-7 	 6.29622703371624E-8 	 1.482599611385587E-7 	 6.29622703371624E-8 	 1.482599611385587E-7 	 6.29622703371624E-8 	 1.482599611385587E-7 	 2.268905643338946E-5 	 2.2238129921225853E-7 	 2.268905643338946E-5 	 2.2238129921225853E-7 	 2.268905643338946E-5 	 2.2238129921225853E-7 	 2.268905643338946E-5 	 2.2238129921225853E-7 	 
1.4640000000000004 	 1.1331449809006406E-7 	 1.257626598788159E-7 	 1.1331449809006406E-7 	 1.257626598788159E-7 	 1.1331449809006406E-7 	 1.257626598788159E-7 	 1.1331449809006406E-7 	 1.257626598788159E-7 	 2.2596355231889326E-5 	 2.0139235892788236E-7 	 2.2596355231889326E-5 	 2.0139235892788236E-7 	 2.2596355231889326E-5 	 2.0139235892788236E-7 	 2.2596355231889326E-5 	 2.0139235892788236E-7 	 
1.4880000000000004 	 6.296976092260337E-9 	 1.1323348974676033E-8 	 6.296976092260337E-9 	 1.1323348974676033E-8 	 6.296976092260337E-9 	 1.1323348974676033E-8 	 6.296976092260337E-9 	 1.1323348974676033E-8 	 1.1176518431180782E-5 	 3.2560195776775E-8 	 1.1176518431180782E-5 	 3.2560195776775E-8 	 1.1176518431180782E-5 	 3.2560195776775E-8 	 1.1176518431180782E-5 	 3.2560195776775E-8 	 
1.5120000000000005 	 1.8845430550040103E-8 	 6.305298831373777E-9 	 1.8845430550040103E-8 	 6.305298831373777E-9 	 1.8845430550040103E-8 	 6.305298831373777E-9 	 1.8845430550040103E-8 	 6.305298831373777E-9 	 9.970542923316086E-6 	 3.626749142577274E-8 	 9.970542923316086E-6 	 3.626749142577274E-8 	 9.970542923316086E-6 	 3.626749142577274E-8 	 9.970542923316086E-6 	 3.626749142577274E-8 	 
1.5360000000000005 	 1.0078823695865075E-8 	 6.406405701182179E-8 	 1.0078823695865075E-8 	 6.406405701182179E-8 	 1.0078823695865075E-8 	 6.406405701182179E-8 	 1.0078823695865075E-8 	 6.406405701182179E-8 	 9.78480113616048E-6 	 6.29415245332833E-8 	 9.78480113616048E-6 	 6.29415245332833E-8 	 9.78480113616048E-6 	 6.29415245332833E-8 	 9.78480113616048E-6 	 6.29415245332833E-8 	 
1.5600000000000005 	 2.2655575523148438E-8 	 1.1341104197071942E-8 	 2.2655575523148438E-8 	 1.1341104197071942E-8 	 2.2655575523148438E-8 	 1.1341104197071942E-8 	 2.2655575523148438E-8 	 1.1341104197071942E-8 	 1.6231037691901813E-5 	 1.216743219609014E-7 	 1.6231037691901813E-5 	 1.216743219609014E-7 	 1.6231037691901813E-5 	 1.216743219609014E-7 	 1.6231037691901813E-5 	 1.216743219609014E-7 	 
1.5840000000000005 	 3.0215941725030426E-8 	 1.762143478894159E-8 	 3.0215941725030426E-8 	 1.762143478894159E-8 	 3.0215941725030426E-8 	 1.762143478894159E-8 	 3.0215941725030426E-8 	 1.762143478894159E-8 	 1.5738235630229915E-5 	 1.1358626420620261E-7 	 1.5738235630229915E-5 	 1.1358626420620261E-7 	 1.5738235630229915E-5 	 1.1358626420620261E-7 	 1.5738235630229915E-5 	 1.1358626420620261E-7 	 
1.6080000000000005 	 2.1405224439994246E-8 	 1.0083817440733306E-8 	 2.1405224439994246E-8 	 1.0083817440733306E-8 	 2.1405224439994246E-8 	 1.0083817440733306E-8 	 2.1405224439994246E-8 	 1.0083817440733306E-8 	 8.989781747403224E-6 	 9.770927701384427E-8 	 8.989781747403224E-6 	 9.770927701384427E-8 	 8.989781747403224E-6 	 9.770927701384427E-8 	 8.989781747403224E-6 	 9.770927701384427E-8 	 
1.6319999999999997 	 5.6662242605662133E-8 	 1.0932006828487617E-7 	 5.6662242605662133E-8 	 1.0932006828487617E-7 	 5.6662242605662133E-8 	 1.0932006828487617E-7 	 5.6662242605662133E-8 	 1.0932006828487617E-7 	 1.0892827803394307E-5 	 1.382759007404105E-7 	 1.0892827803394307E-5 	 1.382759007404105E-7 	 1.0892827803394307E-5 	 1.382759007404105E-7 	 1.0892827803394307E-5 	 1.382759007404105E-7 	 
1.6559999999999997 	 1.0576217720579801E-7 	 1.1695388446114528E-7 	 1.0576217720579801E-7 	 1.1695388446114528E-7 	 1.0576217720579801E-7 	 1.1695388446114528E-7 	 1.0576217720579801E-7 	 1.1695388446114528E-7 	 1.1066780088658357E-5 	 1.3814125663810242E-7 	 1.1066780088658357E-5 	 1.3814125663810242E-7 	 1.1066780088658357E-5 	 1.3814125663810242E-7 	 1.1066780088658357E-5 	 1.3814125663810242E-7 	 
1.6799999999999997 	 0.0 	 0.0 	 0.0 	 0.0 	 0.0 	 0.0 	 0.0 	 0.0 	 0.0 	 0.0 	 0.0 	 0.0 	 0.0 	 0.0 	 0.0 	 0.0 	 
1.7039999999999997 	 0.0 	 0.0 	 0.0 	 0.0 	 0.0 	 0.0 	 0.0 	 0.0 	 0.0 	 0.0 	 0.0 	 0.0 	 0.0 	 0.0 	 0.0 	 0.0 	 
1.7279999999999998 	 0.0 	 0.0 	 0.0 	 0.0 	 0.0 	 0.0 	 0.0 	 0.0 	 0.0 	 0.0 	 0.0 	 0.0 	 0.0 	 0.0 	 0.0 	 0.0 	 
1.7519999999999998 	 0.0 	 0.0 	 0.0 	 0.0 	 0.0 	 0.0 	 0.0 	 0.0 	 0.0 	 0.0 	 0.0 	 0.0 	 0.0 	 0.0 	 0.0 	 0.0 	 
1.7759999999999998 	 0.0 	 0.0 	 0.0 	 0.0 	 0.0 	 0.0 	 0.0 	 0.0 	 0.0 	 0.0 	 0.0 	 0.0 	 0.0 	 0.0 	 0.0 	 0.0 	 
1.7999999999999998 	 0.0 	 0.0 	 0.0 	 0.0 	 0.0 	 0.0 	 0.0 	 0.0 	 0.0 	 0.0 	 0.0 	 0.0 	 0.0 	 0.0 	 0.0 	 0.0 	 
1.8239999999999998 	 0.0 	 0.0 	 0.0 	 0.0 	 0.0 	 0.0 	 0.0 	 0.0 	 0.0 	 0.0 	 0.0 	 0.0 	 0.0 	 0.0 	 0.0 	 0.0 	 
1.8479999999999999 	 0.0 	 0.0 	 0.0 	 0.0 	 0.0 	 0.0 	 0.0 	 0.0 	 0.0 	 0.0 	 0.0 	 0.0 	 0.0 	 0.0 	 0.0 	 0.0 	 
1.8719999999999999 	 0.0 	 0.0 	 0.0 	 0.0 	 0.0 	 0.0 	 0.0 	 0.0 	 0.0 	 0.0 	 0.0 	 0.0 	 0.0 	 0.0 	 0.0 	 0.0 	 
1.896 	 0.0 	 0.0 	 0.0 	 0.0 	 0.0 	 0.0 	 0.0 	 0.0 	 0.0 	 0.0 	 0.0 	 0.0 	 0.0 	 0.0 	 0.0 	 0.0 	 
1.92 	 0.0 	 0.0 	 0.0 	 0.0 	 0.0 	 0.0 	 0.0 	 0.0 	 0.0 	 0.0 	 0.0 	 0.0 	 0.0 	 0.0 	 0.0 	 0.0 	 
1.944 	 0.0 	 0.0 	 0.0 	 0.0 	 0.0 	 0.0 	 0.0 	 0.0 	 0.0 	 0.0 	 0.0 	 0.0 	 0.0 	 0.0 	 0.0 	 0.0 	 
1.968 	 0.0 	 0.0 	 0.0 	 0.0 	 0.0 	 0.0 	 0.0 	 0.0 	 0.0 	 0.0 	 0.0 	 0.0 	 0.0 	 0.0 	 0.0 	 0.0 	 
1.992 	 0.0 	 0.0 	 0.0 	 0.0 	 0.0 	 0.0 	 0.0 	 0.0 	 0.0 	 0.0 	 0.0 	 0.0 	 0.0 	 0.0 	 0.0 	 0.0 	 
2.016 	 0.0 	 0.0 	 0.0 	 0.0 	 0.0 	 0.0 	 0.0 	 0.0 	 0.0 	 0.0 	 0.0 	 0.0 	 0.0 	 0.0 	 0.0 	 0.0 	 
2.04 	 0.0 	 0.0 	 0.0 	 0.0 	 0.0 	 0.0 	 0.0 	 0.0 	 0.0 	 0.0 	 0.0 	 0.0 	 0.0 	 0.0 	 0.0 	 0.0 	 
2.064 	 0.0 	 0.0 	 0.0 	 0.0 	 0.0 	 0.0 	 0.0 	 0.0 	 0.0 	 0.0 	 0.0 	 0.0 	 0.0 	 0.0 	 0.0 	 0.0 	 
2.088 	 0.0 	 0.0 	 0.0 	 0.0 	 0.0 	 0.0 	 0.0 	 0.0 	 0.0 	 0.0 	 0.0 	 0.0 	 0.0 	 0.0 	 0.0 	 0.0 	 
2.112 	 0.0 	 0.0 	 0.0 	 0.0 	 0.0 	 0.0 	 0.0 	 0.0 	 0.0 	 0.0 	 0.0 	 0.0 	 0.0 	 0.0 	 0.0 	 0.0 	 
2.136 	 0.0 	 0.0 	 0.0 	 0.0 	 0.0 	 0.0 	 0.0 	 0.0 	 0.0 	 0.0 	 0.0 	 0.0 	 0.0 	 0.0 	 0.0 	 0.0 	 
2.16 	 0.0 	 0.0 	 0.0 	 0.0 	 0.0 	 0.0 	 0.0 	 0.0 	 0.0 	 0.0 	 0.0 	 0.0 	 0.0 	 0.0 	 0.0 	 0.0 	 
2.184 	 0.0 	 0.0 	 0.0 	 0.0 	 0.0 	 0.0 	 0.0 	 0.0 	 0.0 	 0.0 	 0.0 	 0.0 	 0.0 	 0.0 	 0.0 	 0.0 	 
2.208 	 0.0 	 0.0 	 0.0 	 0.0 	 0.0 	 0.0 	 0.0 	 0.0 	 0.0 	 0.0 	 0.0 	 0.0 	 0.0 	 0.0 	 0.0 	 0.0 	 
2.232 	 0.0 	 0.0 	 0.0 	 0.0 	 0.0 	 0.0 	 0.0 	 0.0 	 0.0 	 0.0 	 0.0 	 0.0 	 0.0 	 0.0 	 0.0 	 0.0 	 
2.2560000000000002 	 0.0 	 0.0 	 0.0 	 0.0 	 0.0 	 0.0 	 0.0 	 0.0 	 0.0 	 0.0 	 0.0 	 0.0 	 0.0 	 0.0 	 0.0 	 0.0 	 
2.2800000000000002 	 0.0 	 0.0 	 0.0 	 0.0 	 0.0 	 0.0 	 0.0 	 0.0 	 0.0 	 0.0 	 0.0 	 0.0 	 0.0 	 0.0 	 0.0 	 0.0 	 
2.3040000000000003 	 0.0 	 0.0 	 0.0 	 0.0 	 0.0 	 0.0 	 0.0 	 0.0 	 0.0 	 0.0 	 0.0 	 0.0 	 0.0 	 0.0 	 0.0 	 0.0 	 
2.3280000000000003 	 0.0 	 0.0 	 0.0 	 0.0 	 0.0 	 0.0 	 0.0 	 0.0 	 0.0 	 0.0 	 0.0 	 0.0 	 0.0 	 0.0 	 0.0 	 0.0 	 
2.3520000000000003 	 0.0 	 0.0 	 0.0 	 0.0 	 0.0 	 0.0 	 0.0 	 0.0 	 0.0 	 0.0 	 0.0 	 0.0 	 0.0 	 0.0 	 0.0 	 0.0 	 
2.3760000000000003 	 0.0 	 0.0 	 0.0 	 0.0 	 0.0 	 0.0 	 0.0 	 0.0 	 0.0 	 0.0 	 0.0 	 0.0 	 0.0 	 0.0 	 0.0 	 0.0 	 
2.4000000000000004 	 0.0 	 0.0 	 0.0 	 0.0 	 0.0 	 0.0 	 0.0 	 0.0 	 0.0 	 0.0 	 0.0 	 0.0 	 0.0 	 0.0 	 0.0 	 0.0 	 
2.4240000000000004 	 0.0 	 0.0 	 0.0 	 0.0 	 0.0 	 0.0 	 0.0 	 0.0 	 0.0 	 0.0 	 0.0 	 0.0 	 0.0 	 0.0 	 0.0 	 0.0 	 
2.4480000000000004 	 0.0 	 0.0 	 0.0 	 0.0 	 0.0 	 0.0 	 0.0 	 0.0 	 0.0 	 0.0 	 0.0 	 0.0 	 0.0 	 0.0 	 0.0 	 0.0 	 
2.4720000000000004 	 0.0 	 0.0 	 0.0 	 0.0 	 0.0 	 0.0 	 0.0 	 0.0 	 0.0 	 0.0 	 0.0 	 0.0 	 0.0 	 0.0 	 0.0 	 0.0 	 
2.4960000000000004 	 0.0 	 0.0 	 0.0 	 0.0 	 0.0 	 0.0 	 0.0 	 0.0 	 0.0 	 0.0 	 0.0 	 0.0 	 0.0 	 0.0 	 0.0 	 0.0 	 
2.5200000000000005 	 0.0 	 0.0 	 0.0 	 0.0 	 0.0 	 0.0 	 0.0 	 0.0 	 0.0 	 0.0 	 0.0 	 0.0 	 0.0 	 0.0 	 0.0 	 0.0 	 
2.5440000000000005 	 0.0 	 0.0 	 0.0 	 0.0 	 0.0 	 0.0 	 0.0 	 0.0 	 0.0 	 0.0 	 0.0 	 0.0 	 0.0 	 0.0 	 0.0 	 0.0 	 
2.5680000000000005 	 0.0 	 0.0 	 0.0 	 0.0 	 0.0 	 0.0 	 0.0 	 0.0 	 0.0 	 0.0 	 0.0 	 0.0 	 0.0 	 0.0 	 0.0 	 0.0 	 
2.5920000000000005 	 0.0 	 0.0 	 0.0 	 0.0 	 0.0 	 0.0 	 0.0 	 0.0 	 0.0 	 0.0 	 0.0 	 0.0 	 0.0 	 0.0 	 0.0 	 0.0 	 
2.6160000000000005 	 0.0 	 0.0 	 0.0 	 0.0 	 0.0 	 0.0 	 0.0 	 0.0 	 0.0 	 0.0 	 0.0 	 0.0 	 0.0 	 0.0 	 0.0 	 0.0 	 
2.6399999999999997 	 0.0 	 0.0 	 0.0 	 0.0 	 0.0 	 0.0 	 0.0 	 0.0 	 0.0 	 0.0 	 0.0 	 0.0 	 0.0 	 0.0 	 0.0 	 0.0 	 
2.6639999999999997 	 0.0 	 0.0 	 0.0 	 0.0 	 0.0 	 0.0 	 0.0 	 0.0 	 0.0 	 0.0 	 0.0 	 0.0 	 0.0 	 0.0 	 0.0 	 0.0 	 
2.6879999999999997 	 0.0 	 0.0 	 0.0 	 0.0 	 0.0 	 0.0 	 0.0 	 0.0 	 0.0 	 0.0 	 0.0 	 0.0 	 0.0 	 0.0 	 0.0 	 0.0 	 
2.7119999999999997 	 0.0 	 0.0 	 0.0 	 0.0 	 0.0 	 0.0 	 0.0 	 0.0 	 0.0 	 0.0 	 0.0 	 0.0 	 0.0 	 0.0 	 0.0 	 0.0 	 
2.7359999999999998 	 0.0 	 0.0 	 0.0 	 0.0 	 0.0 	 0.0 	 0.0 	 0.0 	 0.0 	 0.0 	 0.0 	 0.0 	 0.0 	 0.0 	 0.0 	 0.0 	 
2.76 	 0.0 	 0.0 	 0.0 	 0.0 	 0.0 	 0.0 	 0.0 	 0.0 	 0.0 	 0.0 	 0.0 	 0.0 	 0.0 	 0.0 	 0.0 	 0.0 	 
2.784 	 0.0 	 0.0 	 0.0 	 0.0 	 0.0 	 0.0 	 0.0 	 0.0 	 0.0 	 0.0 	 0.0 	 0.0 	 0.0 	 0.0 	 0.0 	 0.0 	 
2.808 	 0.0 	 0.0 	 0.0 	 0.0 	 0.0 	 0.0 	 0.0 	 0.0 	 0.0 	 0.0 	 0.0 	 0.0 	 0.0 	 0.0 	 0.0 	 0.0 	 
2.832 	 0.0 	 0.0 	 0.0 	 0.0 	 0.0 	 0.0 	 0.0 	 0.0 	 0.0 	 0.0 	 0.0 	 0.0 	 0.0 	 0.0 	 0.0 	 0.0 	 
2.856 	 0.0 	 0.0 	 0.0 	 0.0 	 0.0 	 0.0 	 0.0 	 0.0 	 0.0 	 0.0 	 0.0 	 0.0 	 0.0 	 0.0 	 0.0 	 0.0 	 
2.88 	 0.0 	 0.0 	 0.0 	 0.0 	 0.0 	 0.0 	 0.0 	 0.0 	 0.0 	 0.0 	 0.0 	 0.0 	 0.0 	 0.0 	 0.0 	 0.0 	 
2.904 	 0.0 	 0.0 	 0.0 	 0.0 	 0.0 	 0.0 	 0.0 	 0.0 	 0.0 	 0.0 	 0.0 	 0.0 	 0.0 	 0.0 	 0.0 	 0.0 	 
2.928 	 0.0 	 0.0 	 0.0 	 0.0 	 0.0 	 0.0 	 0.0 	 0.0 	 0.0 	 0.0 	 0.0 	 0.0 	 0.0 	 0.0 	 0.0 	 0.0 	 
2.952 	 0.0 	 0.0 	 0.0 	 0.0 	 0.0 	 0.0 	 0.0 	 0.0 	 0.0 	 0.0 	 0.0 	 0.0 	 0.0 	 0.0 	 0.0 	 0.0 	 
2.976 	 0.0 	 0.0 	 0.0 	 0.0 	 0.0 	 0.0 	 0.0 	 0.0 	 0.0 	 0.0 	 0.0 	 0.0 	 0.0 	 0.0 	 0.0 	 0.0 	 
