-3.0 	 0.0 	 0.0 	 0.0 	 0.0 	 0.0 	 0.0 	 0.0 	 0.0 	 0.0 	 0.0 	 0.0 	 0.0 	 0.0 	 0.0 	 0.0 	 0.0 	 
-2.976 	 0.006825908638944842 	 0.007843439537827701 	 1.9067417477928606E-5 	 0.00734006689396566 	 0.006825908638944842 	 0.007843439537827701 	 1.9067417477928606E-5 	 0.00734006689396566 	 0.006825908638944842 	 0.007843439537827701 	 1.9067417477928606E-5 	 0.00734006689396566 	 0.006825908638944842 	 0.007843439537827701 	 1.9067417477928606E-5 	 0.00734006689396566 	 
-2.952 	 0.007381875285179539 	 0.00789770846478869 	 2.2415560812083616E-5 	 0.007993619282717046 	 0.007381875285179539 	 0.00789770846478869 	 2.2415560812083616E-5 	 0.007993619282717046 	 0.007381875285179539 	 0.00789770846478869 	 2.2415560812083616E-5 	 0.007993619282717046 	 0.007381875285179539 	 0.00789770846478869 	 2.2415560812083616E-5 	 0.007993619282717046 	 
-2.928 	 0.007273911862977951 	 0.007286831529226208 	 3.244396121214856E-5 	 0.007879411693585874 	 0.007273911862977951 	 0.007286831529226208 	 3.244396121214856E-5 	 0.007879411693585874 	 0.007273911862977951 	 0.007286831529226208 	 3.244396121214856E-5 	 0.007879411693585874 	 0.007273911862977951 	 0.007286831529226208 	 3.244396121214856E-5 	 0.007879411693585874 	 
-2.904 	 0.007994921568997993 	 0.009687618158172666 	 3.080827132996784E-5 	 0.0085436378542908 	 0.007994921568997993 	 0.009687618158172666 	 3.080827132996784E-5 	 0.0085436378542908 	 0.007994921568997993 	 0.009687618158172666 	 3.080827132996784E-5 	 0.0085436378542908 	 0.007994921568997993 	 0.009687618158172666 	 3.080827132996784E-5 	 0.0085436378542908 	 
-2.88 	 0.008392232515182419 	 0.00813453164706163 	 2.767711639968797E-5 	 0.009135807076719432 	 0.008392232515182419 	 0.00813453164706163 	 2.767711639968797E-5 	 0.009135807076719432 	 0.008392232515182419 	 0.00813453164706163 	 2.767711639968797E-5 	 0.009135807076719432 	 0.008392232515182419 	 0.00813453164706163 	 2.767711639968797E-5 	 0.009135807076719432 	 
-2.856 	 0.008580983695842249 	 0.009888222542057557 	 3.322530930500217E-5 	 0.009192731298686424 	 0.008580983695842249 	 0.009888222542057557 	 3.322530930500217E-5 	 0.009192731298686424 	 0.008580983695842249 	 0.009888222542057557 	 3.322530930500217E-5 	 0.009192731298686424 	 0.008580983695842249 	 0.009888222542057557 	 3.322530930500217E-5 	 0.009192731298686424 	 
-2.832 	 0.009758172473753138 	 0.01110085117626346 	 4.802889473990582E-5 	 0.010526316637581575 	 0.009758172473753138 	 0.01110085117626346 	 4.802889473990582E-5 	 0.010526316637581575 	 0.009758172473753138 	 0.01110085117626346 	 4.802889473990582E-5 	 0.010526316637581575 	 0.009758172473753138 	 0.01110085117626346 	 4.802889473990582E-5 	 0.010526316637581575 	 
-2.808 	 0.010252356734139642 	 0.010702992576117298 	 4.1512163731187786E-5 	 0.011124170226681489 	 0.010252356734139642 	 0.010702992576117298 	 4.1512163731187786E-5 	 0.011124170226681489 	 0.010252356734139642 	 0.010702992576117298 	 4.1512163731187786E-5 	 0.011124170226681489 	 0.010252356734139642 	 0.010702992576117298 	 4.1512163731187786E-5 	 0.011124170226681489 	 
-2.784 	 0.010352682304124542 	 0.011030618010556055 	 4.046251388581868E-5 	 0.011188063834460341 	 0.010352682304124542 	 0.011030618010556055 	 4.046251388581868E-5 	 0.011188063834460341 	 0.010352682304124542 	 0.011030618010556055 	 4.046251388581868E-5 	 0.011188063834460341 	 0.010352682304124542 	 0.011030618010556055 	 4.046251388581868E-5 	 0.011188063834460341 	 
-2.76 	 0.010494373212932217 	 0.010863929901925256 	 3.1611223087871573E-5 	 0.011322241209873523 	 0.010494373212932217 	 0.010863929901925256 	 3.1611223087871573E-5 	 0.011322241209873523 	 0.010494373212932217 	 0.010863929901925256 	 3.1611223087871573E-5 	 0.011322241209873523 	 0.010494373212932217 	 0.010863929901925256 	 3.1611223087871573E-5 	 0.011322241209873523 	 
-2.7359999999999998 	 0.011180990634139822 	 0.01269114970428777 	 3.123332918527829E-5 	 0.011983932690323187 	 0.011180990634139822 	 0.01269114970428777 	 3.123332918527829E-5 	 0.011983932690323187 	 0.011180990634139822 	 0.01269114970428777 	 3.123332918527829E-5 	 0.011983932690323187 	 0.011180990634139822 	 0.01269114970428777 	 3.123332918527829E-5 	 0.011983932690323187 	 
-2.7119999999999997 	 0.012284407536593024 	 0.013521716946414021 	 3.638352859634477E-5 	 0.013254308461592793 	 0.012284407536593024 	 0.013521716946414021 	 3.638352859634477E-5 	 0.013254308461592793 	 0.012284407536593024 	 0.013521716946414021 	 3.638352859634477E-5 	 0.013254308461592793 	 0.012284407536593024 	 0.013521716946414021 	 3.638352859634477E-5 	 0.013254308461592793 	 
-2.688 	 0.0126939163806786 	 0.01330140002906548 	 5.836397727728833E-5 	 0.013732342514528281 	 0.0126939163806786 	 0.01330140002906548 	 5.836397727728833E-5 	 0.013732342514528281 	 0.0126939163806786 	 0.01330140002906548 	 5.836397727728833E-5 	 0.013732342514528281 	 0.0126939163806786 	 0.01330140002906548 	 5.836397727728833E-5 	 0.013732342514528281 	 
-2.664 	 0.013594742500889833 	 0.015548893574633708 	 3.816082860658351E-5 	 0.014609877041807082 	 0.013594742500889833 	 0.015548893574633708 	 3.816082860658351E-5 	 0.014609877041807082 	 0.013594742500889833 	 0.015548893574633708 	 3.816082860658351E-5 	 0.014609877041807082 	 0.013594742500889833 	 0.015548893574633708 	 3.816082860658351E-5 	 0.014609877041807082 	 
-2.64 	 0.014606639408810967 	 0.015548144437248116 	 6.41466687443297E-5 	 0.01580644862533235 	 0.014606639408810967 	 0.015548144437248116 	 6.41466687443297E-5 	 0.01580644862533235 	 0.014606639408810967 	 0.015548144437248116 	 6.41466687443297E-5 	 0.01580644862533235 	 0.014606639408810967 	 0.015548144437248116 	 6.41466687443297E-5 	 0.01580644862533235 	 
-2.616 	 0.0153921640982728 	 0.017094535503647004 	 4.451913316313785E-5 	 0.01659172270716669 	 0.0153921640982728 	 0.017094535503647004 	 4.451913316313785E-5 	 0.01659172270716669 	 0.0153921640982728 	 0.017094535503647004 	 4.451913316313785E-5 	 0.01659172270716669 	 0.0153921640982728 	 0.017094535503647004 	 4.451913316313785E-5 	 0.01659172270716669 	 
-2.592 	 0.016076808751119408 	 0.016936894341402994 	 6.859970137662705E-5 	 0.017401110245024658 	 0.016076808751119408 	 0.016936894341402994 	 6.859970137662705E-5 	 0.017401110245024658 	 0.016076808751119408 	 0.016936894341402994 	 6.859970137662705E-5 	 0.017401110245024658 	 0.016076808751119408 	 0.016936894341402994 	 6.859970137662705E-5 	 0.017401110245024658 	 
-2.568 	 0.016192454920523913 	 0.01694318367521154 	 5.8374356954668264E-5 	 0.017472240968915736 	 0.016192454920523913 	 0.01694318367521154 	 5.8374356954668264E-5 	 0.017472240968915736 	 0.016192454920523913 	 0.01694318367521154 	 5.8374356954668264E-5 	 0.017472240968915736 	 0.016192454920523913 	 0.01694318367521154 	 5.8374356954668264E-5 	 0.017472240968915736 	 
-2.544 	 0.017218238899096842 	 0.01943132510960575 	 6.835495789807483E-5 	 0.018477568346530446 	 0.017218238899096842 	 0.01943132510960575 	 6.835495789807483E-5 	 0.018477568346530446 	 0.017218238899096842 	 0.01943132510960575 	 6.835495789807483E-5 	 0.018477568346530446 	 0.017218238899096842 	 0.01943132510960575 	 6.835495789807483E-5 	 0.018477568346530446 	 
-2.52 	 0.017954367945586015 	 0.018424346994719714 	 5.5665904981386457E-5 	 0.019412679932523907 	 0.017954367945586015 	 0.018424346994719714 	 5.5665904981386457E-5 	 0.019412679932523907 	 0.017954367945586015 	 0.018424346994719714 	 5.5665904981386457E-5 	 0.019412679932523907 	 0.017954367945586015 	 0.018424346994719714 	 5.5665904981386457E-5 	 0.019412679932523907 	 
-2.496 	 0.018791526938385372 	 0.02111240426511667 	 5.295966241212061E-5 	 0.02015383089496517 	 0.018791526938385372 	 0.02111240426511667 	 5.295966241212061E-5 	 0.02015383089496517 	 0.018791526938385372 	 0.02111240426511667 	 5.295966241212061E-5 	 0.02015383089496517 	 0.018791526938385372 	 0.02111240426511667 	 5.295966241212061E-5 	 0.02015383089496517 	 
-2.472 	 0.019980714547522038 	 0.021100162334324574 	 8.029337603426973E-5 	 0.021546039711590803 	 0.019980714547522038 	 0.021100162334324574 	 8.029337603426973E-5 	 0.021546039711590803 	 0.019980714547522038 	 0.021100162334324574 	 8.029337603426973E-5 	 0.021546039711590803 	 0.019980714547522038 	 0.021100162334324574 	 8.029337603426973E-5 	 0.021546039711590803 	 
-2.448 	 0.020596866642153554 	 0.02209877920332569 	 9.015936985462581E-5 	 0.022127914151521055 	 0.020596866642153554 	 0.02209877920332569 	 9.015936985462581E-5 	 0.022127914151521055 	 0.020596866642153554 	 0.02209877920332569 	 9.015936985462581E-5 	 0.022127914151521055 	 0.020596866642153554 	 0.02209877920332569 	 9.015936985462581E-5 	 0.022127914151521055 	 
-2.424 	 0.0215267145939939 	 0.023086266379092044 	 8.32918426107398E-5 	 0.023111581598615216 	 0.0215267145939939 	 0.023086266379092044 	 8.32918426107398E-5 	 0.023111581598615216 	 0.0215267145939939 	 0.023086266379092044 	 8.32918426107398E-5 	 0.023111581598615216 	 0.0215267145939939 	 0.023086266379092044 	 8.32918426107398E-5 	 0.023111581598615216 	 
-2.4 	 0.02251043055133189 	 0.024182852288773413 	 9.599921957210963E-5 	 0.024130705060329254 	 0.02251043055133189 	 0.024182852288773413 	 9.599921957210963E-5 	 0.024130705060329254 	 0.02251043055133189 	 0.024182852288773413 	 9.599921957210963E-5 	 0.024130705060329254 	 0.02251043055133189 	 0.024182852288773413 	 9.599921957210963E-5 	 0.024130705060329254 	 
-2.376 	 0.0235893061190095 	 0.025375303428834484 	 6.969640181751277E-5 	 0.02526647697834381 	 0.0235893061190095 	 0.025375303428834484 	 6.969640181751277E-5 	 0.02526647697834381 	 0.0235893061190095 	 0.025375303428834484 	 6.969640181751277E-5 	 0.02526647697834381 	 0.0235893061190095 	 0.025375303428834484 	 6.969640181751277E-5 	 0.02526647697834381 	 
-2.352 	 0.024076756780920035 	 0.024874349315994904 	 8.307892442054485E-5 	 0.025789015272743993 	 0.024076756780920035 	 0.024874349315994904 	 8.307892442054485E-5 	 0.025789015272743993 	 0.024076756780920035 	 0.024874349315994904 	 8.307892442054485E-5 	 0.025789015272743993 	 0.024076756780920035 	 0.024874349315994904 	 8.307892442054485E-5 	 0.025789015272743993 	 
-2.328 	 0.024437581489988886 	 0.025814098213327117 	 1.3115888409651023E-4 	 0.026019958303296394 	 0.024437581489988886 	 0.025814098213327117 	 1.3115888409651023E-4 	 0.026019958303296394 	 0.024437581489988886 	 0.025814098213327117 	 1.3115888409651023E-4 	 0.026019958303296394 	 0.024437581489988886 	 0.025814098213327117 	 1.3115888409651023E-4 	 0.026019958303296394 	 
-2.304 	 0.025624999788016748 	 0.027610844001439677 	 1.2420417790696907E-4 	 0.027212156907495528 	 0.025624999788016748 	 0.027610844001439677 	 1.2420417790696907E-4 	 0.027212156907495528 	 0.025624999788016748 	 0.027610844001439677 	 1.2420417790696907E-4 	 0.027212156907495528 	 0.025624999788016748 	 0.027610844001439677 	 1.2420417790696907E-4 	 0.027212156907495528 	 
-2.2800000000000002 	 0.026335665296128574 	 0.027092500515530926 	 1.1956794697096893E-4 	 0.028003286528772386 	 0.026335665296128574 	 0.027092500515530926 	 1.1956794697096893E-4 	 0.028003286528772386 	 0.026335665296128574 	 0.027092500515530926 	 1.1956794697096893E-4 	 0.028003286528772386 	 0.026335665296128574 	 0.027092500515530926 	 1.1956794697096893E-4 	 0.028003286528772386 	 
-2.2560000000000002 	 0.026788800013483296 	 0.028232826782605656 	 8.886934386732137E-5 	 0.028317840607099295 	 0.026788800013483296 	 0.028232826782605656 	 8.886934386732137E-5 	 0.028317840607099295 	 0.026788800013483296 	 0.028232826782605656 	 8.886934386732137E-5 	 0.028317840607099295 	 0.026788800013483296 	 0.028232826782605656 	 8.886934386732137E-5 	 0.028317840607099295 	 
-2.232 	 0.027796547332117342 	 0.02927522652540219 	 1.3174116538673848E-4 	 0.02932934471627191 	 0.027796547332117342 	 0.02927522652540219 	 1.3174116538673848E-4 	 0.02932934471627191 	 0.027796547332117342 	 0.02927522652540219 	 1.3174116538673848E-4 	 0.02932934471627191 	 0.027796547332117342 	 0.02927522652540219 	 1.3174116538673848E-4 	 0.02932934471627191 	 
-2.208 	 0.027707635059297415 	 0.027439809939431976 	 9.557603950782489E-5 	 0.029202550324804406 	 0.027707635059297415 	 0.027439809939431976 	 9.557603950782489E-5 	 0.029202550324804406 	 0.027707635059297415 	 0.027439809939431976 	 9.557603950782489E-5 	 0.029202550324804406 	 0.027707635059297415 	 0.027439809939431976 	 9.557603950782489E-5 	 0.029202550324804406 	 
-2.184 	 0.026847504740998947 	 0.026768884939333503 	 1.1058336020587791E-4 	 0.028049414188806767 	 0.026847504740998947 	 0.026768884939333503 	 1.1058336020587791E-4 	 0.028049414188806767 	 0.026847504740998947 	 0.026768884939333503 	 1.1058336020587791E-4 	 0.028049414188806767 	 0.026847504740998947 	 0.026768884939333503 	 1.1058336020587791E-4 	 0.028049414188806767 	 
-2.16 	 0.02715714916166756 	 0.028314317896485298 	 1.1899767204978157E-4 	 0.028185832558410995 	 0.02715714916166756 	 0.028314317896485298 	 1.1899767204978157E-4 	 0.028185832558410995 	 0.02715714916166756 	 0.028314317896485298 	 1.1899767204978157E-4 	 0.028185832558410995 	 0.02715714916166756 	 0.028314317896485298 	 1.1899767204978157E-4 	 0.028185832558410995 	 
-2.136 	 0.02676866614886962 	 0.025639924411166873 	 1.2359329312929028E-4 	 0.02783262494272066 	 0.02676866614886962 	 0.025639924411166873 	 1.2359329312929028E-4 	 0.02783262494272066 	 0.02676866614886962 	 0.025639924411166873 	 1.2359329312929028E-4 	 0.02783262494272066 	 0.02676866614886962 	 0.025639924411166873 	 1.2359329312929028E-4 	 0.02783262494272066 	 
-2.112 	 0.02570501108408502 	 0.025561276922504914 	 1.066382386949619E-4 	 0.026448407165687412 	 0.02570501108408502 	 0.025561276922504914 	 1.066382386949619E-4 	 0.026448407165687412 	 0.02570501108408502 	 0.025561276922504914 	 1.066382386949619E-4 	 0.026448407165687412 	 0.02570501108408502 	 0.025561276922504914 	 1.066382386949619E-4 	 0.026448407165687412 	 
-2.088 	 0.025368846680006527 	 0.02500912237070317 	 1.3625983224091712E-4 	 0.026005209026623097 	 0.025368846680006527 	 0.02500912237070317 	 1.3625983224091712E-4 	 0.026005209026623097 	 0.025368846680006527 	 0.02500912237070317 	 1.3625983224091712E-4 	 0.026005209026623097 	 0.025368846680006527 	 0.02500912237070317 	 1.3625983224091712E-4 	 0.026005209026623097 	 
-2.064 	 0.024391062437392596 	 0.023270276864171366 	 9.56277694223538E-5 	 0.02493295111980468 	 0.024391062437392596 	 0.023270276864171366 	 9.56277694223538E-5 	 0.02493295111980468 	 0.024391062437392596 	 0.023270276864171366 	 9.56277694223538E-5 	 0.02493295111980468 	 0.024391062437392596 	 0.023270276864171366 	 9.56277694223538E-5 	 0.02493295111980468 	 
-2.04 	 0.02281568579280641 	 0.02128029975860529 	 9.103095185657479E-5 	 0.02315310764611326 	 0.02281568579280641 	 0.02128029975860529 	 9.103095185657479E-5 	 0.02315310764611326 	 0.02281568579280641 	 0.02128029975860529 	 9.103095185657479E-5 	 0.02315310764611326 	 0.02281568579280641 	 0.02128029975860529 	 9.103095185657479E-5 	 0.02315310764611326 	 
-2.016 	 0.021271505722383694 	 0.019970043881153858 	 1.1526504347037112E-4 	 0.021408794511997797 	 0.021271505722383694 	 0.019970043881153858 	 1.1526504347037112E-4 	 0.021408794511997797 	 0.021271505722383694 	 0.019970043881153858 	 1.1526504347037112E-4 	 0.021408794511997797 	 0.021271505722383694 	 0.019970043881153858 	 1.1526504347037112E-4 	 0.021408794511997797 	 
-1.992 	 0.019995776969007985 	 0.018678835936361163 	 1.1168299267207756E-4 	 0.020001715517155405 	 0.019995776969007985 	 0.018678835936361163 	 1.1168299267207756E-4 	 0.020001715517155405 	 0.019995776969007985 	 0.018678835936361163 	 1.1168299267207756E-4 	 0.020001715517155405 	 0.019995776969007985 	 0.018678835936361163 	 1.1168299267207756E-4 	 0.020001715517155405 	 
-1.968 	 0.018130370803568822 	 0.01593858894163904 	 9.834176354207131E-5 	 0.01804902816289472 	 0.018130370803568822 	 0.01593858894163904 	 9.834176354207131E-5 	 0.01804902816289472 	 0.018130370803568822 	 0.01593858894163904 	 9.834176354207131E-5 	 0.01804902816289472 	 0.018130370803568822 	 0.01593858894163904 	 9.834176354207131E-5 	 0.01804902816289472 	 
-1.944 	 0.016294799616748935 	 0.014735055575287757 	 9.07135745022809E-5 	 0.015992938358429767 	 0.016294799616748935 	 0.014735055575287757 	 9.07135745022809E-5 	 0.015992938358429767 	 0.016294799616748935 	 0.014735055575287757 	 9.07135745022809E-5 	 0.015992938358429767 	 0.016294799616748935 	 0.014735055575287757 	 9.07135745022809E-5 	 0.015992938358429767 	 
-1.92 	 0.014664287587457676 	 0.012705202373274735 	 7.756162499945627E-5 	 0.01428974233982259 	 0.014664287587457676 	 0.012705202373274735 	 7.756162499945627E-5 	 0.01428974233982259 	 0.014664287587457676 	 0.012705202373274735 	 7.756162499945627E-5 	 0.01428974233982259 	 0.014664287587457676 	 0.012705202373274735 	 7.756162499945627E-5 	 0.01428974233982259 	 
-1.896 	 0.012697839824949835 	 0.010584618563799615 	 7.189476664115434E-5 	 0.01220125285634237 	 0.012697839824949835 	 0.010584618563799615 	 7.189476664115434E-5 	 0.01220125285634237 	 0.012697839824949835 	 0.010584618563799615 	 7.189476664115434E-5 	 0.01220125285634237 	 0.012697839824949835 	 0.010584618563799615 	 7.189476664115434E-5 	 0.01220125285634237 	 
-1.8719999999999999 	 0.011083659992474746 	 0.009544180998722283 	 1.2495777394216E-4 	 0.010455616345572799 	 0.011083659992474746 	 0.009544180998722283 	 1.2495777394216E-4 	 0.010455616345572799 	 0.011083659992474746 	 0.009544180998722283 	 1.2495777394216E-4 	 0.010455616345572799 	 0.011083659992474746 	 0.009544180998722283 	 1.2495777394216E-4 	 0.010455616345572799 	 
-1.8479999999999999 	 0.009510827620947713 	 0.0075270700641758715 	 8.25723525065464E-5 	 0.008867565929662738 	 0.009510827620947713 	 0.0075270700641758715 	 8.25723525065464E-5 	 0.008867565929662738 	 0.009510827620947713 	 0.0075270700641758715 	 8.25723525065464E-5 	 0.008867565929662738 	 0.009510827620947713 	 0.0075270700641758715 	 8.25723525065464E-5 	 0.008867565929662738 	 
-1.824 	 0.008019743250319426 	 0.006566164411794553 	 3.743761047697141E-5 	 0.007263277368670722 	 0.008019743250319426 	 0.006566164411794553 	 3.743761047697141E-5 	 0.007263277368670722 	 0.008019743250319426 	 0.006566164411794553 	 3.743761047697141E-5 	 0.007263277368670722 	 0.008019743250319426 	 0.006566164411794553 	 3.743761047697141E-5 	 0.007263277368670722 	 
-1.8 	 0.00650589872377415 	 0.004529794289551775 	 7.412525279817932E-5 	 0.0057487710169015875 	 0.00650589872377415 	 0.004529794289551775 	 7.412525279817932E-5 	 0.0057487710169015875 	 0.00650589872377415 	 0.004529794289551775 	 7.412525279817932E-5 	 0.0057487710169015875 	 0.00650589872377415 	 0.004529794289551775 	 7.412525279817932E-5 	 0.0057487710169015875 	 
-1.776 	 0.005231255676928779 	 0.004052712770065287 	 9.772447557174835E-5 	 0.004368303793242985 	 0.005231255676928779 	 0.004052712770065287 	 9.772447557174835E-5 	 0.004368303793242985 	 0.005231255676928779 	 0.004052712770065287 	 9.772447557174835E-5 	 0.004368303793242985 	 0.005231255676928779 	 0.004052712770065287 	 9.772447557174835E-5 	 0.004368303793242985 	 
-1.752 	 0.004293217481380038 	 0.002887607388661364 	 3.730055028873559E-5 	 0.003465351892252606 	 0.004293217481380038 	 0.002887607388661364 	 3.730055028873559E-5 	 0.003465351892252606 	 0.004293217481380038 	 0.002887607388661364 	 3.730055028873559E-5 	 0.003465351892252606 	 0.004293217481380038 	 0.002887607388661364 	 3.730055028873559E-5 	 0.003465351892252606 	 
-1.728 	 0.0033626092674084486 	 0.002238357967911826 	 1.1265237914415104E-4 	 0.002506527647607966 	 0.0033626092674084486 	 0.002238357967911826 	 1.1265237914415104E-4 	 0.002506527647607966 	 0.0033626092674084486 	 0.002238357967911826 	 1.1265237914415104E-4 	 0.002506527647607966 	 0.0033626092674084486 	 0.002238357967911826 	 1.1265237914415104E-4 	 0.002506527647607966 	 
-1.704 	 0.002726137623654882 	 0.001804624366834994 	 1.2062328547908635E-4 	 0.001884180895664009 	 0.002726137623654882 	 0.001804624366834994 	 1.2062328547908635E-4 	 0.001884180895664009 	 0.002726137623654882 	 0.001804624366834994 	 1.2062328547908635E-4 	 0.001884180895664009 	 0.002726137623654882 	 0.001804624366834994 	 1.2062328547908635E-4 	 0.001884180895664009 	 
-1.68 	 0.002237846599942516 	 0.001440862064108577 	 1.8809448240488688E-4 	 0.0014359320070939812 	 0.002237846599942516 	 0.001440862064108577 	 1.8809448240488688E-4 	 0.0014359320070939812 	 0.002237846599942516 	 0.001440862064108577 	 1.8809448240488688E-4 	 0.0014359320070939812 	 0.002237846599942516 	 0.001440862064108577 	 1.8809448240488688E-4 	 0.0014359320070939812 	 
-1.656 	 0.0018345198094407696 	 0.0010989384143647975 	 5.892416711229496E-5 	 0.0010522771307437714 	 0.0018345198094407696 	 0.0010989384143647975 	 5.892416711229496E-5 	 0.0010522771307437714 	 0.0018345198094407696 	 0.0010989384143647975 	 5.892416711229496E-5 	 0.0010522771307437714 	 0.0018345198094407696 	 0.0010989384143647975 	 5.892416711229496E-5 	 0.0010522771307437714 	 
-1.632 	 0.0015713405322703789 	 0.0010603142679329737 	 6.78378377786418E-5 	 8.195037688677332E-4 	 0.0015713405322703789 	 0.0010603142679329737 	 6.78378377786418E-5 	 8.195037688677332E-4 	 0.0015713405322703789 	 0.0010603142679329737 	 6.78378377786418E-5 	 8.195037688677332E-4 	 0.0015713405322703789 	 0.0010603142679329737 	 6.78378377786418E-5 	 8.195037688677332E-4 	 
-1.6079999999999999 	 0.0014420376960268138 	 9.744669158992436E-4 	 1.1685529099882097E-4 	 7.300850739096311E-4 	 0.0014420376960268138 	 9.744669158992436E-4 	 1.1685529099882097E-4 	 7.300850739096311E-4 	 0.0014420376960268138 	 9.744669158992436E-4 	 1.1685529099882097E-4 	 7.300850739096311E-4 	 0.0014420376960268138 	 9.744669158992436E-4 	 1.1685529099882097E-4 	 7.300850739096311E-4 	 
-1.584 	 0.0012438228827811393 	 7.143159683062369E-4 	 7.726636395483207E-5 	 5.714926739023793E-4 	 0.0012438228827811393 	 7.143159683062369E-4 	 7.726636395483207E-5 	 5.714926739023793E-4 	 0.0012438228827811393 	 7.143159683062369E-4 	 7.726636395483207E-5 	 5.714926739023793E-4 	 0.0012438228827811393 	 7.143159683062369E-4 	 7.726636395483207E-5 	 5.714926739023793E-4 	 
-1.56 	 0.0011193156029177303 	 7.806341859462163E-4 	 6.670238027704477E-5 	 4.555675231299009E-4 	 0.0011193156029177303 	 7.806341859462163E-4 	 6.670238027704477E-5 	 4.555675231299009E-4 	 0.0011193156029177303 	 7.806341859462163E-4 	 6.670238027704477E-5 	 4.555675231299009E-4 	 0.0011193156029177303 	 7.806341859462163E-4 	 6.670238027704477E-5 	 4.555675231299009E-4 	 
-1.536 	 0.0010754242141439584 	 7.208478744627486E-4 	 6.698904606641866E-5 	 4.4812035611582545E-4 	 0.0010754242141439584 	 7.208478744627486E-4 	 6.698904606641866E-5 	 4.4812035611582545E-4 	 0.0010754242141439584 	 7.208478744627486E-4 	 6.698904606641866E-5 	 4.4812035611582545E-4 	 0.0010754242141439584 	 7.208478744627486E-4 	 6.698904606641866E-5 	 4.4812035611582545E-4 	 
-1.512 	 9.739904122651217E-4 	 6.083582224090997E-4 	 4.723795719652701E-5 	 3.727799911559851E-4 	 9.739904122651217E-4 	 6.083582224090997E-4 	 4.723795719652701E-5 	 3.727799911559851E-4 	 9.739904122651217E-4 	 6.083582224090997E-4 	 4.723795719652701E-5 	 3.727799911559851E-4 	 9.739904122651217E-4 	 6.083582224090997E-4 	 4.723795719652701E-5 	 3.727799911559851E-4 	 
-1.488 	 8.741287577749741E-4 	 5.260978342032867E-4 	 5.686604395994175E-5 	 2.8045347977825625E-4 	 8.741287577749741E-4 	 5.260978342032867E-4 	 5.686604395994175E-5 	 2.8045347977825625E-4 	 8.741287577749741E-4 	 5.260978342032867E-4 	 5.686604395994175E-5 	 2.8045347977825625E-4 	 8.741287577749741E-4 	 5.260978342032867E-4 	 5.686604395994175E-5 	 2.8045347977825625E-4 	 
-1.464 	 8.271214937981698E-4 	 5.546465489015104E-4 	 5.694149297763788E-5 	 2.4357781940239465E-4 	 8.271214937981698E-4 	 5.546465489015104E-4 	 5.694149297763788E-5 	 2.4357781940239465E-4 	 8.271214937981698E-4 	 5.546465489015104E-4 	 5.694149297763788E-5 	 2.4357781940239465E-4 	 8.271214937981698E-4 	 5.546465489015104E-4 	 5.694149297763788E-5 	 2.4357781940239465E-4 	 
-1.44 	 7.785740204752575E-4 	 4.560720037576106E-4 	 9.662976755596022E-5 	 2.1351480030956885E-4 	 7.785740204752575E-4 	 4.560720037576106E-4 	 9.662976755596022E-5 	 2.1351480030956885E-4 	 7.785740204752575E-4 	 4.560720037576106E-4 	 9.662976755596022E-5 	 2.1351480030956885E-4 	 7.785740204752575E-4 	 4.560720037576106E-4 	 9.662976755596022E-5 	 2.1351480030956885E-4 	 
-1.416 	 7.454937018344006E-4 	 5.123173039097173E-4 	 1.1639821127661459E-4 	 1.857097584724343E-4 	 7.454937018344006E-4 	 5.123173039097173E-4 	 1.1639821127661459E-4 	 1.857097584724343E-4 	 7.454937018344006E-4 	 5.123173039097173E-4 	 1.1639821127661459E-4 	 1.857097584724343E-4 	 7.454937018344006E-4 	 5.123173039097173E-4 	 1.1639821127661459E-4 	 1.857097584724343E-4 	 
-1.392 	 7.409062696700614E-4 	 4.966075706517777E-4 	 1.2666202943006783E-4 	 2.0430261777012012E-4 	 7.409062696700614E-4 	 4.966075706517777E-4 	 1.2666202943006783E-4 	 2.0430261777012012E-4 	 7.409062696700614E-4 	 4.966075706517777E-4 	 1.2666202943006783E-4 	 2.0430261777012012E-4 	 7.409062696700614E-4 	 4.966075706517777E-4 	 1.2666202943006783E-4 	 2.0430261777012012E-4 	 
-1.3679999999999999 	 7.075735653067335E-4 	 4.3916787188994785E-4 	 4.827624485429838E-5 	 1.75543137651991E-4 	 7.075735653067335E-4 	 4.3916787188994785E-4 	 4.827624485429838E-5 	 1.75543137651991E-4 	 7.075735653067335E-4 	 4.3916787188994785E-4 	 4.827624485429838E-5 	 1.75543137651991E-4 	 7.075735653067335E-4 	 4.3916787188994785E-4 	 4.827624485429838E-5 	 1.75543137651991E-4 	 
-1.3439999999999999 	 6.616865670305023E-4 	 4.161226430294681E-4 	 6.831842595338256E-5 	 1.3595515429326233E-4 	 6.616865670305023E-4 	 4.161226430294681E-4 	 6.831842595338256E-5 	 1.3595515429326233E-4 	 6.616865670305023E-4 	 4.161226430294681E-4 	 6.831842595338256E-5 	 1.3595515429326233E-4 	 6.616865670305023E-4 	 4.161226430294681E-4 	 6.831842595338256E-5 	 1.3595515429326233E-4 	 
-1.32 	 6.348223264514394E-4 	 4.0863573823565275E-4 	 5.901679734140966E-5 	 1.2031096892793889E-4 	 6.348223264514394E-4 	 4.0863573823565275E-4 	 5.901679734140966E-5 	 1.2031096892793889E-4 	 6.348223264514394E-4 	 4.0863573823565275E-4 	 5.901679734140966E-5 	 1.2031096892793889E-4 	 6.348223264514394E-4 	 4.0863573823565275E-4 	 5.901679734140966E-5 	 1.2031096892793889E-4 	 
-1.296 	 6.255130384374734E-4 	 4.072664851776692E-4 	 5.9683356883668015E-5 	 1.1809236635925517E-4 	 6.255130384374734E-4 	 4.072664851776692E-4 	 5.9683356883668015E-5 	 1.1809236635925517E-4 	 6.255130384374734E-4 	 4.072664851776692E-4 	 5.9683356883668015E-5 	 1.1809236635925517E-4 	 6.255130384374734E-4 	 4.072664851776692E-4 	 5.9683356883668015E-5 	 1.1809236635925517E-4 	 
-1.272 	 5.909271960357403E-4 	 3.4708344740869027E-4 	 1.0978835715918058E-4 	 9.394738005610097E-5 	 5.909271960357403E-4 	 3.4708344740869027E-4 	 1.0978835715918058E-4 	 9.394738005610097E-5 	 5.909271960357403E-4 	 3.4708344740869027E-4 	 1.0978835715918058E-4 	 9.394738005610097E-5 	 5.909271960357403E-4 	 3.4708344740869027E-4 	 1.0978835715918058E-4 	 9.394738005610097E-5 	 
-1.248 	 5.698754946221161E-4 	 3.685985725538556E-4 	 1.0048702879599577E-4 	 7.352922855987936E-5 	 5.698754946221161E-4 	 3.685985725538556E-4 	 1.0048702879599577E-4 	 7.352922855987936E-5 	 5.698754946221161E-4 	 3.685985725538556E-4 	 1.0048702879599577E-4 	 7.352922855987936E-5 	 5.698754946221161E-4 	 3.685985725538556E-4 	 1.0048702879599577E-4 	 7.352922855987936E-5 	 
-1.224 	 5.668821339662662E-4 	 3.6720419515039166E-4 	 1.1119480913643321E-4 	 8.173709803647288E-5 	 5.668821339662662E-4 	 3.6720419515039166E-4 	 1.1119480913643321E-4 	 8.173709803647288E-5 	 5.668821339662662E-4 	 3.6720419515039166E-4 	 1.1119480913643321E-4 	 8.173709803647288E-5 	 5.668821339662662E-4 	 3.6720419515039166E-4 	 1.1119480913643321E-4 	 8.173709803647288E-5 	 
-1.2 	 5.640047010417275E-4 	 3.7832405568193436E-4 	 1.0215005241922192E-4 	 8.796356446072202E-5 	 5.640047010417275E-4 	 3.7832405568193436E-4 	 1.0215005241922192E-4 	 8.796356446072202E-5 	 5.640047010417275E-4 	 3.7832405568193436E-4 	 1.0215005241922192E-4 	 8.796356446072202E-5 	 5.640047010417275E-4 	 3.7832405568193436E-4 	 1.0215005241922192E-4 	 8.796356446072202E-5 	 
-1.176 	 5.655093082698041E-4 	 3.794770487281999E-4 	 4.39791042637031E-5 	 9.575722885983629E-5 	 5.655093082698041E-4 	 3.794770487281999E-4 	 4.39791042637031E-5 	 9.575722885983629E-5 	 5.655093082698041E-4 	 3.794770487281999E-4 	 4.39791042637031E-5 	 9.575722885983629E-5 	 5.655093082698041E-4 	 3.794770487281999E-4 	 4.39791042637031E-5 	 9.575722885983629E-5 	 
-1.152 	 5.41620303032033E-4 	 3.236482128698549E-4 	 7.474095478268723E-5 	 7.5716368016286E-5 	 5.41620303032033E-4 	 3.236482128698549E-4 	 7.474095478268723E-5 	 7.5716368016286E-5 	 5.41620303032033E-4 	 3.236482128698549E-4 	 7.474095478268723E-5 	 7.5716368016286E-5 	 5.41620303032033E-4 	 3.236482128698549E-4 	 7.474095478268723E-5 	 7.5716368016286E-5 	 
-1.128 	 5.177400648990909E-4 	 3.3274635685774916E-4 	 9.493225659116791E-5 	 5.112318661637686E-5 	 5.177400648990909E-4 	 3.3274635685774916E-4 	 9.493225659116791E-5 	 5.112318661637686E-5 	 5.177400648990909E-4 	 3.3274635685774916E-4 	 9.493225659116791E-5 	 5.112318661637686E-5 	 5.177400648990909E-4 	 3.3274635685774916E-4 	 9.493225659116791E-5 	 5.112318661637686E-5 	 
-1.1039999999999999 	 5.060728095050511E-4 	 3.167086833699424E-4 	 9.59476700155667E-5 	 4.6898043415852975E-5 	 5.060728095050511E-4 	 3.167086833699424E-4 	 9.59476700155667E-5 	 4.6898043415852975E-5 	 5.060728095050511E-4 	 3.167086833699424E-4 	 9.59476700155667E-5 	 4.6898043415852975E-5 	 5.060728095050511E-4 	 3.167086833699424E-4 	 9.59476700155667E-5 	 4.6898043415852975E-5 	 
-1.08 	 5.142915925130904E-4 	 3.4813363656065156E-4 	 1.1606435566566645E-4 	 5.0625794456287314E-5 	 5.142915925130904E-4 	 3.4813363656065156E-4 	 1.1606435566566645E-4 	 5.0625794456287314E-5 	 5.142915925130904E-4 	 3.4813363656065156E-4 	 1.1606435566566645E-4 	 5.0625794456287314E-5 	 5.142915925130904E-4 	 3.4813363656065156E-4 	 1.1606435566566645E-4 	 5.0625794456287314E-5 	 
-1.056 	 5.041047145655899E-4 	 3.1687296640221004E-4 	 1.271204471773714E-4 	 5.246233817579427E-5 	 5.041047145655899E-4 	 3.1687296640221004E-4 	 1.271204471773714E-4 	 5.246233817579427E-5 	 5.041047145655899E-4 	 3.1687296640221004E-4 	 1.271204471773714E-4 	 5.246233817579427E-5 	 5.041047145655899E-4 	 3.1687296640221004E-4 	 1.271204471773714E-4 	 5.246233817579427E-5 	 
-1.032 	 5.153032415647919E-4 	 3.614343794413675E-4 	 1.5744269772673388E-4 	 5.7654669260206696E-5 	 5.153032415647919E-4 	 3.614343794413675E-4 	 1.5744269772673388E-4 	 5.7654669260206696E-5 	 5.153032415647919E-4 	 3.614343794413675E-4 	 1.5744269772673388E-4 	 5.7654669260206696E-5 	 5.153032415647919E-4 	 3.614343794413675E-4 	 1.5744269772673388E-4 	 5.7654669260206696E-5 	 
-1.008 	 5.272579567351961E-4 	 3.5215230075747296E-4 	 2.669428480289403E-4 	 7.282770062984493E-5 	 5.272579567351961E-4 	 3.5215230075747296E-4 	 2.669428480289403E-4 	 7.282770062984493E-5 	 5.272579567351961E-4 	 3.5215230075747296E-4 	 2.669428480289403E-4 	 7.282770062984493E-5 	 5.272579567351961E-4 	 3.5215230075747296E-4 	 2.669428480289403E-4 	 7.282770062984493E-5 	 
-0.984 	 5.269459109224082E-4 	 3.5357711067472535E-4 	 3.8613783796608725E-4 	 7.023100768261775E-5 	 5.269459109224082E-4 	 3.5357711067472535E-4 	 3.8613783796608725E-4 	 7.023100768261775E-5 	 5.269459109224082E-4 	 3.5357711067472535E-4 	 3.8613783796608725E-4 	 7.023100768261775E-5 	 5.269459109224082E-4 	 3.5357711067472535E-4 	 3.8613783796608725E-4 	 7.023100768261775E-5 	 
-0.96 	 5.341625711955334E-4 	 3.4786883910629116E-4 	 5.843472583624101E-4 	 6.594181264929456E-5 	 5.341625711955334E-4 	 3.4786883910629116E-4 	 5.843472583624101E-4 	 6.594181264929456E-5 	 5.341625711955334E-4 	 3.4786883910629116E-4 	 5.843472583624101E-4 	 6.594181264929456E-5 	 5.341625711955334E-4 	 3.4786883910629116E-4 	 5.843472583624101E-4 	 6.594181264929456E-5 	 
-0.9359999999999999 	 5.230749998611016E-4 	 3.441620951938565E-4 	 9.211122516556338E-4 	 5.864715050539888E-5 	 5.230749998611016E-4 	 3.441620951938565E-4 	 9.211122516556338E-4 	 5.864715050539888E-5 	 5.230749998611016E-4 	 3.441620951938565E-4 	 9.211122516556338E-4 	 5.864715050539888E-5 	 5.230749998611016E-4 	 3.441620951938565E-4 	 9.211122516556338E-4 	 5.864715050539888E-5 	 
-0.9119999999999999 	 5.4495741651337E-4 	 3.697387134785738E-4 	 0.001208164357962619 	 6.475813643935464E-5 	 5.4495741651337E-4 	 3.697387134785738E-4 	 0.001208164357962619 	 6.475813643935464E-5 	 5.4495741651337E-4 	 3.697387134785738E-4 	 0.001208164357962619 	 6.475813643935464E-5 	 5.4495741651337E-4 	 3.697387134785738E-4 	 0.001208164357962619 	 6.475813643935464E-5 	 
-0.8879999999999999 	 5.544041872606837E-4 	 3.522805569478583E-4 	 0.0013695525346589092 	 6.375014852331016E-5 	 5.544041872606837E-4 	 3.522805569478583E-4 	 0.0013695525346589092 	 6.375014852331016E-5 	 5.544041872606837E-4 	 3.522805569478583E-4 	 0.0013695525346589092 	 6.375014852331016E-5 	 5.544041872606837E-4 	 3.522805569478583E-4 	 0.0013695525346589092 	 6.375014852331016E-5 	 
-0.8639999999999999 	 5.748391763260092E-4 	 3.830175007872458E-4 	 0.0021804658115462767 	 5.9336096496312327E-5 	 5.748391763260092E-4 	 3.830175007872458E-4 	 0.0021804658115462767 	 5.9336096496312327E-5 	 5.748391763260092E-4 	 3.830175007872458E-4 	 0.0021804658115462767 	 5.9336096496312327E-5 	 5.748391763260092E-4 	 3.830175007872458E-4 	 0.0021804658115462767 	 5.9336096496312327E-5 	 
-0.8399999999999999 	 6.073760633896529E-4 	 4.0380538286274756E-4 	 0.003091501965755302 	 6.836910124891107E-5 	 6.073760633896529E-4 	 4.0380538286274756E-4 	 0.003091501965755302 	 6.836910124891107E-5 	 6.073760633896529E-4 	 4.0380538286274756E-4 	 0.003091501965755302 	 6.836910124891107E-5 	 6.073760633896529E-4 	 4.0380538286274756E-4 	 0.003091501965755302 	 6.836910124891107E-5 	 
-0.8159999999999998 	 6.494271505562642E-4 	 4.446717341787091E-4 	 0.004475772884568427 	 7.951788988842813E-5 	 6.494271505562642E-4 	 4.446717341787091E-4 	 0.004475772884568427 	 7.951788988842813E-5 	 6.494271505562642E-4 	 4.446717341787091E-4 	 0.004475772884568427 	 7.951788988842813E-5 	 6.494271505562642E-4 	 4.446717341787091E-4 	 0.004475772884568427 	 7.951788988842813E-5 	 
-0.7919999999999998 	 6.978779781462219E-4 	 4.661831883757364E-4 	 0.006206021752362845 	 8.859226618242839E-5 	 6.978779781462219E-4 	 4.661831883757364E-4 	 0.006206021752362845 	 8.859226618242839E-5 	 6.978779781462219E-4 	 4.661831883757364E-4 	 0.006206021752362845 	 8.859226618242839E-5 	 6.978779781462219E-4 	 4.661831883757364E-4 	 0.006206021752362845 	 8.859226618242839E-5 	 
-0.7679999999999998 	 7.294422391273276E-4 	 4.832587495341028E-4 	 0.008429364740509343 	 8.25595675117644E-5 	 7.294422391273276E-4 	 4.832587495341028E-4 	 0.008429364740509343 	 8.25595675117644E-5 	 7.294422391273276E-4 	 4.832587495341028E-4 	 0.008429364740509343 	 8.25595675117644E-5 	 7.294422391273276E-4 	 4.832587495341028E-4 	 0.008429364740509343 	 8.25595675117644E-5 	 
-0.7439999999999998 	 7.91185102758896E-4 	 5.330135651615141E-4 	 0.010683531218945296 	 8.185065902214442E-5 	 7.91185102758896E-4 	 5.330135651615141E-4 	 0.010683531218945296 	 8.185065902214442E-5 	 7.91185102758896E-4 	 5.330135651615141E-4 	 0.010683531218945296 	 8.185065902214442E-5 	 7.91185102758896E-4 	 5.330135651615141E-4 	 0.010683531218945296 	 8.185065902214442E-5 	 
-0.7199999999999998 	 8.546425016580841E-4 	 5.815825348967187E-4 	 0.014248391014128631 	 8.806746470964828E-5 	 8.546425016580841E-4 	 5.815825348967187E-4 	 0.014248391014128631 	 8.806746470964828E-5 	 8.546425016580841E-4 	 5.815825348967187E-4 	 0.014248391014128631 	 8.806746470964828E-5 	 8.546425016580841E-4 	 5.815825348967187E-4 	 0.014248391014128631 	 8.806746470964828E-5 	 
-0.6959999999999997 	 9.385869917650111E-4 	 6.444033440148219E-4 	 0.01816855229608292 	 9.713680450621534E-5 	 9.385869917650111E-4 	 6.444033440148219E-4 	 0.01816855229608292 	 9.713680450621534E-5 	 9.385869917650111E-4 	 6.444033440148219E-4 	 0.01816855229608292 	 9.713680450621534E-5 	 9.385869917650111E-4 	 6.444033440148219E-4 	 0.01816855229608292 	 9.713680450621534E-5 	 
-0.6720000000000002 	 0.0010011431338933503 	 6.925331336385484E-4 	 0.023446729685608236 	 1.0411989518220767E-4 	 0.0010011431338933503 	 6.925331336385484E-4 	 0.023446729685608236 	 1.0411989518220767E-4 	 0.0010011431338933503 	 6.925331336385484E-4 	 0.023446729685608236 	 1.0411989518220767E-4 	 0.0010011431338933503 	 6.925331336385484E-4 	 0.023446729685608236 	 1.0411989518220767E-4 	 
-0.6480000000000001 	 0.0010694425921648025 	 7.450909760178231E-4 	 0.027749179735086216 	 1.1195090958053101E-4 	 0.0010694425921648025 	 7.450909760178231E-4 	 0.027749179735086216 	 1.1195090958053101E-4 	 0.0010694425921648025 	 7.450909760178231E-4 	 0.027749179735086216 	 1.1195090958053101E-4 	 0.0010694425921648025 	 7.450909760178231E-4 	 0.027749179735086216 	 1.1195090958053101E-4 	 
-0.6240000000000001 	 0.0011394785626580423 	 7.976293834869543E-4 	 0.032377190546711204 	 1.1952183591174666E-4 	 0.0011394785626580423 	 7.976293834869543E-4 	 0.032377190546711204 	 1.1952183591174666E-4 	 0.0011394785626580423 	 7.976293834869543E-4 	 0.032377190546711204 	 1.1952183591174666E-4 	 0.0011394785626580423 	 7.976293834869543E-4 	 0.032377190546711204 	 1.1952183591174666E-4 	 
-0.6000000000000001 	 0.0011922772000119801 	 8.394848622039325E-4 	 0.037594000430546504 	 1.2454040085592996E-4 	 0.0011922772000119801 	 8.394848622039325E-4 	 0.037594000430546504 	 1.2454040085592996E-4 	 0.0011922772000119801 	 8.394848622039325E-4 	 0.037594000430546504 	 1.2454040085592996E-4 	 0.0011922772000119801 	 8.394848622039325E-4 	 0.037594000430546504 	 1.2454040085592996E-4 	 
-0.5760000000000001 	 0.0012700874145697304 	 9.069074971190102E-4 	 0.04210212904679854 	 1.3841036905347444E-4 	 0.0012700874145697304 	 9.069074971190102E-4 	 0.04210212904679854 	 1.3841036905347444E-4 	 0.0012700874145697304 	 9.069074971190102E-4 	 0.04210212904679854 	 1.3841036905347444E-4 	 0.0012700874145697304 	 9.069074971190102E-4 	 0.04210212904679854 	 1.3841036905347444E-4 	 
-0.552 	 0.0012700873462577287 	 8.967912380187877E-4 	 0.04859286953739974 	 1.408000097216461E-4 	 0.0012700873462577287 	 8.967912380187877E-4 	 0.04859286953739974 	 1.408000097216461E-4 	 0.0012700873462577287 	 8.967912380187877E-4 	 0.04859286953739974 	 1.408000097216461E-4 	 0.0012700873462577287 	 8.967912380187877E-4 	 0.04859286953739974 	 1.408000097216461E-4 	 
-0.528 	 0.0012795683462643178 	 9.074551242461713E-4 	 0.05032732034608549 	 1.366453401468453E-4 	 0.0012795683462643178 	 9.074551242461713E-4 	 0.05032732034608549 	 1.366453401468453E-4 	 0.0012795683462643178 	 9.074551242461713E-4 	 0.05032732034608549 	 1.366453401468453E-4 	 0.0012795683462643178 	 9.074551242461713E-4 	 0.05032732034608549 	 1.366453401468453E-4 	 
-0.504 	 0.0012406185155699255 	 8.823256303356553E-4 	 0.053475156940368446 	 1.3134084303580149E-4 	 0.0012406185155699255 	 8.823256303356553E-4 	 0.053475156940368446 	 1.3134084303580149E-4 	 0.0012406185155699255 	 8.823256303356553E-4 	 0.053475156940368446 	 1.3134084303580149E-4 	 0.0012406185155699255 	 8.823256303356553E-4 	 0.053475156940368446 	 1.3134084303580149E-4 	 
-0.48 	 0.00122122942514452 	 8.698803248155647E-4 	 0.05301921048381264 	 1.2922862418163325E-4 	 0.00122122942514452 	 8.698803248155647E-4 	 0.05301921048381264 	 1.2922862418163325E-4 	 0.00122122942514452 	 8.698803248155647E-4 	 0.05301921048381264 	 1.2922862418163325E-4 	 0.00122122942514452 	 8.698803248155647E-4 	 0.05301921048381264 	 1.2922862418163325E-4 	 
-0.45599999999999996 	 0.0011733164288918652 	 8.356372398586471E-4 	 0.05441140054167826 	 1.250533353612533E-4 	 0.0011733164288918652 	 8.356372398586471E-4 	 0.05441140054167826 	 1.250533353612533E-4 	 0.0011733164288918652 	 8.356372398586471E-4 	 0.05441140054167826 	 1.250533353612533E-4 	 0.0011733164288918652 	 8.356372398586471E-4 	 0.05441140054167826 	 1.250533353612533E-4 	 
-0.43199999999999994 	 0.0010837517511407865 	 7.716323316722791E-4 	 0.05401750560734635 	 1.1548311342585052E-4 	 0.0010837517511407865 	 7.716323316722791E-4 	 0.05401750560734635 	 1.1548311342585052E-4 	 0.0010837517511407865 	 7.716323316722791E-4 	 0.05401750560734635 	 1.1548311342585052E-4 	 0.0010837517511407865 	 7.716323316722791E-4 	 0.05401750560734635 	 1.1548311342585052E-4 	 
-0.4079999999999999 	 9.840271924431733E-4 	 7.007715260378158E-4 	 0.05068835096596079 	 1.0501970068224647E-4 	 9.840271924431733E-4 	 7.007715260378158E-4 	 0.05068835096596079 	 1.0501970068224647E-4 	 9.840271924431733E-4 	 7.007715260378158E-4 	 0.05068835096596079 	 1.0501970068224647E-4 	 9.840271924431733E-4 	 7.007715260378158E-4 	 0.05068835096596079 	 1.0501970068224647E-4 	 
-0.3839999999999999 	 8.743134016722182E-4 	 6.224977181413666E-4 	 0.04675713384453982 	 9.350671458434335E-5 	 8.743134016722182E-4 	 6.224977181413666E-4 	 0.04675713384453982 	 9.350671458434335E-5 	 8.743134016722182E-4 	 6.224977181413666E-4 	 0.04675713384453982 	 9.350671458434335E-5 	 8.743134016722182E-4 	 6.224977181413666E-4 	 0.04675713384453982 	 9.350671458434335E-5 	 
-0.3599999999999999 	 7.872499564434211E-4 	 5.598036124221189E-4 	 0.04151866999083053 	 8.426632249508055E-5 	 7.872499564434211E-4 	 5.598036124221189E-4 	 0.04151866999083053 	 8.426632249508055E-5 	 7.872499564434211E-4 	 5.598036124221189E-4 	 0.04151866999083053 	 8.426632249508055E-5 	 7.872499564434211E-4 	 5.598036124221189E-4 	 0.04151866999083053 	 8.426632249508055E-5 	 
-0.33599999999999985 	 6.699043918841849E-4 	 4.768345503804681E-4 	 0.038021002961118794 	 7.125382995359098E-5 	 6.699043918841849E-4 	 4.768345503804681E-4 	 0.038021002961118794 	 7.125382995359098E-5 	 6.699043918841849E-4 	 4.768345503804681E-4 	 0.038021002961118794 	 7.125382995359098E-5 	 6.699043918841849E-4 	 4.768345503804681E-4 	 0.038021002961118794 	 7.125382995359098E-5 	 
-0.31199999999999983 	 5.988952146535417E-4 	 4.258326478364192E-4 	 0.031858621157388384 	 6.375858892060905E-5 	 5.988952146535417E-4 	 4.258326478364192E-4 	 0.031858621157388384 	 6.375858892060905E-5 	 5.988952146535417E-4 	 4.258326478364192E-4 	 0.031858621157388384 	 6.375858892060905E-5 	 5.988952146535417E-4 	 4.258326478364192E-4 	 0.031858621157388384 	 6.375858892060905E-5 	 
-0.2879999999999998 	 5.201350067122575E-4 	 3.6964568645658774E-4 	 0.028768275651093623 	 5.5465372904841336E-5 	 5.201350067122575E-4 	 3.6964568645658774E-4 	 0.028768275651093623 	 5.5465372904841336E-5 	 5.201350067122575E-4 	 3.6964568645658774E-4 	 0.028768275651093623 	 5.5465372904841336E-5 	 5.201350067122575E-4 	 3.6964568645658774E-4 	 0.028768275651093623 	 5.5465372904841336E-5 	 
-0.2639999999999998 	 4.403185445731265E-4 	 3.13139054892465E-4 	 0.024959404719296453 	 4.705702986304349E-5 	 4.403185445731265E-4 	 3.13139054892465E-4 	 0.024959404719296453 	 4.705702986304349E-5 	 4.403185445731265E-4 	 3.13139054892465E-4 	 0.024959404719296453 	 4.705702986304349E-5 	 4.403185445731265E-4 	 3.13139054892465E-4 	 0.024959404719296453 	 4.705702986304349E-5 	 
-0.23999999999999977 	 3.9094196762099067E-4 	 2.7795991038061425E-4 	 0.0207101699819962 	 4.154590746423462E-5 	 3.9094196762099067E-4 	 2.7795991038061425E-4 	 0.0207101699819962 	 4.154590746423462E-5 	 3.9094196762099067E-4 	 2.7795991038061425E-4 	 0.0207101699819962 	 4.154590746423462E-5 	 3.9094196762099067E-4 	 2.7795991038061425E-4 	 0.0207101699819962 	 4.154590746423462E-5 	 
-0.21599999999999975 	 3.388326072702965E-4 	 2.4122086277994818E-4 	 0.0184401322004458 	 3.592116921173591E-5 	 3.388326072702965E-4 	 2.4122086277994818E-4 	 0.0184401322004458 	 3.592116921173591E-5 	 3.388326072702965E-4 	 2.4122086277994818E-4 	 0.0184401322004458 	 3.592116921173591E-5 	 3.388326072702965E-4 	 2.4122086277994818E-4 	 0.0184401322004458 	 3.592116921173591E-5 	 
-0.19199999999999973 	 3.114678343144305E-4 	 2.215721593769938E-4 	 0.01571909929388073 	 3.326055753703796E-5 	 3.114678343144305E-4 	 2.215721593769938E-4 	 0.01571909929388073 	 3.326055753703796E-5 	 3.114678343144305E-4 	 2.215721593769938E-4 	 0.01571909929388073 	 3.326055753703796E-5 	 3.114678343144305E-4 	 2.215721593769938E-4 	 0.01571909929388073 	 3.326055753703796E-5 	 
-0.16800000000000015 	 2.7530485207430275E-4 	 1.958687083288244E-4 	 0.014681506954917661 	 2.940750554649407E-5 	 2.7530485207430275E-4 	 1.958687083288244E-4 	 0.014681506954917661 	 2.940750554649407E-5 	 2.7530485207430275E-4 	 1.958687083288244E-4 	 0.014681506954917661 	 2.940750554649407E-5 	 2.7530485207430275E-4 	 1.958687083288244E-4 	 0.014681506954917661 	 2.940750554649407E-5 	 
-0.14400000000000013 	 2.4170078504081105E-4 	 1.7226722461145282E-4 	 0.012974670194207422 	 2.5579933102436206E-5 	 2.4170078504081105E-4 	 1.7226722461145282E-4 	 0.012974670194207422 	 2.5579933102436206E-5 	 2.4170078504081105E-4 	 1.7226722461145282E-4 	 0.012974670194207422 	 2.5579933102436206E-5 	 2.4170078504081105E-4 	 1.7226722461145282E-4 	 0.012974670194207422 	 2.5579933102436206E-5 	 
-0.1200000000000001 	 2.1886686721578292E-4 	 1.560294491678475E-4 	 0.011366883374164333 	 2.321339547713761E-5 	 2.1886686721578292E-4 	 1.560294491678475E-4 	 0.011366883374164333 	 2.321339547713761E-5 	 2.1886686721578292E-4 	 1.560294491678475E-4 	 0.011366883374164333 	 2.321339547713761E-5 	 2.1886686721578292E-4 	 1.560294491678475E-4 	 0.011366883374164333 	 2.321339547713761E-5 	 
-0.09600000000000009 	 2.0074880236828403E-4 	 1.4285373055739054E-4 	 0.010301406754977848 	 2.15252664083424E-5 	 2.0074880236828403E-4 	 1.4285373055739054E-4 	 0.010301406754977848 	 2.15252664083424E-5 	 2.0074880236828403E-4 	 1.4285373055739054E-4 	 0.010301406754977848 	 2.15252664083424E-5 	 2.0074880236828403E-4 	 1.4285373055739054E-4 	 0.010301406754977848 	 2.15252664083424E-5 	 
-0.07200000000000006 	 1.6960433294210323E-4 	 1.2083554861095716E-4 	 0.009727211204489501 	 1.801339158347719E-5 	 1.6960433294210323E-4 	 1.2083554861095716E-4 	 0.009727211204489501 	 1.801339158347719E-5 	 1.6960433294210323E-4 	 1.2083554861095716E-4 	 0.009727211204489501 	 1.801339158347719E-5 	 1.6960433294210323E-4 	 1.2083554861095716E-4 	 0.009727211204489501 	 1.801339158347719E-5 	 
-0.04800000000000004 	 1.5108709686648055E-4 	 1.0768650077202258E-4 	 0.008031579742396702 	 1.6021409257792075E-5 	 1.5108709686648055E-4 	 1.0768650077202258E-4 	 0.008031579742396702 	 1.6021409257792075E-5 	 1.5108709686648055E-4 	 1.0768650077202258E-4 	 0.008031579742396702 	 1.6021409257792075E-5 	 1.5108709686648055E-4 	 1.0768650077202258E-4 	 0.008031579742396702 	 1.6021409257792075E-5 	 
-0.02400000000000002 	 1.3384260000066784E-4 	 9.549819042959409E-5 	 0.0072221945223988945 	 1.4290730468937327E-5 	 1.3384260000066784E-4 	 9.549819042959409E-5 	 0.0072221945223988945 	 1.4290730468937327E-5 	 1.3384260000066784E-4 	 9.549819042959409E-5 	 0.0072221945223988945 	 1.4290730468937327E-5 	 1.3384260000066784E-4 	 9.549819042959409E-5 	 0.0072221945223988945 	 1.4290730468937327E-5 	 
0.0 	 1.2164122809413642E-4 	 8.654782088811563E-5 	 0.006403452126383619 	 1.3104749192734786E-5 	 1.2164122809413642E-4 	 8.654782088811563E-5 	 0.006403452126383619 	 1.3104749192734786E-5 	 1.2164122809413642E-4 	 8.654782088811563E-5 	 0.006403452126383619 	 1.3104749192734786E-5 	 1.2164122809413642E-4 	 8.654782088811563E-5 	 0.006403452126383619 	 1.3104749192734786E-5 	 
0.02400000000000002 	 9.908884041233659E-5 	 7.069301067143771E-5 	 0.005938546620765517 	 1.0430955835959817E-5 	 9.908884041233659E-5 	 7.069301067143771E-5 	 0.005938546620765517 	 1.0430955835959817E-5 	 9.908884041233659E-5 	 7.069301067143771E-5 	 0.005938546620765517 	 1.0430955835959817E-5 	 9.908884041233659E-5 	 7.069301067143771E-5 	 0.005938546620765517 	 1.0430955835959817E-5 	 
0.04800000000000004 	 9.154449288430348E-5 	 6.535894378975805E-5 	 0.004657472903652325 	 9.639318594239854E-6 	 9.154449288430348E-5 	 6.535894378975805E-5 	 0.004657472903652325 	 9.639318594239854E-6 	 9.154449288430348E-5 	 6.535894378975805E-5 	 0.004657472903652325 	 9.639318594239854E-6 	 9.154449288430348E-5 	 6.535894378975805E-5 	 0.004657472903652325 	 9.639318594239854E-6 	 
0.07200000000000006 	 8.323459666368457E-5 	 5.9304602677214896E-5 	 0.004410291425832717 	 8.892484369807507E-6 	 8.323459666368457E-5 	 5.9304602677214896E-5 	 0.004410291425832717 	 8.892484369807507E-6 	 8.323459666368457E-5 	 5.9304602677214896E-5 	 0.004410291425832717 	 8.892484369807507E-6 	 8.323459666368457E-5 	 5.9304602677214896E-5 	 0.004410291425832717 	 8.892484369807507E-6 	 
0.09600000000000009 	 7.143996991369254E-5 	 5.07873725496298E-5 	 0.004103812663044469 	 7.676319692703199E-6 	 7.143996991369254E-5 	 5.07873725496298E-5 	 0.004103812663044469 	 7.676319692703199E-6 	 7.143996991369254E-5 	 5.07873725496298E-5 	 0.004103812663044469 	 7.676319692703199E-6 	 7.143996991369254E-5 	 5.07873725496298E-5 	 0.004103812663044469 	 7.676319692703199E-6 	 
0.1200000000000001 	 5.559415148065811E-5 	 3.9629250281110726E-5 	 0.0035410420906120325 	 5.883258076117573E-6 	 5.559415148065811E-5 	 3.9629250281110726E-5 	 0.0035410420906120325 	 5.883258076117573E-6 	 5.559415148065811E-5 	 3.9629250281110726E-5 	 0.0035410420906120325 	 5.883258076117573E-6 	 5.559415148065811E-5 	 3.9629250281110726E-5 	 0.0035410420906120325 	 5.883258076117573E-6 	 
0.14400000000000013 	 5.065312391739337E-5 	 3.609832588519415E-5 	 0.002595124218258072 	 5.372537357334595E-6 	 5.065312391739337E-5 	 3.609832588519415E-5 	 0.002595124218258072 	 5.372537357334595E-6 	 5.065312391739337E-5 	 3.609832588519415E-5 	 0.002595124218258072 	 5.372537357334595E-6 	 5.065312391739337E-5 	 3.609832588519415E-5 	 0.002595124218258072 	 5.372537357334595E-6 	 
0.16800000000000015 	 4.7029692566839435E-5 	 3.346762090005231E-5 	 0.0023977337487433087 	 5.011801256899278E-6 	 4.7029692566839435E-5 	 3.346762090005231E-5 	 0.0023977337487433087 	 5.011801256899278E-6 	 4.7029692566839435E-5 	 3.346762090005231E-5 	 0.0023977337487433087 	 5.011801256899278E-6 	 4.7029692566839435E-5 	 3.346762090005231E-5 	 0.0023977337487433087 	 5.011801256899278E-6 	 
0.19200000000000017 	 3.9121359954956785E-5 	 2.7874562893328687E-5 	 0.002298479717187904 	 4.167567027295825E-6 	 3.9121359954956785E-5 	 2.7874562893328687E-5 	 0.002298479717187904 	 4.167567027295825E-6 	 3.9121359954956785E-5 	 2.7874562893328687E-5 	 0.002298479717187904 	 4.167567027295825E-6 	 3.9121359954956785E-5 	 2.7874562893328687E-5 	 0.002298479717187904 	 4.167567027295825E-6 	 
0.2160000000000002 	 3.5008290878903694E-5 	 2.4861029631659253E-5 	 0.0018745529158718972 	 3.731680619579297E-6 	 3.5008290878903694E-5 	 2.4861029631659253E-5 	 0.0018745529158718972 	 3.731680619579297E-6 	 3.5008290878903694E-5 	 2.4861029631659253E-5 	 0.0018745529158718972 	 3.731680619579297E-6 	 3.5008290878903694E-5 	 2.4861029631659253E-5 	 0.0018745529158718972 	 3.731680619579297E-6 	 
0.2400000000000002 	 2.9115229435180322E-5 	 2.069960726142519E-5 	 0.0016770625516063426 	 3.069317084093995E-6 	 2.9115229435180322E-5 	 2.069960726142519E-5 	 0.0016770625516063426 	 3.069317084093995E-6 	 2.9115229435180322E-5 	 2.069960726142519E-5 	 0.0016770625516063426 	 3.069317084093995E-6 	 2.9115229435180322E-5 	 2.069960726142519E-5 	 0.0016770625516063426 	 3.069317084093995E-6 	 
0.26400000000000023 	 2.6741065383847012E-5 	 1.9007345018646783E-5 	 0.0013616760523776483 	 2.8597667505281306E-6 	 2.6741065383847012E-5 	 1.9007345018646783E-5 	 0.0013616760523776483 	 2.8597667505281306E-6 	 2.6741065383847012E-5 	 1.9007345018646783E-5 	 0.0013616760523776483 	 2.8597667505281306E-6 	 2.6741065383847012E-5 	 1.9007345018646783E-5 	 0.0013616760523776483 	 2.8597667505281306E-6 	 
0.28800000000000026 	 2.287659963197855E-5 	 1.6225234619221157E-5 	 0.001292348318130409 	 2.4498903381067727E-6 	 2.287659963197855E-5 	 1.6225234619221157E-5 	 0.001292348318130409 	 2.4498903381067727E-6 	 2.287659963197855E-5 	 1.6225234619221157E-5 	 0.001292348318130409 	 2.4498903381067727E-6 	 2.287659963197855E-5 	 1.6225234619221157E-5 	 0.001292348318130409 	 2.4498903381067727E-6 	 
0.3120000000000003 	 1.9278714405999738E-5 	 1.3690655866926906E-5 	 0.001085205462445776 	 2.082682843870508E-6 	 1.9278714405999738E-5 	 1.3690655866926906E-5 	 0.001085205462445776 	 2.082682843870508E-6 	 1.9278714405999738E-5 	 1.3690655866926906E-5 	 0.001085205462445776 	 2.082682843870508E-6 	 1.9278714405999738E-5 	 1.3690655866926906E-5 	 0.001085205462445776 	 2.082682843870508E-6 	 
0.33599999999999985 	 1.6232230004967247E-5 	 1.1530151312268536E-5 	 8.978013525371927E-4 	 1.7356699638774401E-6 	 1.6232230004967247E-5 	 1.1530151312268536E-5 	 8.978013525371927E-4 	 1.7356699638774401E-6 	 1.6232230004967247E-5 	 1.1530151312268536E-5 	 8.978013525371927E-4 	 1.7356699638774401E-6 	 1.6232230004967247E-5 	 1.1530151312268536E-5 	 8.978013525371927E-4 	 1.7356699638774401E-6 	 
0.3599999999999999 	 1.5605119170244708E-5 	 1.1098196299142668E-5 	 7.008319930262965E-4 	 1.62692027623415E-6 	 1.5605119170244708E-5 	 1.1098196299142668E-5 	 7.008319930262965E-4 	 1.62692027623415E-6 	 1.5605119170244708E-5 	 1.1098196299142668E-5 	 7.008319930262965E-4 	 1.62692027623415E-6 	 1.5605119170244708E-5 	 1.1098196299142668E-5 	 7.008319930262965E-4 	 1.62692027623415E-6 	 
0.3839999999999999 	 1.4958890293597657E-5 	 1.0669440716842736E-5 	 7.20396511195674E-4 	 1.5897222443177265E-6 	 1.4958890293597657E-5 	 1.0669440716842736E-5 	 7.20396511195674E-4 	 1.5897222443177265E-6 	 1.4958890293597657E-5 	 1.0669440716842736E-5 	 7.20396511195674E-4 	 1.5897222443177265E-6 	 1.4958890293597657E-5 	 1.0669440716842736E-5 	 7.20396511195674E-4 	 1.5897222443177265E-6 	 
0.4079999999999999 	 1.3704564522185069E-5 	 9.728047703071555E-6 	 7.005718715932014E-4 	 1.4996697073794404E-6 	 1.3704564522185069E-5 	 9.728047703071555E-6 	 7.005718715932014E-4 	 1.4996697073794404E-6 	 1.3704564522185069E-5 	 9.728047703071555E-6 	 7.005718715932014E-4 	 1.4996697073794404E-6 	 1.3704564522185069E-5 	 9.728047703071555E-6 	 7.005718715932014E-4 	 1.4996697073794404E-6 	 
0.43199999999999994 	 1.1225005369951505E-5 	 7.992164456459992E-6 	 6.609565132148329E-4 	 1.204795687406263E-6 	 1.1225005369951505E-5 	 7.992164456459992E-6 	 6.609565132148329E-4 	 1.204795687406263E-6 	 1.1225005369951505E-5 	 7.992164456459992E-6 	 6.609565132148329E-4 	 1.204795687406263E-6 	 1.1225005369951505E-5 	 7.992164456459992E-6 	 6.609565132148329E-4 	 1.204795687406263E-6 	 
0.45599999999999996 	 9.028579125710607E-6 	 6.460496367370044E-6 	 5.229066644207989E-4 	 9.2861086828289E-7 	 9.028579125710607E-6 	 6.460496367370044E-6 	 5.229066644207989E-4 	 9.2861086828289E-7 	 9.028579125710607E-6 	 6.460496367370044E-6 	 5.229066644207989E-4 	 9.2861086828289E-7 	 9.028579125710607E-6 	 6.460496367370044E-6 	 5.229066644207989E-4 	 9.2861086828289E-7 	 
0.48 	 1.016058799388844E-5 	 7.267494174029755E-6 	 3.752794586693356E-4 	 1.0696948771030556E-6 	 1.016058799388844E-5 	 7.267494174029755E-6 	 3.752794586693356E-4 	 1.0696948771030556E-6 	 1.016058799388844E-5 	 7.267494174029755E-6 	 3.752794586693356E-4 	 1.0696948771030556E-6 	 1.016058799388844E-5 	 7.267494174029755E-6 	 3.752794586693356E-4 	 1.0696948771030556E-6 	 
0.504 	 9.747291978932241E-6 	 6.9383006223741845E-6 	 4.933711272079736E-4 	 1.067955416872121E-6 	 9.747291978932241E-6 	 6.9383006223741845E-6 	 4.933711272079736E-4 	 1.067955416872121E-6 	 9.747291978932241E-6 	 6.9383006223741845E-6 	 4.933711272079736E-4 	 1.067955416872121E-6 	 9.747291978932241E-6 	 6.9383006223741845E-6 	 4.933711272079736E-4 	 1.067955416872121E-6 	 
0.528 	 7.461710020734835E-6 	 5.323172670301525E-6 	 4.931718269266085E-4 	 8.048549007798952E-7 	 7.461710020734835E-6 	 5.323172670301525E-6 	 4.931718269266085E-4 	 8.048549007798952E-7 	 7.461710020734835E-6 	 5.323172670301525E-6 	 4.931718269266085E-4 	 8.048549007798952E-7 	 7.461710020734835E-6 	 5.323172670301525E-6 	 4.931718269266085E-4 	 8.048549007798952E-7 	 
0.552 	 6.673245508482225E-6 	 4.778180863976766E-6 	 3.552169024103258E-4 	 6.959306779288506E-7 	 6.673245508482225E-6 	 4.778180863976766E-6 	 3.552169024103258E-4 	 6.959306779288506E-7 	 6.673245508482225E-6 	 4.778180863976766E-6 	 3.552169024103258E-4 	 6.959306779288506E-7 	 6.673245508482225E-6 	 4.778180863976766E-6 	 3.552169024103258E-4 	 6.959306779288506E-7 	 
0.5760000000000001 	 5.857247933824587E-6 	 4.219085390577498E-6 	 3.157524803968735E-4 	 6.150619929877065E-7 	 5.857247933824587E-6 	 4.219085390577498E-6 	 3.157524803968735E-4 	 6.150619929877065E-7 	 5.857247933824587E-6 	 4.219085390577498E-6 	 3.157524803968735E-4 	 6.150619929877065E-7 	 5.857247933824587E-6 	 4.219085390577498E-6 	 3.157524803968735E-4 	 6.150619929877065E-7 	 
0.6000000000000001 	 6.761381425991846E-6 	 4.813398444678028E-6 	 2.763943105731099E-4 	 7.307936931565911E-7 	 6.761381425991846E-6 	 4.813398444678028E-6 	 2.763943105731099E-4 	 7.307936931565911E-7 	 6.761381425991846E-6 	 4.813398444678028E-6 	 2.763943105731099E-4 	 7.307936931565911E-7 	 6.761381425991846E-6 	 4.813398444678028E-6 	 2.763943105731099E-4 	 7.307936931565911E-7 	 
0.6240000000000001 	 4.68556687782215E-6 	 3.34183391801719E-6 	 3.648486249236201E-4 	 5.096989946425893E-7 	 4.68556687782215E-6 	 3.34183391801719E-6 	 3.648486249236201E-4 	 5.096989946425893E-7 	 4.68556687782215E-6 	 3.34183391801719E-6 	 3.648486249236201E-4 	 5.096989946425893E-7 	 4.68556687782215E-6 	 3.34183391801719E-6 	 3.648486249236201E-4 	 5.096989946425893E-7 	 
0.6480000000000001 	 3.3816779600718198E-6 	 2.4357151539536147E-6 	 2.465410406200752E-4 	 3.6016202051780706E-7 	 3.3816779600718198E-6 	 2.4357151539536147E-6 	 2.465410406200752E-4 	 3.6016202051780706E-7 	 3.3816779600718198E-6 	 2.4357151539536147E-6 	 2.465410406200752E-4 	 3.6016202051780706E-7 	 3.3816779600718198E-6 	 2.4357151539536147E-6 	 2.465410406200752E-4 	 3.6016202051780706E-7 	 
0.6720000000000002 	 3.707808191547763E-6 	 2.6202996244923778E-6 	 1.5792891182841228E-4 	 4.034979717159315E-7 	 3.707808191547763E-6 	 2.6202996244923778E-6 	 1.5792891182841228E-4 	 4.034979717159315E-7 	 3.707808191547763E-6 	 2.6202996244923778E-6 	 1.5792891182841228E-4 	 4.034979717159315E-7 	 3.707808191547763E-6 	 2.6202996244923778E-6 	 1.5792891182841228E-4 	 4.034979717159315E-7 	 
0.6960000000000002 	 2.194966981355055E-6 	 1.5793207691587834E-6 	 1.9719042901875832E-4 	 2.2140362697852894E-7 	 2.194966981355055E-6 	 1.5793207691587834E-6 	 1.9719042901875832E-4 	 2.2140362697852894E-7 	 2.194966981355055E-6 	 1.5793207691587834E-6 	 1.9719042901875832E-4 	 2.2140362697852894E-7 	 2.194966981355055E-6 	 1.5793207691587834E-6 	 1.9719042901875832E-4 	 2.2140362697852894E-7 	 
0.7200000000000002 	 2.7457642158189063E-6 	 1.950630110078211E-6 	 9.87418646782932E-5 	 3.0318970351664905E-7 	 2.7457642158189063E-6 	 1.950630110078211E-6 	 9.87418646782932E-5 	 3.0318970351664905E-7 	 2.7457642158189063E-6 	 1.950630110078211E-6 	 9.87418646782932E-5 	 3.0318970351664905E-7 	 2.7457642158189063E-6 	 1.950630110078211E-6 	 9.87418646782932E-5 	 3.0318970351664905E-7 	 
0.7440000000000002 	 1.8976739678300467E-6 	 1.347677259766889E-6 	 1.4790654175559742E-4 	 2.071647611520447E-7 	 1.8976739678300467E-6 	 1.347677259766889E-6 	 1.4790654175559742E-4 	 2.071647611520447E-7 	 1.8976739678300467E-6 	 1.347677259766889E-6 	 1.4790654175559742E-4 	 2.071647611520447E-7 	 1.8976739678300467E-6 	 1.347677259766889E-6 	 1.4790654175559742E-4 	 2.071647611520447E-7 	 
0.7680000000000002 	 1.3537634766569657E-6 	 9.671800502736383E-7 	 9.861369870369577E-5 	 1.402183162600644E-7 	 1.3537634766569657E-6 	 9.671800502736383E-7 	 9.861369870369577E-5 	 1.402183162600644E-7 	 1.3537634766569657E-6 	 9.671800502736383E-7 	 9.861369870369577E-5 	 1.402183162600644E-7 	 1.3537634766569657E-6 	 9.671800502736383E-7 	 9.861369870369577E-5 	 1.402183162600644E-7 	 
0.7920000000000003 	 1.2528173236719357E-6 	 8.996793219108885E-7 	 5.922694764664028E-5 	 1.2730717407631945E-7 	 1.2528173236719357E-6 	 8.996793219108885E-7 	 5.922694764664028E-5 	 1.2730717407631945E-7 	 1.2528173236719357E-6 	 8.996793219108885E-7 	 5.922694764664028E-5 	 1.2730717407631945E-7 	 1.2528173236719357E-6 	 8.996793219108885E-7 	 5.922694764664028E-5 	 1.2730717407631945E-7 	 
0.8160000000000003 	 1.3618783979941788E-6 	 9.734041961821704E-7 	 5.922294050461263E-5 	 1.4097678843886757E-7 	 1.3618783979941788E-6 	 9.734041961821704E-7 	 5.922294050461263E-5 	 1.4097678843886757E-7 	 1.3618783979941788E-6 	 9.734041961821704E-7 	 5.922294050461263E-5 	 1.4097678843886757E-7 	 1.3618783979941788E-6 	 9.734041961821704E-7 	 5.922294050461263E-5 	 1.4097678843886757E-7 	 
0.8399999999999999 	 1.2344168514584028E-6 	 8.694541646375244E-7 	 6.905774531884946E-5 	 1.4368907871917063E-7 	 1.2344168514584028E-6 	 8.694541646375244E-7 	 6.905774531884946E-5 	 1.4368907871917063E-7 	 1.2344168514584028E-6 	 8.694541646375244E-7 	 6.905774531884946E-5 	 1.4368907871917063E-7 	 1.2344168514584028E-6 	 8.694541646375244E-7 	 6.905774531884946E-5 	 1.4368907871917063E-7 	 
0.8639999999999999 	 5.48837269516359E-7 	 3.996824692670378E-7 	 6.899661311272295E-5 	 6.621302358339418E-8 	 5.48837269516359E-7 	 3.996824692670378E-7 	 6.899661311272295E-5 	 6.621302358339418E-8 	 5.48837269516359E-7 	 3.996824692670378E-7 	 6.899661311272295E-5 	 6.621302358339418E-8 	 5.48837269516359E-7 	 3.996824692670378E-7 	 6.899661311272295E-5 	 6.621302358339418E-8 	 
0.8879999999999999 	 7.799092736570499E-7 	 5.585429397425392E-7 	 1.97792754882767E-5 	 8.50251051048064E-8 	 7.799092736570499E-7 	 5.585429397425392E-7 	 1.97792754882767E-5 	 8.50251051048064E-8 	 7.799092736570499E-7 	 5.585429397425392E-7 	 1.97792754882767E-5 	 8.50251051048064E-8 	 7.799092736570499E-7 	 5.585429397425392E-7 	 1.97792754882767E-5 	 8.50251051048064E-8 	 
0.9119999999999999 	 4.061720270206023E-7 	 3.0753681259326176E-7 	 3.944085968323646E-5 	 3.13512254040368E-8 	 4.061720270206023E-7 	 3.0753681259326176E-7 	 3.944085968323646E-5 	 3.13512254040368E-8 	 4.061720270206023E-7 	 3.0753681259326176E-7 	 3.944085968323646E-5 	 3.13512254040368E-8 	 4.061720270206023E-7 	 3.0753681259326176E-7 	 3.944085968323646E-5 	 3.13512254040368E-8 	 
0.9359999999999999 	 1.1726725431525388E-6 	 8.312438097589142E-7 	 9.95348027544967E-6 	 1.2505760600189943E-7 	 1.1726725431525388E-6 	 8.312438097589142E-7 	 9.95348027544967E-6 	 1.2505760600189943E-7 	 1.1726725431525388E-6 	 8.312438097589142E-7 	 9.95348027544967E-6 	 1.2505760600189943E-7 	 1.1726725431525388E-6 	 8.312438097589142E-7 	 9.95348027544967E-6 	 1.2505760600189943E-7 	 
0.96 	 6.527845630549337E-7 	 4.605523948536001E-7 	 6.899538487858264E-5 	 7.08527205924697E-8 	 6.527845630549337E-7 	 4.605523948536001E-7 	 6.899538487858264E-5 	 7.08527205924697E-8 	 6.527845630549337E-7 	 4.605523948536001E-7 	 6.899538487858264E-5 	 7.08527205924697E-8 	 6.527845630549337E-7 	 4.605523948536001E-7 	 6.899538487858264E-5 	 7.08527205924697E-8 	 
0.984 	 3.4865237100713796E-7 	 2.420176671397495E-7 	 3.942366642632676E-5 	 3.8188536630521806E-8 	 3.4865237100713796E-7 	 2.420176671397495E-7 	 3.942366642632676E-5 	 3.8188536630521806E-8 	 3.4865237100713796E-7 	 2.420176671397495E-7 	 3.942366642632676E-5 	 3.8188536630521806E-8 	 3.4865237100713796E-7 	 2.420176671397495E-7 	 3.942366642632676E-5 	 3.8188536630521806E-8 	 
1.008 	 6.644604939684064E-8 	 4.8232195051379553E-8 	 1.970660086279649E-5 	 8.72247261414985E-9 	 6.644604939684064E-8 	 4.8232195051379553E-8 	 1.970660086279649E-5 	 8.72247261414985E-9 	 6.644604939684064E-8 	 4.8232195051379553E-8 	 1.970660086279649E-5 	 8.72247261414985E-9 	 6.644604939684064E-8 	 4.8232195051379553E-8 	 1.970660086279649E-5 	 8.72247261414985E-9 	 
1.032 	 9.243774815849208E-8 	 7.015726448255642E-8 	 1.3378936210118705E-8 	 1.2010031555827564E-8 	 9.243774815849208E-8 	 7.015726448255642E-8 	 1.3378936210118705E-8 	 1.2010031555827564E-8 	 9.243774815849208E-8 	 7.015726448255642E-8 	 1.3378936210118705E-8 	 1.2010031555827564E-8 	 9.243774815849208E-8 	 7.015726448255642E-8 	 1.3378936210118705E-8 	 1.2010031555827564E-8 	 
1.056 	 2.2570748112448165E-7 	 1.622447922076692E-7 	 2.8096518053668876E-8 	 1.965779036776546E-8 	 2.2570748112448165E-7 	 1.622447922076692E-7 	 2.8096518053668876E-8 	 1.965779036776546E-8 	 2.2570748112448165E-7 	 1.622447922076692E-7 	 2.8096518053668876E-8 	 1.965779036776546E-8 	 2.2570748112448165E-7 	 1.622447922076692E-7 	 2.8096518053668876E-8 	 1.965779036776546E-8 	 
1.08 	 2.2826260580023648E-7 	 1.7019897731761697E-7 	 9.873050408032381E-6 	 2.0450736242218045E-8 	 2.2826260580023648E-7 	 1.7019897731761697E-7 	 9.873050408032381E-6 	 2.0450736242218045E-8 	 2.2826260580023648E-7 	 1.7019897731761697E-7 	 9.873050408032381E-6 	 2.0450736242218045E-8 	 2.2826260580023648E-7 	 1.7019897731761697E-7 	 9.873050408032381E-6 	 2.0450736242218045E-8 	 
1.104 	 4.7099311407642575E-7 	 3.3139132520035457E-7 	 9.88852536190423E-6 	 5.562434287586414E-8 	 4.7099311407642575E-7 	 3.3139132520035457E-7 	 9.88852536190423E-6 	 5.562434287586414E-8 	 4.7099311407642575E-7 	 3.3139132520035457E-7 	 9.88852536190423E-6 	 5.562434287586414E-8 	 4.7099311407642575E-7 	 3.3139132520035457E-7 	 9.88852536190423E-6 	 5.562434287586414E-8 	 
1.1280000000000001 	 1.5552984434564318E-7 	 1.0892859612571717E-7 	 2.9558303284029462E-5 	 1.8530724664520654E-8 	 1.5552984434564318E-7 	 1.0892859612571717E-7 	 2.9558303284029462E-5 	 1.8530724664520654E-8 	 1.5552984434564318E-7 	 1.0892859612571717E-7 	 2.9558303284029462E-5 	 1.8530724664520654E-8 	 1.5552984434564318E-7 	 1.0892859612571717E-7 	 2.9558303284029462E-5 	 1.8530724664520654E-8 	 
1.1520000000000001 	 2.707394628703773E-8 	 1.963935820941963E-8 	 9.850507868382164E-6 	 1.9200547739547904E-9 	 2.707394628703773E-8 	 1.963935820941963E-8 	 9.850507868382164E-6 	 1.9200547739547904E-9 	 2.707394628703773E-8 	 1.963935820941963E-8 	 9.850507868382164E-6 	 1.9200547739547904E-9 	 2.707394628703773E-8 	 1.963935820941963E-8 	 9.850507868382164E-6 	 1.9200547739547904E-9 	 
1.1760000000000002 	 3.6427041597437486E-8 	 2.621933586269378E-8 	 3.402675693419467E-9 	 3.2828567095560745E-9 	 3.6427041597437486E-8 	 2.621933586269378E-8 	 3.402675693419467E-9 	 3.2828567095560745E-9 	 3.6427041597437486E-8 	 2.621933586269378E-8 	 3.402675693419467E-9 	 3.2828567095560745E-9 	 3.6427041597437486E-8 	 2.621933586269378E-8 	 3.402675693419467E-9 	 3.2828567095560745E-9 	 
1.2000000000000002 	 1.4998484313225704E-7 	 1.0491990071228082E-7 	 1.250266027562101E-8 	 1.744067250865692E-8 	 1.4998484313225704E-7 	 1.0491990071228082E-7 	 1.250266027562101E-8 	 1.744067250865692E-8 	 1.4998484313225704E-7 	 1.0491990071228082E-7 	 1.250266027562101E-8 	 1.744067250865692E-8 	 1.4998484313225704E-7 	 1.0491990071228082E-7 	 1.250266027562101E-8 	 1.744067250865692E-8 	 
1.2240000000000002 	 1.541143091588887E-8 	 9.229212699926379E-9 	 9.848950231170948E-6 	 1.090062955088565E-9 	 1.541143091588887E-8 	 9.229212699926379E-9 	 9.848950231170948E-6 	 1.090062955088565E-9 	 1.541143091588887E-8 	 9.229212699926379E-9 	 9.848950231170948E-6 	 1.090062955088565E-9 	 1.541143091588887E-8 	 9.229212699926379E-9 	 9.848950231170948E-6 	 1.090062955088565E-9 	 
1.2480000000000002 	 1.3810705299133594E-8 	 9.171929618889149E-9 	 1.6836073694996428E-9 	 0.0 	 1.3810705299133594E-8 	 9.171929618889149E-9 	 1.6836073694996428E-9 	 0.0 	 1.3810705299133594E-8 	 9.171929618889149E-9 	 1.6836073694996428E-9 	 0.0 	 1.3810705299133594E-8 	 9.171929618889149E-9 	 1.6836073694996428E-9 	 0.0 	 
1.2720000000000002 	 1.380597742695844E-8 	 1.0439764008169516E-8 	 1.8055852984034963E-9 	 3.2701564675912062E-9 	 1.380597742695844E-8 	 1.0439764008169516E-8 	 1.8055852984034963E-9 	 3.2701564675912062E-9 	 1.380597742695844E-8 	 1.0439764008169516E-8 	 1.8055852984034963E-9 	 3.2701564675912062E-9 	 1.380597742695844E-8 	 1.0439764008169516E-8 	 1.8055852984034963E-9 	 3.2701564675912062E-9 	 
1.2960000000000003 	 2.0643750154604536E-8 	 1.362165634883006E-8 	 3.1576076290687454E-9 	 2.180104311727471E-9 	 2.0643750154604536E-8 	 1.362165634883006E-8 	 3.1576076290687454E-9 	 2.180104311727471E-9 	 2.0643750154604536E-8 	 1.362165634883006E-8 	 3.1576076290687454E-9 	 2.180104311727471E-9 	 2.0643750154604536E-8 	 1.362165634883006E-8 	 3.1576076290687454E-9 	 2.180104311727471E-9 	 
1.3200000000000003 	 1.7393365403016016E-8 	 1.3391543828204722E-8 	 4.313169107687907E-9 	 0.0 	 1.7393365403016016E-8 	 1.3391543828204722E-8 	 4.313169107687907E-9 	 0.0 	 1.7393365403016016E-8 	 1.3391543828204722E-8 	 4.313169107687907E-9 	 0.0 	 1.7393365403016016E-8 	 1.3391543828204722E-8 	 4.313169107687907E-9 	 0.0 	 
1.3440000000000003 	 2.631802254783168E-8 	 2.223307331404987E-8 	 4.49564260694753E-9 	 3.2701456685803495E-9 	 2.631802254783168E-8 	 2.223307331404987E-8 	 4.49564260694753E-9 	 3.2701456685803495E-9 	 2.631802254783168E-8 	 2.223307331404987E-8 	 4.49564260694753E-9 	 3.2701456685803495E-9 	 2.631802254783168E-8 	 2.223307331404987E-8 	 4.49564260694753E-9 	 3.2701456685803495E-9 	 
1.3680000000000003 	 1.5552984434564318E-7 	 1.0892859612571717E-7 	 1.3896630563835573E-8 	 1.8530724664520654E-8 	 1.5552984434564318E-7 	 1.0892859612571717E-7 	 1.3896630563835573E-8 	 1.8530724664520654E-8 	 1.5552984434564318E-7 	 1.0892859612571717E-7 	 1.3896630563835573E-8 	 1.8530724664520654E-8 	 1.5552984434564318E-7 	 1.0892859612571717E-7 	 1.3896630563835573E-8 	 1.8530724664520654E-8 	 
1.3920000000000003 	 1.0956583569931457E-8 	 8.826920862803718E-9 	 9.850507868382164E-6 	 0.0 	 1.0956583569931457E-8 	 8.826920862803718E-9 	 9.850507868382164E-6 	 0.0 	 1.0956583569931457E-8 	 8.826920862803718E-9 	 9.850507868382164E-6 	 0.0 	 1.0956583569931457E-8 	 8.826920862803718E-9 	 9.850507868382164E-6 	 0.0 	 
1.4160000000000004 	 2.0055626280781087E-8 	 1.7104728583287464E-8 	 2.932215773965297E-9 	 1.0900413568528786E-9 	 2.0055626280781087E-8 	 1.7104728583287464E-8 	 2.932215773965297E-9 	 1.0900413568528786E-9 	 2.0055626280781087E-8 	 1.7104728583287464E-8 	 2.932215773965297E-9 	 1.0900413568528786E-9 	 2.0055626280781087E-8 	 1.7104728583287464E-8 	 2.932215773965297E-9 	 1.0900413568528786E-9 	 
1.4400000000000004 	 1.424412619723492E-7 	 9.960848143487372E-8 	 1.2059057810375878E-8 	 1.6350620352793183E-8 	 1.424412619723492E-7 	 9.960848143487372E-8 	 1.2059057810375878E-8 	 1.6350620352793183E-8 	 1.424412619723492E-7 	 9.960848143487372E-8 	 1.2059057810375878E-8 	 1.6350620352793183E-8 	 1.424412619723492E-7 	 9.960848143487372E-8 	 1.2059057810375878E-8 	 1.6350620352793183E-8 	 
1.4640000000000004 	 0.0 	 0.0 	 9.84763019629534E-6 	 0.0 	 0.0 	 0.0 	 9.84763019629534E-6 	 0.0 	 0.0 	 0.0 	 9.84763019629534E-6 	 0.0 	 0.0 	 0.0 	 9.84763019629534E-6 	 0.0 	 
1.4880000000000004 	 0.0 	 0.0 	 0.0 	 0.0 	 0.0 	 0.0 	 0.0 	 0.0 	 0.0 	 0.0 	 0.0 	 0.0 	 0.0 	 0.0 	 0.0 	 0.0 	 
1.5120000000000005 	 0.0 	 0.0 	 0.0 	 0.0 	 0.0 	 0.0 	 0.0 	 0.0 	 0.0 	 0.0 	 0.0 	 0.0 	 0.0 	 0.0 	 0.0 	 0.0 	 
1.5360000000000005 	 0.0 	 0.0 	 0.0 	 0.0 	 0.0 	 0.0 	 0.0 	 0.0 	 0.0 	 0.0 	 0.0 	 0.0 	 0.0 	 0.0 	 0.0 	 0.0 	 
1.5600000000000005 	 0.0 	 0.0 	 0.0 	 0.0 	 0.0 	 0.0 	 0.0 	 0.0 	 0.0 	 0.0 	 0.0 	 0.0 	 0.0 	 0.0 	 0.0 	 0.0 	 
1.5840000000000005 	 0.0 	 0.0 	 0.0 	 0.0 	 0.0 	 0.0 	 0.0 	 0.0 	 0.0 	 0.0 	 0.0 	 0.0 	 0.0 	 0.0 	 0.0 	 0.0 	 
1.6080000000000005 	 0.0 	 0.0 	 0.0 	 0.0 	 0.0 	 0.0 	 0.0 	 0.0 	 0.0 	 0.0 	 0.0 	 0.0 	 0.0 	 0.0 	 0.0 	 0.0 	 
1.6319999999999997 	 0.0 	 0.0 	 0.0 	 0.0 	 0.0 	 0.0 	 0.0 	 0.0 	 0.0 	 0.0 	 0.0 	 0.0 	 0.0 	 0.0 	 0.0 	 0.0 	 
1.6559999999999997 	 0.0 	 0.0 	 0.0 	 0.0 	 0.0 	 0.0 	 0.0 	 0.0 	 0.0 	 0.0 	 0.0 	 0.0 	 0.0 	 0.0 	 0.0 	 0.0 	 
1.6799999999999997 	 0.0 	 0.0 	 0.0 	 0.0 	 0.0 	 0.0 	 0.0 	 0.0 	 0.0 	 0.0 	 0.0 	 0.0 	 0.0 	 0.0 	 0.0 	 0.0 	 
1.7039999999999997 	 0.0 	 0.0 	 0.0 	 0.0 	 0.0 	 0.0 	 0.0 	 0.0 	 0.0 	 0.0 	 0.0 	 0.0 	 0.0 	 0.0 	 0.0 	 0.0 	 
1.7279999999999998 	 0.0 	 0.0 	 0.0 	 0.0 	 0.0 	 0.0 	 0.0 	 0.0 	 0.0 	 0.0 	 0.0 	 0.0 	 0.0 	 0.0 	 0.0 	 0.0 	 
1.7519999999999998 	 0.0 	 0.0 	 0.0 	 0.0 	 0.0 	 0.0 	 0.0 	 0.0 	 0.0 	 0.0 	 0.0 	 0.0 	 0.0 	 0.0 	 0.0 	 0.0 	 
1.7759999999999998 	 0.0 	 0.0 	 0.0 	 0.0 	 0.0 	 0.0 	 0.0 	 0.0 	 0.0 	 0.0 	 0.0 	 0.0 	 0.0 	 0.0 	 0.0 	 0.0 	 
1.7999999999999998 	 0.0 	 0.0 	 0.0 	 0.0 	 0.0 	 0.0 	 0.0 	 0.0 	 0.0 	 0.0 	 0.0 	 0.0 	 0.0 	 0.0 	 0.0 	 0.0 	 
1.8239999999999998 	 0.0 	 0.0 	 0.0 	 0.0 	 0.0 	 0.0 	 0.0 	 0.0 	 0.0 	 0.0 	 0.0 	 0.0 	 0.0 	 0.0 	 0.0 	 0.0 	 
1.8479999999999999 	 0.0 	 0.0 	 0.0 	 0.0 	 0.0 	 0.0 	 0.0 	 0.0 	 0.0 	 0.0 	 0.0 	 0.0 	 0.0 	 0.0 	 0.0 	 0.0 	 
1.8719999999999999 	 0.0 	 0.0 	 0.0 	 0.0 	 0.0 	 0.0 	 0.0 	 0.0 	 0.0 	 0.0 	 0.0 	 0.0 	 0.0 	 0.0 	 0.0 	 0.0 	 
1.896 	 0.0 	 0.0 	 0.0 	 0.0 	 0.0 	 0.0 	 0.0 	 0.0 	 0.0 	 0.0 	 0.0 	 0.0 	 0.0 	 0.0 	 0.0 	 0.0 	 
1.92 	 0.0 	 0.0 	 0.0 	 0.0 	 0.0 	 0.0 	 0.0 	 0.0 	 0.0 	 0.0 	 0.0 	 0.0 	 0.0 	 0.0 	 0.0 	 0.0 	 
1.944 	 0.0 	 0.0 	 0.0 	 0.0 	 0.0 	 0.0 	 0.0 	 0.0 	 0.0 	 0.0 	 0.0 	 0.0 	 0.0 	 0.0 	 0.0 	 0.0 	 
1.968 	 0.0 	 0.0 	 0.0 	 0.0 	 0.0 	 0.0 	 0.0 	 0.0 	 0.0 	 0.0 	 0.0 	 0.0 	 0.0 	 0.0 	 0.0 	 0.0 	 
1.992 	 0.0 	 0.0 	 0.0 	 0.0 	 0.0 	 0.0 	 0.0 	 0.0 	 0.0 	 0.0 	 0.0 	 0.0 	 0.0 	 0.0 	 0.0 	 0.0 	 
2.016 	 0.0 	 0.0 	 0.0 	 0.0 	 0.0 	 0.0 	 0.0 	 0.0 	 0.0 	 0.0 	 0.0 	 0.0 	 0.0 	 0.0 	 0.0 	 0.0 	 
2.04 	 0.0 	 0.0 	 0.0 	 0.0 	 0.0 	 0.0 	 0.0 	 0.0 	 0.0 	 0.0 	 0.0 	 0.0 	 0.0 	 0.0 	 0.0 	 0.0 	 
2.064 	 0.0 	 0.0 	 0.0 	 0.0 	 0.0 	 0.0 	 0.0 	 0.0 	 0.0 	 0.0 	 0.0 	 0.0 	 0.0 	 0.0 	 0.0 	 0.0 	 
2.088 	 0.0 	 0.0 	 0.0 	 0.0 	 0.0 	 0.0 	 0.0 	 0.0 	 0.0 	 0.0 	 0.0 	 0.0 	 0.0 	 0.0 	 0.0 	 0.0 	 
2.112 	 0.0 	 0.0 	 0.0 	 0.0 	 0.0 	 0.0 	 0.0 	 0.0 	 0.0 	 0.0 	 0.0 	 0.0 	 0.0 	 0.0 	 0.0 	 0.0 	 
2.136 	 0.0 	 0.0 	 0.0 	 0.0 	 0.0 	 0.0 	 0.0 	 0.0 	 0.0 	 0.0 	 0.0 	 0.0 	 0.0 	 0.0 	 0.0 	 0.0 	 
2.16 	 0.0 	 0.0 	 0.0 	 0.0 	 0.0 	 0.0 	 0.0 	 0.0 	 0.0 	 0.0 	 0.0 	 0.0 	 0.0 	 0.0 	 0.0 	 0.0 	 
2.184 	 0.0 	 0.0 	 0.0 	 0.0 	 0.0 	 0.0 	 0.0 	 0.0 	 0.0 	 0.0 	 0.0 	 0.0 	 0.0 	 0.0 	 0.0 	 0.0 	 
2.208 	 0.0 	 0.0 	 0.0 	 0.0 	 0.0 	 0.0 	 0.0 	 0.0 	 0.0 	 0.0 	 0.0 	 0.0 	 0.0 	 0.0 	 0.0 	 0.0 	 
2.232 	 0.0 	 0.0 	 0.0 	 0.0 	 0.0 	 0.0 	 0.0 	 0.0 	 0.0 	 0.0 	 0.0 	 0.0 	 0.0 	 0.0 	 0.0 	 0.0 	 
2.2560000000000002 	 0.0 	 0.0 	 0.0 	 0.0 	 0.0 	 0.0 	 0.0 	 0.0 	 0.0 	 0.0 	 0.0 	 0.0 	 0.0 	 0.0 	 0.0 	 0.0 	 
2.2800000000000002 	 0.0 	 0.0 	 0.0 	 0.0 	 0.0 	 0.0 	 0.0 	 0.0 	 0.0 	 0.0 	 0.0 	 0.0 	 0.0 	 0.0 	 0.0 	 0.0 	 
2.3040000000000003 	 0.0 	 0.0 	 0.0 	 0.0 	 0.0 	 0.0 	 0.0 	 0.0 	 0.0 	 0.0 	 0.0 	 0.0 	 0.0 	 0.0 	 0.0 	 0.0 	 
2.3280000000000003 	 0.0 	 0.0 	 0.0 	 0.0 	 0.0 	 0.0 	 0.0 	 0.0 	 0.0 	 0.0 	 0.0 	 0.0 	 0.0 	 0.0 	 0.0 	 0.0 	 
2.3520000000000003 	 0.0 	 0.0 	 0.0 	 0.0 	 0.0 	 0.0 	 0.0 	 0.0 	 0.0 	 0.0 	 0.0 	 0.0 	 0.0 	 0.0 	 0.0 	 0.0 	 
2.3760000000000003 	 0.0 	 0.0 	 0.0 	 0.0 	 0.0 	 0.0 	 0.0 	 0.0 	 0.0 	 0.0 	 0.0 	 0.0 	 0.0 	 0.0 	 0.0 	 0.0 	 
2.4000000000000004 	 0.0 	 0.0 	 0.0 	 0.0 	 0.0 	 0.0 	 0.0 	 0.0 	 0.0 	 0.0 	 0.0 	 0.0 	 0.0 	 0.0 	 0.0 	 0.0 	 
2.4240000000000004 	 0.0 	 0.0 	 0.0 	 0.0 	 0.0 	 0.0 	 0.0 	 0.0 	 0.0 	 0.0 	 0.0 	 0.0 	 0.0 	 0.0 	 0.0 	 0.0 	 
2.4480000000000004 	 0.0 	 0.0 	 0.0 	 0.0 	 0.0 	 0.0 	 0.0 	 0.0 	 0.0 	 0.0 	 0.0 	 0.0 	 0.0 	 0.0 	 0.0 	 0.0 	 
2.4720000000000004 	 0.0 	 0.0 	 0.0 	 0.0 	 0.0 	 0.0 	 0.0 	 0.0 	 0.0 	 0.0 	 0.0 	 0.0 	 0.0 	 0.0 	 0.0 	 0.0 	 
2.4960000000000004 	 0.0 	 0.0 	 0.0 	 0.0 	 0.0 	 0.0 	 0.0 	 0.0 	 0.0 	 0.0 	 0.0 	 0.0 	 0.0 	 0.0 	 0.0 	 0.0 	 
2.5200000000000005 	 0.0 	 0.0 	 0.0 	 0.0 	 0.0 	 0.0 	 0.0 	 0.0 	 0.0 	 0.0 	 0.0 	 0.0 	 0.0 	 0.0 	 0.0 	 0.0 	 
2.5440000000000005 	 0.0 	 0.0 	 0.0 	 0.0 	 0.0 	 0.0 	 0.0 	 0.0 	 0.0 	 0.0 	 0.0 	 0.0 	 0.0 	 0.0 	 0.0 	 0.0 	 
2.5680000000000005 	 0.0 	 0.0 	 0.0 	 0.0 	 0.0 	 0.0 	 0.0 	 0.0 	 0.0 	 0.0 	 0.0 	 0.0 	 0.0 	 0.0 	 0.0 	 0.0 	 
2.5920000000000005 	 0.0 	 0.0 	 0.0 	 0.0 	 0.0 	 0.0 	 0.0 	 0.0 	 0.0 	 0.0 	 0.0 	 0.0 	 0.0 	 0.0 	 0.0 	 0.0 	 
2.6160000000000005 	 0.0 	 0.0 	 0.0 	 0.0 	 0.0 	 0.0 	 0.0 	 0.0 	 0.0 	 0.0 	 0.0 	 0.0 	 0.0 	 0.0 	 0.0 	 0.0 	 
2.6399999999999997 	 0.0 	 0.0 	 0.0 	 0.0 	 0.0 	 0.0 	 0.0 	 0.0 	 0.0 	 0.0 	 0.0 	 0.0 	 0.0 	 0.0 	 0.0 	 0.0 	 
2.6639999999999997 	 0.0 	 0.0 	 0.0 	 0.0 	 0.0 	 0.0 	 0.0 	 0.0 	 0.0 	 0.0 	 0.0 	 0.0 	 0.0 	 0.0 	 0.0 	 0.0 	 
2.6879999999999997 	 0.0 	 0.0 	 0.0 	 0.0 	 0.0 	 0.0 	 0.0 	 0.0 	 0.0 	 0.0 	 0.0 	 0.0 	 0.0 	 0.0 	 0.0 	 0.0 	 
2.7119999999999997 	 0.0 	 0.0 	 0.0 	 0.0 	 0.0 	 0.0 	 0.0 	 0.0 	 0.0 	 0.0 	 0.0 	 0.0 	 0.0 	 0.0 	 0.0 	 0.0 	 
2.7359999999999998 	 0.0 	 0.0 	 0.0 	 0.0 	 0.0 	 0.0 	 0.0 	 0.0 	 0.0 	 0.0 	 0.0 	 0.0 	 0.0 	 0.0 	 0.0 	 0.0 	 
2.76 	 0.0 	 0.0 	 0.0 	 0.0 	 0.0 	 0.0 	 0.0 	 0.0 	 0.0 	 0.0 	 0.0 	 0.0 	 0.0 	 0.0 	 0.0 	 0.0 	 
2.784 	 0.0 	 0.0 	 0.0 	 0.0 	 0.0 	 0.0 	 0.0 	 0.0 	 0.0 	 0.0 	 0.0 	 0.0 	 0.0 	 0.0 	 0.0 	 0.0 	 
2.808 	 0.0 	 0.0 	 0.0 	 0.0 	 0.0 	 0.0 	 0.0 	 0.0 	 0.0 	 0.0 	 0.0 	 0.0 	 0.0 	 0.0 	 0.0 	 0.0 	 
2.832 	 0.0 	 0.0 	 0.0 	 0.0 	 0.0 	 0.0 	 0.0 	 0.0 	 0.0 	 0.0 	 0.0 	 0.0 	 0.0 	 0.0 	 0.0 	 0.0 	 
2.856 	 0.0 	 0.0 	 0.0 	 0.0 	 0.0 	 0.0 	 0.0 	 0.0 	 0.0 	 0.0 	 0.0 	 0.0 	 0.0 	 0.0 	 0.0 	 0.0 	 
2.88 	 0.0 	 0.0 	 0.0 	 0.0 	 0.0 	 0.0 	 0.0 	 0.0 	 0.0 	 0.0 	 0.0 	 0.0 	 0.0 	 0.0 	 0.0 	 0.0 	 
2.904 	 0.0 	 0.0 	 0.0 	 0.0 	 0.0 	 0.0 	 0.0 	 0.0 	 0.0 	 0.0 	 0.0 	 0.0 	 0.0 	 0.0 	 0.0 	 0.0 	 
2.928 	 0.0 	 0.0 	 0.0 	 0.0 	 0.0 	 0.0 	 0.0 	 0.0 	 0.0 	 0.0 	 0.0 	 0.0 	 0.0 	 0.0 	 0.0 	 0.0 	 
2.952 	 0.0 	 0.0 	 0.0 	 0.0 	 0.0 	 0.0 	 0.0 	 0.0 	 0.0 	 0.0 	 0.0 	 0.0 	 0.0 	 0.0 	 0.0 	 0.0 	 
2.976 	 0.0 	 0.0 	 0.0 	 0.0 	 0.0 	 0.0 	 0.0 	 0.0 	 0.0 	 0.0 	 0.0 	 0.0 	 0.0 	 0.0 	 0.0 	 0.0 	 
