-3.0 	 0.0027312351091810577 	 0.0027326456053265035 	 7.855774264709315E-6 	 0.0029725963235518473 	 0.0027312351091810577 	 0.0027326456053265035 	 7.855774264709315E-6 	 0.0029725963235518473 	 0.0027312351091810577 	 0.0027326456053265035 	 7.855774264709315E-6 	 0.0029725963235518473 	 0.0027312351091810577 	 0.0027326456053265035 	 7.855774264709315E-6 	 0.0029725963235518473 	 
-2.976 	 0.0024674405911297814 	 0.0022600289161284117 	 6.589754043443241E-6 	 0.002668187717245669 	 0.0024674405911297814 	 0.0022600289161284117 	 6.589754043443241E-6 	 0.002668187717245669 	 0.0024674405911297814 	 0.0022600289161284117 	 6.589754043443241E-6 	 0.002668187717245669 	 0.0024674405911297814 	 0.0022600289161284117 	 6.589754043443241E-6 	 0.002668187717245669 	 
-2.952 	 0.002596718312452184 	 0.003134478854216043 	 1.8880423345541913E-5 	 0.002744925665550168 	 0.002596718312452184 	 0.003134478854216043 	 1.8880423345541913E-5 	 0.002744925665550168 	 0.002596718312452184 	 0.003134478854216043 	 1.8880423345541913E-5 	 0.002744925665550168 	 0.002596718312452184 	 0.003134478854216043 	 1.8880423345541913E-5 	 0.002744925665550168 	 
-2.928 	 0.0032502770293440252 	 0.003982737319193653 	 1.135667244839789E-5 	 0.0034889006582918295 	 0.0032502770293440252 	 0.003982737319193653 	 1.135667244839789E-5 	 0.0034889006582918295 	 0.0032502770293440252 	 0.003982737319193653 	 1.135667244839789E-5 	 0.0034889006582918295 	 0.0032502770293440252 	 0.003982737319193653 	 1.135667244839789E-5 	 0.0034889006582918295 	 
-2.904 	 0.0035394466384387003 	 0.0036842589894729868 	 1.0521747540570643E-5 	 0.003865308140460099 	 0.0035394466384387003 	 0.0036842589894729868 	 1.0521747540570643E-5 	 0.003865308140460099 	 0.0035394466384387003 	 0.0036842589894729868 	 1.0521747540570643E-5 	 0.003865308140460099 	 0.0035394466384387003 	 0.0036842589894729868 	 1.0521747540570643E-5 	 0.003865308140460099 	 
-2.88 	 0.003255337165416093 	 0.0030700929332435965 	 8.8710250686077E-6 	 0.0035450738552155188 	 0.003255337165416093 	 0.0030700929332435965 	 8.8710250686077E-6 	 0.0035450738552155188 	 0.003255337165416093 	 0.0030700929332435965 	 8.8710250686077E-6 	 0.0035450738552155188 	 0.003255337165416093 	 0.0030700929332435965 	 8.8710250686077E-6 	 0.0035450738552155188 	 
-2.856 	 0.0033974545695009332 	 0.004034974965882832 	 1.1601029718254512E-5 	 0.0036181587046875767 	 0.0033974545695009332 	 0.004034974965882832 	 1.1601029718254512E-5 	 0.0036181587046875767 	 0.0033974545695009332 	 0.004034974965882832 	 1.1601029718254512E-5 	 0.0036181587046875767 	 0.0033974545695009332 	 0.004034974965882832 	 1.1601029718254512E-5 	 0.0036181587046875767 	 
-2.832 	 0.00412964133113113 	 0.004963337075435899 	 1.4177293353795855E-5 	 0.004439815882210278 	 0.00412964133113113 	 0.004963337075435899 	 1.4177293353795855E-5 	 0.004439815882210278 	 0.00412964133113113 	 0.004963337075435899 	 1.4177293353795855E-5 	 0.004439815882210278 	 0.00412964133113113 	 0.004963337075435899 	 1.4177293353795855E-5 	 0.004439815882210278 	 
-2.808 	 0.004073952272903111 	 0.003686829556138528 	 2.046017704770991E-5 	 0.004472815800184495 	 0.004073952272903111 	 0.003686829556138528 	 2.046017704770991E-5 	 0.004472815800184495 	 0.004073952272903111 	 0.003686829556138528 	 2.046017704770991E-5 	 0.004472815800184495 	 0.004073952272903111 	 0.003686829556138528 	 2.046017704770991E-5 	 0.004472815800184495 	 
-2.784 	 0.00397791691324331 	 0.004582688448105693 	 1.3179188446305381E-5 	 0.004261398980738017 	 0.00397791691324331 	 0.004582688448105693 	 1.3179188446305381E-5 	 0.004261398980738017 	 0.00397791691324331 	 0.004582688448105693 	 1.3179188446305381E-5 	 0.004261398980738017 	 0.00397791691324331 	 0.004582688448105693 	 1.3179188446305381E-5 	 0.004261398980738017 	 
-2.76 	 0.00481206421117453 	 0.0058547773359442865 	 2.6553013318308368E-5 	 0.005166738284098693 	 0.00481206421117453 	 0.0058547773359442865 	 2.6553013318308368E-5 	 0.005166738284098693 	 0.00481206421117453 	 0.0058547773359442865 	 2.6553013318308368E-5 	 0.005166738284098693 	 0.00481206421117453 	 0.0058547773359442865 	 2.6553013318308368E-5 	 0.005166738284098693 	 
-2.7359999999999998 	 0.004862511345580203 	 0.0044719031070476 	 2.2726660572947625E-5 	 0.005326628332299111 	 0.004862511345580203 	 0.0044719031070476 	 2.2726660572947625E-5 	 0.005326628332299111 	 0.004862511345580203 	 0.0044719031070476 	 2.2726660572947625E-5 	 0.005326628332299111 	 0.004862511345580203 	 0.0044719031070476 	 2.2726660572947625E-5 	 0.005326628332299111 	 
-2.7119999999999997 	 0.004711878531320167 	 0.005304073869572525 	 2.5114787119040533E-5 	 0.005053561168660613 	 0.004711878531320167 	 0.005304073869572525 	 2.5114787119040533E-5 	 0.005053561168660613 	 0.004711878531320167 	 0.005304073869572525 	 2.5114787119040533E-5 	 0.005053561168660613 	 0.004711878531320167 	 0.005304073869572525 	 2.5114787119040533E-5 	 0.005053561168660613 	 
-2.688 	 0.00525680129200715 	 0.005905148895748145 	 2.6771641191247783E-5 	 0.005656272281959869 	 0.00525680129200715 	 0.005905148895748145 	 2.6771641191247783E-5 	 0.005656272281959869 	 0.00525680129200715 	 0.005905148895748145 	 2.6771641191247783E-5 	 0.005656272281959869 	 0.00525680129200715 	 0.005905148895748145 	 2.6771641191247783E-5 	 0.005656272281959869 	 
-2.664 	 0.0057214065861886446 	 0.006294687308012189 	 1.8049859349263844E-5 	 0.006178147543271421 	 0.0057214065861886446 	 0.006294687308012189 	 1.8049859349263844E-5 	 0.006178147543271421 	 0.0057214065861886446 	 0.006294687308012189 	 1.8049859349263844E-5 	 0.006178147543271421 	 0.0057214065861886446 	 0.006294687308012189 	 1.8049859349263844E-5 	 0.006178147543271421 	 
-2.64 	 0.006065530313052673 	 0.006612347132123728 	 2.8796746144044018E-5 	 0.006561775339295967 	 0.006065530313052673 	 0.006612347132123728 	 2.8796746144044018E-5 	 0.006561775339295967 	 0.006065530313052673 	 0.006612347132123728 	 2.8796746144044018E-5 	 0.006561775339295967 	 0.006065530313052673 	 0.006612347132123728 	 2.8796746144044018E-5 	 0.006561775339295967 	 
-2.616 	 0.006284466994409159 	 0.006635332045221188 	 1.9067417477928603E-5 	 0.006792986495988991 	 0.006284466994409159 	 0.006635332045221188 	 1.9067417477928603E-5 	 0.006792986495988991 	 0.006284466994409159 	 0.006635332045221188 	 1.9067417477928603E-5 	 0.006792986495988991 	 0.006284466994409159 	 0.006635332045221188 	 1.9067417477928603E-5 	 0.006792986495988991 	 
-2.592 	 0.006807265477618095 	 0.007822006197244023 	 2.2415560812083612E-5 	 0.00731824783810204 	 0.006807265477618095 	 0.007822006197244023 	 2.2415560812083612E-5 	 0.00731824783810204 	 0.006807265477618095 	 0.007822006197244023 	 2.2415560812083612E-5 	 0.00731824783810204 	 0.006807265477618095 	 0.007822006197244023 	 2.2415560812083612E-5 	 0.00731824783810204 	 
-2.568 	 0.007361713648229063 	 0.007876126826460245 	 3.244396121214855E-5 	 0.007969857479425376 	 0.007361713648229063 	 0.007876126826460245 	 3.244396121214855E-5 	 0.007969857479425376 	 0.007361713648229063 	 0.007876126826460245 	 3.244396121214855E-5 	 0.007969857479425376 	 0.007361713648229063 	 0.007876126826460245 	 3.244396121214855E-5 	 0.007969857479425376 	 
-2.544 	 0.007254045099516699 	 0.007266919201071122 	 3.080827132996783E-5 	 0.007855989383353777 	 0.007254045099516699 	 0.007266919201071122 	 3.080827132996783E-5 	 0.007855989383353777 	 0.007254045099516699 	 0.007266919201071122 	 3.080827132996783E-5 	 0.007855989383353777 	 0.007254045099516699 	 0.007266919201071122 	 3.080827132996783E-5 	 0.007855989383353777 	 
-2.52 	 0.0079730855585136 	 0.009661145330986666 	 2.7677116399687963E-5 	 0.008518241067815383 	 0.0079730855585136 	 0.009661145330986666 	 2.7677116399687963E-5 	 0.008518241067815383 	 0.0079730855585136 	 0.009661145330986666 	 2.7677116399687963E-5 	 0.008518241067815383 	 0.0079730855585136 	 0.009661145330986666 	 2.7677116399687963E-5 	 0.008518241067815383 	 
-2.496 	 0.008369311355092543 	 0.008112302854904907 	 3.3225309305002165E-5 	 0.009108650010190506 	 0.008369311355092543 	 0.008112302854904907 	 3.3225309305002165E-5 	 0.009108650010190506 	 0.008369311355092543 	 0.008112302854904907 	 3.3225309305002165E-5 	 0.009108650010190506 	 0.008369311355092543 	 0.008112302854904907 	 3.3225309305002165E-5 	 0.009108650010190506 	 
-2.472 	 0.008557547011900856 	 0.009861201534183526 	 4.8028894739905804E-5 	 0.009165405019424557 	 0.008557547011900856 	 0.009861201534183526 	 4.8028894739905804E-5 	 0.009165405019424557 	 0.008557547011900856 	 0.009861201534183526 	 4.8028894739905804E-5 	 0.009165405019424557 	 0.008557547011900856 	 0.009861201534183526 	 4.8028894739905804E-5 	 0.009165405019424557 	 
-2.448 	 0.009731520610491382 	 0.011070516484081274 	 4.151216373118778E-5 	 0.010495026147444167 	 0.009731520610491382 	 0.011070516484081274 	 4.151216373118778E-5 	 0.010495026147444167 	 0.009731520610491382 	 0.011070516484081274 	 4.151216373118778E-5 	 0.010495026147444167 	 0.009731520610491382 	 0.011070516484081274 	 4.151216373118778E-5 	 0.010495026147444167 	 
-2.424 	 0.010224355137475513 	 0.010673745090490341 	 4.046251388581867E-5 	 0.0110911025591631 	 0.010224355137475513 	 0.010673745090490341 	 4.046251388581867E-5 	 0.0110911025591631 	 0.010224355137475513 	 0.010673745090490341 	 4.046251388581867E-5 	 0.0110911025591631 	 0.010224355137475513 	 0.010673745090490341 	 4.046251388581867E-5 	 0.0110911025591631 	 
-2.4 	 0.010324406694741321 	 0.011000475240725487 	 3.161122308787157E-5 	 0.011154806237038371 	 0.010324406694741321 	 0.011000475240725487 	 3.161122308787157E-5 	 0.011154806237038371 	 0.010324406694741321 	 0.011000475240725487 	 3.161122308787157E-5 	 0.011154806237038371 	 0.010324406694741321 	 0.011000475240725487 	 3.161122308787157E-5 	 0.011154806237038371 	 
-2.376 	 0.01046571061236421 	 0.010834242631622198 	 3.123332918527828E-5 	 0.011288584757278695 	 0.01046571061236421 	 0.010834242631622198 	 3.123332918527828E-5 	 0.011288584757278695 	 0.01046571061236421 	 0.010834242631622198 	 3.123332918527828E-5 	 0.011288584757278695 	 0.01046571061236421 	 0.010834242631622198 	 3.123332918527828E-5 	 0.011288584757278695 	 
-2.352 	 0.011150452719964437 	 0.012656469289821823 	 3.638352859634476E-5 	 0.01194830929606625 	 0.011150452719964437 	 0.012656469289821823 	 3.638352859634476E-5 	 0.01194830929606625 	 0.011150452719964437 	 0.012656469289821823 	 3.638352859634476E-5 	 0.01194830929606625 	 0.011150452719964437 	 0.012656469289821823 	 3.638352859634476E-5 	 0.01194830929606625 	 
-2.328 	 0.012250855931433595 	 0.01348476688602395 	 5.836397727728831E-5 	 0.013214908752988652 	 0.012250855931433595 	 0.01348476688602395 	 5.836397727728831E-5 	 0.013214908752988652 	 0.012250855931433595 	 0.01348476688602395 	 5.836397727728831E-5 	 0.013214908752988652 	 0.012250855931433595 	 0.01348476688602395 	 5.836397727728831E-5 	 0.013214908752988652 	 
-2.304 	 0.012659246310586684 	 0.013265052016731381 	 3.81608286065835E-5 	 0.013691521803655852 	 0.012659246310586684 	 0.013265052016731381 	 3.81608286065835E-5 	 0.013691521803655852 	 0.012659246310586684 	 0.013265052016731381 	 3.81608286065835E-5 	 0.013691521803655852 	 0.012659246310586684 	 0.013265052016731381 	 3.81608286065835E-5 	 0.013691521803655852 	 
-2.2800000000000002 	 0.01355761206287113 	 0.015506403958939315 	 6.414666874432968E-5 	 0.014566447775025075 	 0.01355761206287113 	 0.015506403958939315 	 6.414666874432968E-5 	 0.014566447775025075 	 0.01355761206287113 	 0.015506403958939315 	 6.414666874432968E-5 	 0.014566447775025075 	 0.01355761206287113 	 0.015506403958939315 	 6.414666874432968E-5 	 0.014566447775025075 	 
-2.2560000000000002 	 0.014566745242430477 	 0.015505656868680707 	 4.451913316313784E-5 	 0.01575946243426029 	 0.014566745242430477 	 0.015505656868680707 	 4.451913316313784E-5 	 0.01575946243426029 	 0.014566745242430477 	 0.015505656868680707 	 4.451913316313784E-5 	 0.01575946243426029 	 0.014566745242430477 	 0.015505656868680707 	 4.451913316313784E-5 	 0.01575946243426029 	 
-2.232 	 0.015350124479281324 	 0.017047822196327885 	 6.859970137662704E-5 	 0.016542402213245988 	 0.015350124479281324 	 0.017047822196327885 	 6.859970137662704E-5 	 0.016542402213245988 	 0.015350124479281324 	 0.017047822196327885 	 6.859970137662704E-5 	 0.016542402213245988 	 0.015350124479281324 	 0.017047822196327885 	 6.859970137662704E-5 	 0.016542402213245988 	 
-2.208 	 0.016032899206614763 	 0.0168906118115131 	 5.837435695466825E-5 	 0.01734938376868459 	 0.016032899206614763 	 0.0168906118115131 	 5.837435695466825E-5 	 0.01734938376868459 	 0.016032899206614763 	 0.0168906118115131 	 5.837435695466825E-5 	 0.01734938376868459 	 0.016032899206614763 	 0.0168906118115131 	 5.837435695466825E-5 	 0.01734938376868459 	 
-2.184 	 0.01614822951914115 	 0.016896883958801255 	 6.835495789807481E-5 	 0.01742030304964734 	 0.01614822951914115 	 0.016896883958801255 	 6.835495789807481E-5 	 0.01742030304964734 	 0.01614822951914115 	 0.016896883958801255 	 6.835495789807481E-5 	 0.01742030304964734 	 0.01614822951914115 	 0.016896883958801255 	 6.835495789807481E-5 	 0.01742030304964734 	 
-2.16 	 0.017171211840497365 	 0.01937822618443934 	 5.566590498138644E-5 	 0.01842264199479539 	 0.017171211840497365 	 0.01937822618443934 	 5.566590498138644E-5 	 0.01842264199479539 	 0.017171211840497365 	 0.01937822618443934 	 5.566590498138644E-5 	 0.01842264199479539 	 0.017171211840497365 	 0.01937822618443934 	 5.566590498138644E-5 	 0.01842264199479539 	 
-2.136 	 0.01790533034548988 	 0.018373999783873607 	 5.29596624121206E-5 	 0.019354973871526217 	 0.01790533034548988 	 0.018373999783873607 	 5.29596624121206E-5 	 0.019354973871526217 	 0.01790533034548988 	 0.018373999783873607 	 5.29596624121206E-5 	 0.019354973871526217 	 0.01790533034548988 	 0.018373999783873607 	 5.29596624121206E-5 	 0.019354973871526217 	 
-2.112 	 0.018740202860256138 	 0.021054711546383748 	 8.029337603426972E-5 	 0.02009392169134133 	 0.018740202860256138 	 0.021054711546383748 	 8.029337603426972E-5 	 0.02009392169134133 	 0.018740202860256138 	 0.021054711546383748 	 8.029337603426972E-5 	 0.02009392169134133 	 0.018740202860256138 	 0.021054711546383748 	 8.029337603426972E-5 	 0.02009392169134133 	 
-2.088 	 0.019926142518443327 	 0.02104250306845003 	 9.01593698546258E-5 	 0.021481992033157045 	 0.019926142518443327 	 0.02104250306845003 	 9.01593698546258E-5 	 0.021481992033157045 	 0.019926142518443327 	 0.02104250306845003 	 9.01593698546258E-5 	 0.021481992033157045 	 0.019926142518443327 	 0.02104250306845003 	 9.01593698546258E-5 	 0.021481992033157045 	 
-2.064 	 0.02054061175684139 	 0.022038391071452668 	 8.329184261073978E-5 	 0.02206213679526639 	 0.02054061175684139 	 0.022038391071452668 	 8.329184261073978E-5 	 0.02206213679526639 	 0.02054061175684139 	 0.022038391071452668 	 8.329184261073978E-5 	 0.02206213679526639 	 0.02054061175684139 	 0.022038391071452668 	 8.329184261073978E-5 	 0.02206213679526639 	 
-2.04 	 0.02146792007530947 	 0.02302317979472785 	 9.59992195721096E-5 	 0.023042880196123723 	 0.02146792007530947 	 0.02302317979472785 	 9.59992195721096E-5 	 0.023042880196123723 	 0.02146792007530947 	 0.02302317979472785 	 9.59992195721096E-5 	 0.023042880196123723 	 0.02146792007530947 	 0.02302317979472785 	 9.59992195721096E-5 	 0.023042880196123723 	 
-2.016 	 0.022448949273087316 	 0.024116769123742266 	 6.969640181751275E-5 	 0.024058974215182227 	 0.022448949273087316 	 0.024116769123742266 	 6.969640181751275E-5 	 0.024058974215182227 	 0.022448949273087316 	 0.024116769123742266 	 6.969640181751275E-5 	 0.024058974215182227 	 0.022448949273087316 	 0.024116769123742266 	 6.969640181751275E-5 	 0.024058974215182227 	 
-1.992 	 0.023524878177936047 	 0.025305961717435883 	 8.307892442054484E-5 	 0.0251913699417689 	 0.023524878177936047 	 0.025305961717435883 	 8.307892442054484E-5 	 0.0251913699417689 	 0.023524878177936047 	 0.025305961717435883 	 8.307892442054484E-5 	 0.0251913699417689 	 0.023524878177936047 	 0.025305961717435883 	 8.307892442054484E-5 	 0.0251913699417689 	 
-1.968 	 0.02401099749748478 	 0.024806376534651224 	 1.311588840965102E-4 	 0.025712354940756233 	 0.02401099749748478 	 0.024806376534651224 	 1.311588840965102E-4 	 0.025712354940756233 	 0.02401099749748478 	 0.024806376534651224 	 1.311588840965102E-4 	 0.025712354940756233 	 0.02401099749748478 	 0.024806376534651224 	 1.311588840965102E-4 	 0.025712354940756233 	 
-1.944 	 0.02437083670943996 	 0.025743557431289033 	 1.2420417790696904E-4 	 0.025942611470905066 	 0.02437083670943996 	 0.025743557431289033 	 1.2420417790696904E-4 	 0.025942611470905066 	 0.02437083670943996 	 0.025743557431289033 	 1.2420417790696904E-4 	 0.025942611470905066 	 0.02437083670943996 	 0.025743557431289033 	 1.2420417790696904E-4 	 0.025942611470905066 	 
-1.92 	 0.025555011888922965 	 0.02753539334991982 	 1.195679469709689E-4 	 0.027131266149916414 	 0.025555011888922965 	 0.02753539334991982 	 1.195679469709689E-4 	 0.027131266149916414 	 0.025555011888922965 	 0.02753539334991982 	 1.195679469709689E-4 	 0.027131266149916414 	 0.025555011888922965 	 0.02753539334991982 	 1.195679469709689E-4 	 0.027131266149916414 	 
-1.896 	 0.026263736402448154 	 0.02701846631305989 	 8.886934386732136E-5 	 0.027920044062189613 	 0.026263736402448154 	 0.02701846631305989 	 8.886934386732136E-5 	 0.027920044062189613 	 0.026263736402448154 	 0.02701846631305989 	 8.886934386732136E-5 	 0.027920044062189613 	 0.026263736402448154 	 0.02701846631305989 	 8.886934386732136E-5 	 0.027920044062189613 	 
-1.8719999999999999 	 0.026715633502353647 	 0.02815567647257226 	 1.3174116538673845E-4 	 0.02823366309821973 	 0.026715633502353647 	 0.02815567647257226 	 1.3174116538673845E-4 	 0.02823366309821973 	 0.026715633502353647 	 0.02815567647257226 	 1.3174116538673845E-4 	 0.02823366309821973 	 0.026715633502353647 	 0.02815567647257226 	 1.3174116538673845E-4 	 0.02823366309821973 	 
-1.8479999999999999 	 0.027720628426129858 	 0.029195227706292647 	 9.557603950782486E-5 	 0.02924216041399616 	 0.027720628426129858 	 0.029195227706292647 	 9.557603950782486E-5 	 0.02924216041399616 	 0.027720628426129858 	 0.029195227706292647 	 9.557603950782486E-5 	 0.02924216041399616 	 0.027720628426129858 	 0.029195227706292647 	 9.557603950782486E-5 	 0.02924216041399616 	 
-1.824 	 0.027631958993631092 	 0.027364826663390025 	 1.1058336020587788E-4 	 0.029115742931070582 	 0.027631958993631092 	 0.027364826663390025 	 1.1058336020587788E-4 	 0.029115742931070582 	 0.027631958993631092 	 0.027364826663390025 	 1.1058336020587788E-4 	 0.029115742931070582 	 0.027631958993631092 	 0.027364826663390025 	 1.1058336020587788E-4 	 0.029115742931070582 	 
-1.8 	 0.026774177893456434 	 0.026695735063544574 	 1.1899767204978155E-4 	 0.027966034603311363 	 0.026774177893456434 	 0.026695735063544574 	 1.1899767204978155E-4 	 0.027966034603311363 	 0.026774177893456434 	 0.026695735063544574 	 1.1899767204978155E-4 	 0.027966034603311363 	 0.026774177893456434 	 0.026695735063544574 	 1.1899767204978155E-4 	 0.027966034603311363 	 
-1.776 	 0.027082976602411952 	 0.028236944900117685 	 1.2359329312929026E-4 	 0.02810204745617164 	 0.027082976602411952 	 0.028236944900117685 	 1.2359329312929026E-4 	 0.02810204745617164 	 0.027082976602411952 	 0.028236944900117685 	 1.2359329312929026E-4 	 0.02810204745617164 	 0.027082976602411952 	 0.028236944900117685 	 1.2359329312929026E-4 	 0.02810204745617164 	 
-1.752 	 0.026695554628057887 	 0.025569859584403824 	 1.0663823869496187E-4 	 0.027749889784141155 	 0.026695554628057887 	 0.025569859584403824 	 1.0663823869496187E-4 	 0.027749889784141155 	 0.026695554628057887 	 0.025569859584403824 	 1.0663823869496187E-4 	 0.027749889784141155 	 0.026695554628057887 	 0.025569859584403824 	 1.0663823869496187E-4 	 0.027749889784141155 	 
-1.728 	 0.025634804655330284 	 0.025491427011456128 	 1.362598322409171E-4 	 0.02636978672778291 	 0.025634804655330284 	 0.025491427011456128 	 1.362598322409171E-4 	 0.02636978672778291 	 0.025634804655330284 	 0.025491427011456128 	 1.362598322409171E-4 	 0.02636978672778291 	 0.025634804655330284 	 0.025491427011456128 	 1.362598322409171E-4 	 0.02636978672778291 	 
-1.704 	 0.025299558395274667 	 0.024940781302363827 	 9.562776942235378E-5 	 0.025927906037877382 	 0.025299558395274667 	 0.024940781302363827 	 9.562776942235378E-5 	 0.025927906037877382 	 0.025299558395274667 	 0.024940781302363827 	 9.562776942235378E-5 	 0.025927906037877382 	 0.025299558395274667 	 0.024940781302363827 	 9.562776942235378E-5 	 0.025927906037877382 	 
-1.68 	 0.024324444711313366 	 0.023206687444363785 	 9.103095185657478E-5 	 0.024858835520970672 	 0.024324444711313366 	 0.023206687444363785 	 9.103095185657478E-5 	 0.024858835520970672 	 0.024324444711313366 	 0.023206687444363785 	 9.103095185657478E-5 	 0.024858835520970672 	 0.024324444711313366 	 0.023206687444363785 	 9.103095185657478E-5 	 0.024858835520970672 	 
-1.656 	 0.022753370790729057 	 0.021222148240989933 	 1.1526504347037109E-4 	 0.023084282803445644 	 0.022753370790729057 	 0.021222148240989933 	 1.1526504347037109E-4 	 0.023084282803445644 	 0.022753370790729057 	 0.021222148240989933 	 1.1526504347037109E-4 	 0.023084282803445644 	 0.022753370790729057 	 0.021222148240989933 	 1.1526504347037109E-4 	 0.023084282803445644 	 
-1.632 	 0.02121340823912958 	 0.01991547282850387 	 1.1168299267207753E-4 	 0.021345154808139775 	 0.02121340823912958 	 0.01991547282850387 	 1.1168299267207753E-4 	 0.021345154808139775 	 0.02121340823912958 	 0.01991547282850387 	 1.1168299267207753E-4 	 0.021345154808139775 	 0.02121340823912958 	 0.01991547282850387 	 1.1168299267207753E-4 	 0.021345154808139775 	 
-1.6079999999999999 	 0.01994116380091488 	 0.018627793297427076 	 9.834176354207128E-5 	 0.019942258491144397 	 0.01994116380091488 	 0.018627793297427076 	 9.834176354207128E-5 	 0.019942258491144397 	 0.01994116380091488 	 0.018627793297427076 	 9.834176354207128E-5 	 0.019942258491144397 	 0.01994116380091488 	 0.018627793297427076 	 9.834176354207128E-5 	 0.019942258491144397 	 
-1.584 	 0.01808085249828765 	 0.015895034426612584 	 9.071357450228088E-5 	 0.017995375688134033 	 0.01808085249828765 	 0.015895034426612584 	 9.071357450228088E-5 	 0.017995375688134033 	 0.01808085249828765 	 0.015895034426612584 	 9.071357450228088E-5 	 0.017995375688134033 	 0.01808085249828765 	 0.015895034426612584 	 9.071357450228088E-5 	 0.017995375688134033 	 
-1.56 	 0.016250294687938604 	 0.014694789890425723 	 7.756162499945625E-5 	 0.01594539780866272 	 0.016250294687938604 	 0.014694789890425723 	 7.756162499945625E-5 	 0.01594539780866272 	 0.016250294687938604 	 0.014694789890425723 	 7.756162499945625E-5 	 0.01594539780866272 	 0.016250294687938604 	 0.014694789890425723 	 7.756162499945625E-5 	 0.01594539780866272 	 
-1.536 	 0.014624235970347687 	 0.012670483557844637 	 7.189476664115433E-5 	 0.014247264704278742 	 0.014624235970347687 	 0.012670483557844637 	 7.189476664115433E-5 	 0.014247264704278742 	 0.014624235970347687 	 0.012670483557844637 	 7.189476664115433E-5 	 0.014247264704278742 	 0.014624235970347687 	 0.012670483557844637 	 7.189476664115433E-5 	 0.014247264704278742 	 
-1.512 	 0.012663159039009178 	 0.010555694552397204 	 1.2495777394215998E-4 	 0.01216498345695889 	 0.012663159039009178 	 0.010555694552397204 	 1.2495777394215998E-4 	 0.01216498345695889 	 0.012663159039009178 	 0.010555694552397204 	 1.2495777394215998E-4 	 0.01216498345695889 	 0.012663159039009178 	 0.010555694552397204 	 1.2495777394215998E-4 	 0.01216498345695889 	 
-1.488 	 0.011053387911165075 	 0.009518100134459695 	 8.257235250654638E-5 	 0.01042453601886349 	 0.011053387911165075 	 0.009518100134459695 	 8.257235250654638E-5 	 0.01042453601886349 	 0.011053387911165075 	 0.009518100134459695 	 8.257235250654638E-5 	 0.01042453601886349 	 0.011053387911165075 	 0.009518100134459695 	 8.257235250654638E-5 	 0.01042453601886349 	 
-1.464 	 0.009484851314632014 	 0.007506501249244026 	 3.7437610476971404E-5 	 0.008841206235781378 	 0.009484851314632014 	 0.007506501249244026 	 3.7437610476971404E-5 	 0.008841206235781378 	 0.009484851314632014 	 0.007506501249244026 	 3.7437610476971404E-5 	 0.008841206235781378 	 0.009484851314632014 	 0.007506501249244026 	 3.7437610476971404E-5 	 0.008841206235781378 	 
-1.44 	 0.007997839445987538 	 0.006548221411470819 	 7.412525279817931E-5 	 0.007241686577067681 	 0.007997839445987538 	 0.006548221411470819 	 7.412525279817931E-5 	 0.007241686577067681 	 0.007997839445987538 	 0.006548221411470819 	 7.412525279817931E-5 	 0.007241686577067681 	 0.007997839445987538 	 0.006548221411470819 	 7.412525279817931E-5 	 0.007241686577067681 	 
-1.416 	 0.006488129584763004 	 0.004517415967093404 	 9.772447557174832E-5 	 0.005731682241311809 	 0.006488129584763004 	 0.004517415967093404 	 9.772447557174832E-5 	 0.005731682241311809 	 0.006488129584763004 	 0.004517415967093404 	 9.772447557174832E-5 	 0.005731682241311809 	 0.006488129584763004 	 0.004517415967093404 	 9.772447557174832E-5 	 0.005731682241311809 	 
-1.392 	 0.00521696788775885 	 0.004041638142324522 	 3.7300550288735585E-5 	 0.004355318589447037 	 0.00521696788775885 	 0.004041638142324522 	 3.7300550288735585E-5 	 0.004355318589447037 	 0.00521696788775885 	 0.004041638142324522 	 3.7300550288735585E-5 	 0.004355318589447037 	 0.00521696788775885 	 0.004041638142324522 	 3.7300550288735585E-5 	 0.004355318589447037 	 
-1.3679999999999999 	 0.004281491695063543 	 0.0028797165810208335 	 1.1265237914415102E-4 	 0.003455050799957886 	 0.004281491695063543 	 0.0028797165810208335 	 1.1265237914415102E-4 	 0.003455050799957886 	 0.004281491695063543 	 0.0028797165810208335 	 1.1265237914415102E-4 	 0.003455050799957886 	 0.004281491695063543 	 0.0028797165810208335 	 1.1265237914415102E-4 	 0.003455050799957886 	 
-1.3439999999999999 	 0.003353425190918846 	 0.002232241328847667 	 1.2062328547908632E-4 	 0.0024990767527378077 	 0.003353425190918846 	 0.002232241328847667 	 1.2062328547908632E-4 	 0.0024990767527378077 	 0.003353425190918846 	 0.002232241328847667 	 1.2062328547908632E-4 	 0.0024990767527378077 	 0.003353425190918846 	 0.002232241328847667 	 1.2062328547908632E-4 	 0.0024990767527378077 	 
-1.32 	 0.002718691900864697 	 0.0017996929679896993 	 1.8809448240488682E-4 	 0.0018785799864606532 	 0.002718691900864697 	 0.0017996929679896993 	 1.8809448240488682E-4 	 0.0018785799864606532 	 0.002718691900864697 	 0.0017996929679896993 	 1.8809448240488682E-4 	 0.0018785799864606532 	 0.002718691900864697 	 0.0017996929679896993 	 1.8809448240488682E-4 	 0.0018785799864606532 	 
-1.296 	 0.0022317345147397924 	 0.0014369246987212107 	 5.892416711229495E-5 	 0.0014316635608888244 	 0.0022317345147397924 	 0.0014369246987212107 	 5.892416711229495E-5 	 0.0014316635608888244 	 0.0022317345147397924 	 0.0014369246987212107 	 5.892416711229495E-5 	 0.0014316635608888244 	 0.0022317345147397924 	 0.0014369246987212107 	 5.892416711229495E-5 	 0.0014316635608888244 	 
-1.272 	 0.0018295093045287373 	 0.0010959354051362604 	 6.783783777864178E-5 	 0.0010491491356135656 	 0.0018295093045287373 	 0.0010959354051362604 	 6.783783777864178E-5 	 0.0010491491356135656 	 0.0018295093045287373 	 0.0010959354051362604 	 6.783783777864178E-5 	 0.0010491491356135656 	 0.0018295093045287373 	 0.0010959354051362604 	 6.783783777864178E-5 	 0.0010491491356135656 	 
-1.248 	 0.001567048831840163 	 0.001057416804808443 	 1.1685529099882094E-4 	 8.170677149772609E-4 	 0.001567048831840163 	 0.001057416804808443 	 1.1685529099882094E-4 	 8.170677149772609E-4 	 0.001567048831840163 	 0.001057416804808443 	 1.1685529099882094E-4 	 8.170677149772609E-4 	 0.001567048831840163 	 0.001057416804808443 	 1.1685529099882094E-4 	 8.170677149772609E-4 	 
-1.224 	 0.0014380991520426632 	 9.718040431639767E-4 	 7.726636395483205E-5 	 7.279148257030479E-4 	 0.0014380991520426632 	 9.718040431639767E-4 	 7.726636395483205E-5 	 7.279148257030479E-4 	 0.0014380991520426632 	 9.718040431639767E-4 	 7.726636395483205E-5 	 7.279148257030479E-4 	 0.0014380991520426632 	 9.718040431639767E-4 	 7.726636395483205E-5 	 7.279148257030479E-4 	 
-1.2 	 0.001240425710054085 	 7.123639959146312E-4 	 6.670238027704476E-5 	 5.697938568810007E-4 	 0.001240425710054085 	 7.123639959146312E-4 	 6.670238027704476E-5 	 5.697938568810007E-4 	 0.001240425710054085 	 7.123639959146312E-4 	 6.670238027704476E-5 	 5.697938568810007E-4 	 0.001240425710054085 	 7.123639959146312E-4 	 6.670238027704476E-5 	 5.697938568810007E-4 	 
-1.176 	 0.0011162584888447875 	 7.785009893686237E-4 	 6.698904606641864E-5 	 4.5421330478551575E-4 	 0.0011162584888447875 	 7.785009893686237E-4 	 6.698904606641864E-5 	 4.5421330478551575E-4 	 0.0011162584888447875 	 7.785009893686237E-4 	 6.698904606641864E-5 	 4.5421330478551575E-4 	 0.0011162584888447875 	 7.785009893686237E-4 	 6.698904606641864E-5 	 4.5421330478551575E-4 	 
-1.152 	 0.0010724869777730252 	 7.188780526864899E-4 	 4.7237957196527E-5 	 4.467882751927272E-4 	 0.0010724869777730252 	 7.188780526864899E-4 	 4.7237957196527E-5 	 4.467882751927272E-4 	 0.0010724869777730252 	 7.188780526864899E-4 	 4.7237957196527E-5 	 4.467882751927272E-4 	 0.0010724869777730252 	 7.188780526864899E-4 	 4.7237957196527E-5 	 4.467882751927272E-4 	 
-1.128 	 9.713302154551376E-4 	 6.0669579498617E-4 	 5.686604395994174E-5 	 3.716718667247814E-4 	 9.713302154551376E-4 	 6.0669579498617E-4 	 5.686604395994174E-5 	 3.716718667247814E-4 	 9.713302154551376E-4 	 6.0669579498617E-4 	 5.686604395994174E-5 	 3.716718667247814E-4 	 9.713302154551376E-4 	 6.0669579498617E-4 	 5.686604395994174E-5 	 3.716718667247814E-4 	 
-1.1039999999999999 	 8.717413066217945E-4 	 5.2466019526868E-4 	 5.694149297763787E-5 	 2.7961980479534034E-4 	 8.717413066217945E-4 	 5.2466019526868E-4 	 5.694149297763787E-5 	 2.7961980479534034E-4 	 8.717413066217945E-4 	 5.2466019526868E-4 	 5.694149297763787E-5 	 2.7961980479534034E-4 	 8.717413066217945E-4 	 5.2466019526868E-4 	 5.694149297763787E-5 	 2.7961980479534034E-4 	 
-1.08 	 8.248624305347501E-4 	 5.531308964471459E-4 	 9.66297675559602E-5 	 2.4285376087194053E-4 	 8.248624305347501E-4 	 5.531308964471459E-4 	 9.66297675559602E-5 	 2.4285376087194053E-4 	 8.248624305347501E-4 	 5.531308964471459E-4 	 9.66297675559602E-5 	 2.4285376087194053E-4 	 8.248624305347501E-4 	 5.531308964471459E-4 	 9.66297675559602E-5 	 2.4285376087194053E-4 	 
-1.056 	 7.764475517754395E-4 	 4.548257206008305E-4 	 1.1639821127661456E-4 	 2.128801069991449E-4 	 7.764475517754395E-4 	 4.548257206008305E-4 	 1.1639821127661456E-4 	 2.128801069991449E-4 	 7.764475517754395E-4 	 4.548257206008305E-4 	 1.1639821127661456E-4 	 2.128801069991449E-4 	 7.764475517754395E-4 	 4.548257206008305E-4 	 1.1639821127661456E-4 	 2.128801069991449E-4 	 
-1.032 	 7.434575832622772E-4 	 5.109173222806563E-4 	 1.266620294300678E-4 	 1.851577183271516E-4 	 7.434575832622772E-4 	 5.109173222806563E-4 	 1.266620294300678E-4 	 1.851577183271516E-4 	 7.434575832622772E-4 	 5.109173222806563E-4 	 1.266620294300678E-4 	 1.851577183271516E-4 	 7.434575832622772E-4 	 5.109173222806563E-4 	 1.266620294300678E-4 	 1.851577183271516E-4 	 
-1.008 	 7.388826804537263E-4 	 4.952505181562649E-4 	 4.8276244854298366E-5 	 2.0369530855964482E-4 	 7.388826804537263E-4 	 4.952505181562649E-4 	 4.8276244854298366E-5 	 2.0369530855964482E-4 	 7.388826804537263E-4 	 4.952505181562649E-4 	 4.8276244854298366E-5 	 2.0369530855964482E-4 	 7.388826804537263E-4 	 4.952505181562649E-4 	 4.8276244854298366E-5 	 2.0369530855964482E-4 	 
-0.984 	 7.056410155428395E-4 	 4.3796778173482774E-4 	 6.831842595338254E-5 	 1.7502131876638208E-4 	 7.056410155428395E-4 	 4.3796778173482774E-4 	 6.831842595338254E-5 	 1.7502131876638208E-4 	 7.056410155428395E-4 	 4.3796778173482774E-4 	 6.831842595338254E-5 	 1.7502131876638208E-4 	 7.056410155428395E-4 	 4.3796778173482774E-4 	 6.831842595338254E-5 	 1.7502131876638208E-4 	 
-0.96 	 6.598793454473552E-4 	 4.149855273177173E-4 	 5.9016797341409646E-5 	 1.3555101450144237E-4 	 6.598793454473552E-4 	 4.149855273177173E-4 	 5.9016797341409646E-5 	 1.3555101450144237E-4 	 6.598793454473552E-4 	 4.149855273177173E-4 	 5.9016797341409646E-5 	 1.3555101450144237E-4 	 6.598793454473552E-4 	 4.149855273177173E-4 	 5.9016797341409646E-5 	 1.3555101450144237E-4 	 
-0.9359999999999999 	 6.330884774253434E-4 	 4.0751908158138424E-4 	 5.9683356883668E-5 	 1.1995333298402084E-4 	 6.330884774253434E-4 	 4.0751908158138424E-4 	 5.9683356883668E-5 	 1.1995333298402084E-4 	 6.330884774253434E-4 	 4.0751908158138424E-4 	 5.9683356883668E-5 	 1.1995333298402084E-4 	 6.330884774253434E-4 	 4.0751908158138424E-4 	 5.9683356883668E-5 	 1.1995333298402084E-4 	 
-0.9119999999999999 	 6.238046152656426E-4 	 4.061535702067522E-4 	 1.0978835715918055E-4 	 1.1774132542517621E-4 	 6.238046152656426E-4 	 4.061535702067522E-4 	 1.0978835715918055E-4 	 1.1774132542517621E-4 	 6.238046152656426E-4 	 4.061535702067522E-4 	 1.0978835715918055E-4 	 1.1774132542517621E-4 	 6.238046152656426E-4 	 4.061535702067522E-4 	 1.0978835715918055E-4 	 1.1774132542517621E-4 	 
-0.8879999999999999 	 5.893132349309577E-4 	 3.4613499135144777E-4 	 1.0048702879599574E-4 	 9.366811241953895E-5 	 5.893132349309577E-4 	 3.4613499135144777E-4 	 1.0048702879599574E-4 	 9.366811241953895E-5 	 5.893132349309577E-4 	 3.4613499135144777E-4 	 1.0048702879599574E-4 	 9.366811241953895E-5 	 5.893132349309577E-4 	 3.4613499135144777E-4 	 1.0048702879599574E-4 	 9.366811241953895E-5 	 
-0.8639999999999999 	 5.683190306633424E-4 	 3.6759132328443716E-4 	 1.1119480913643318E-4 	 7.331065584538873E-5 	 5.683190306633424E-4 	 3.6759132328443716E-4 	 1.1119480913643318E-4 	 7.331065584538873E-5 	 5.683190306633424E-4 	 3.6759132328443716E-4 	 1.1119480913643318E-4 	 7.331065584538873E-5 	 5.683190306633424E-4 	 3.6759132328443716E-4 	 1.1119480913643318E-4 	 7.331065584538873E-5 	 
-0.8399999999999999 	 5.653338455792103E-4 	 3.6620075622025694E-4 	 1.0215005241922189E-4 	 8.149412663935193E-5 	 5.653338455792103E-4 	 3.6620075622025694E-4 	 1.0215005241922189E-4 	 8.149412663935193E-5 	 5.653338455792103E-4 	 3.6620075622025694E-4 	 1.0215005241922189E-4 	 8.149412663935193E-5 	 5.653338455792103E-4 	 3.6620075622025694E-4 	 1.0215005241922189E-4 	 8.149412663935193E-5 	 
-0.8159999999999998 	 5.624642716004993E-4 	 3.772902301137863E-4 	 4.397910426370309E-5 	 8.770208429239963E-5 	 5.624642716004993E-4 	 3.772902301137863E-4 	 4.397910426370309E-5 	 8.770208429239963E-5 	 5.624642716004993E-4 	 3.772902301137863E-4 	 4.397910426370309E-5 	 8.770208429239963E-5 	 5.624642716004993E-4 	 3.772902301137863E-4 	 4.397910426370309E-5 	 8.770208429239963E-5 	 
-0.7919999999999998 	 5.63964769392489E-4 	 3.7844007243867096E-4 	 7.474095478268722E-5 	 9.54725812733741E-5 	 5.63964769392489E-4 	 3.7844007243867096E-4 	 7.474095478268722E-5 	 9.54725812733741E-5 	 5.63964769392489E-4 	 3.7844007243867096E-4 	 7.474095478268722E-5 	 9.54725812733741E-5 	 5.63964769392489E-4 	 3.7844007243867096E-4 	 7.474095478268722E-5 	 9.54725812733741E-5 	 
-0.7679999999999998 	 5.401410106445467E-4 	 3.227637970032847E-4 	 9.493225659116789E-5 	 7.549129381908816E-5 	 5.401410106445467E-4 	 3.227637970032847E-4 	 9.493225659116789E-5 	 7.549129381908816E-5 	 5.401410106445467E-4 	 3.227637970032847E-4 	 9.493225659116789E-5 	 7.549129381908816E-5 	 5.401410106445467E-4 	 3.227637970032847E-4 	 9.493225659116789E-5 	 7.549129381908816E-5 	 
-0.7439999999999998 	 5.16325995056409E-4 	 3.3183707898799385E-4 	 9.594767001556668E-5 	 5.097121801979281E-5 	 5.16325995056409E-4 	 3.3183707898799385E-4 	 9.594767001556668E-5 	 5.097121801979281E-5 	 5.16325995056409E-4 	 3.3183707898799385E-4 	 9.594767001556668E-5 	 5.097121801979281E-5 	 5.16325995056409E-4 	 3.3183707898799385E-4 	 9.594767001556668E-5 	 5.097121801979281E-5 	 
-0.7199999999999998 	 5.046906056799291E-4 	 3.158432307781632E-4 	 1.1606435566566643E-4 	 4.675863446441328E-5 	 5.046906056799291E-4 	 3.158432307781632E-4 	 1.1606435566566643E-4 	 4.675863446441328E-5 	 5.046906056799291E-4 	 3.158432307781632E-4 	 1.1606435566566643E-4 	 4.675863446441328E-5 	 5.046906056799291E-4 	 3.158432307781632E-4 	 1.1606435566566643E-4 	 4.675863446441328E-5 	 
-0.6959999999999997 	 5.128869412592621E-4 	 3.471823107086382E-4 	 1.2712044717737137E-4 	 5.047530440580971E-5 	 5.128869412592621E-4 	 3.471823107086382E-4 	 1.2712044717737137E-4 	 5.047530440580971E-5 	 5.128869412592621E-4 	 3.471823107086382E-4 	 1.2712044717737137E-4 	 5.047530440580971E-5 	 5.128869412592621E-4 	 3.471823107086382E-4 	 1.2712044717737137E-4 	 5.047530440580971E-5 	 
-0.6720000000000002 	 5.027278860704647E-4 	 3.160070648831247E-4 	 1.5744269772673385E-4 	 5.230638882220802E-5 	 5.027278860704647E-4 	 3.160070648831247E-4 	 1.5744269772673385E-4 	 5.230638882220802E-5 	 5.027278860704647E-4 	 3.160070648831247E-4 	 1.5744269772673385E-4 	 5.230638882220802E-5 	 5.027278860704647E-4 	 3.160070648831247E-4 	 1.5744269772673385E-4 	 5.230638882220802E-5 	 
-0.6480000000000001 	 5.138958272595555E-4 	 3.604467073727736E-4 	 2.6694284802894025E-4 	 5.748328520232826E-5 	 5.138958272595555E-4 	 3.604467073727736E-4 	 2.6694284802894025E-4 	 5.748328520232826E-5 	 5.138958272595555E-4 	 3.604467073727736E-4 	 2.6694284802894025E-4 	 5.748328520232826E-5 	 5.138958272595555E-4 	 3.604467073727736E-4 	 2.6694284802894025E-4 	 5.748328520232826E-5 	 
-0.6240000000000001 	 5.25817891292166E-4 	 3.511899933204029E-4 	 3.8613783796608714E-4 	 7.261121327469998E-5 	 5.25817891292166E-4 	 3.511899933204029E-4 	 3.8613783796608714E-4 	 7.261121327469998E-5 	 5.25817891292166E-4 	 3.511899933204029E-4 	 3.8613783796608714E-4 	 7.261121327469998E-5 	 5.25817891292166E-4 	 3.511899933204029E-4 	 3.8613783796608714E-4 	 7.261121327469998E-5 	 
-0.6000000000000001 	 5.255066977498576E-4 	 3.526109097370965E-4 	 5.8434725836241E-4 	 7.002223924738112E-5 	 5.255066977498576E-4 	 3.526109097370965E-4 	 5.8434725836241E-4 	 7.002223924738112E-5 	 5.255066977498576E-4 	 3.526109097370965E-4 	 5.8434725836241E-4 	 7.002223924738112E-5 	 5.255066977498576E-4 	 3.526109097370965E-4 	 5.8434725836241E-4 	 7.002223924738112E-5 	 
-0.5760000000000001 	 5.327036476270739E-4 	 3.469182368518778E-4 	 9.211122516556336E-4 	 6.574579425944499E-5 	 5.327036476270739E-4 	 3.469182368518778E-4 	 9.211122516556336E-4 	 6.574579425944499E-5 	 5.327036476270739E-4 	 3.469182368518778E-4 	 9.211122516556336E-4 	 6.574579425944499E-5 	 5.327036476270739E-4 	 3.469182368518778E-4 	 9.211122516556336E-4 	 6.574579425944499E-5 	 
-0.552 	 5.216463590567462E-4 	 3.432216221569055E-4 	 0.0012081643579626188 	 5.847281620141979E-5 	 5.216463590567462E-4 	 3.432216221569055E-4 	 0.0012081643579626188 	 5.847281620141979E-5 	 5.216463590567462E-4 	 3.432216221569055E-4 	 0.0012081643579626188 	 5.847281620141979E-5 	 5.216463590567462E-4 	 3.432216221569055E-4 	 0.0012081643579626188 	 5.847281620141979E-5 	 
-0.528 	 5.434690096843802E-4 	 3.6872834860806795E-4 	 0.001369552534658909 	 6.456563664105501E-5 	 5.434690096843802E-4 	 3.6872834860806795E-4 	 0.001369552534658909 	 6.456563664105501E-5 	 5.434690096843802E-4 	 3.6872834860806795E-4 	 0.001369552534658909 	 6.456563664105501E-5 	 5.434690096843802E-4 	 3.6872834860806795E-4 	 0.001369552534658909 	 6.456563664105501E-5 	 
-0.504 	 5.528899790797605E-4 	 3.513178990320732E-4 	 0.0021804658115462763 	 6.356064506618395E-5 	 5.528899790797605E-4 	 3.513178990320732E-4 	 0.0021804658115462763 	 6.356064506618395E-5 	 5.528899790797605E-4 	 3.513178990320732E-4 	 0.0021804658115462763 	 6.356064506618395E-5 	 5.528899790797605E-4 	 3.513178990320732E-4 	 0.0021804658115462763 	 6.356064506618395E-5 	 
-0.48 	 5.73269155385495E-4 	 3.8197084969695687E-4 	 0.0030915019657553012 	 5.9159714234013526E-5 	 5.73269155385495E-4 	 3.8197084969695687E-4 	 0.0030915019657553012 	 5.9159714234013526E-5 	 5.73269155385495E-4 	 3.8197084969695687E-4 	 0.0030915019657553012 	 5.9159714234013526E-5 	 5.73269155385495E-4 	 3.8197084969695687E-4 	 0.0030915019657553012 	 5.9159714234013526E-5 	 
-0.45599999999999996 	 6.05717176560847E-4 	 4.0270192585786097E-4 	 0.004475772884568426 	 6.816586750989408E-5 	 6.05717176560847E-4 	 4.0270192585786097E-4 	 0.004475772884568426 	 6.816586750989408E-5 	 6.05717176560847E-4 	 4.0270192585786097E-4 	 0.004475772884568426 	 6.816586750989408E-5 	 6.05717176560847E-4 	 4.0270192585786097E-4 	 0.004475772884568426 	 6.816586750989408E-5 	 
-0.43199999999999994 	 6.476534123218097E-4 	 4.434566039184933E-4 	 0.006206021752362843 	 7.928151530128926E-5 	 6.476534123218097E-4 	 4.434566039184933E-4 	 0.006206021752362843 	 7.928151530128926E-5 	 6.476534123218097E-4 	 4.434566039184933E-4 	 0.006206021752362843 	 7.928151530128926E-5 	 6.476534123218097E-4 	 4.434566039184933E-4 	 0.006206021752362843 	 7.928151530128926E-5 	 
-0.4079999999999999 	 6.959719093103848E-4 	 4.6490927493474495E-4 	 0.008429364740509341 	 8.832891713767945E-5 	 6.959719093103848E-4 	 4.6490927493474495E-4 	 0.008429364740509341 	 8.832891713767945E-5 	 6.959719093103848E-4 	 4.6490927493474495E-4 	 0.008429364740509341 	 8.832891713767945E-5 	 6.959719093103848E-4 	 4.6490927493474495E-4 	 0.008429364740509341 	 8.832891713767945E-5 	 
-0.3839999999999999 	 7.274499608737035E-4 	 4.8193817463595344E-4 	 0.010683531218945294 	 8.231415124490497E-5 	 7.274499608737035E-4 	 4.8193817463595344E-4 	 0.010683531218945294 	 8.231415124490497E-5 	 7.274499608737035E-4 	 4.8193817463595344E-4 	 0.010683531218945294 	 8.231415124490497E-5 	 7.274499608737035E-4 	 4.8193817463595344E-4 	 0.010683531218945294 	 8.231415124490497E-5 	 
-0.3599999999999999 	 7.890241902283801E-4 	 5.315570279850968E-4 	 0.014248391014128628 	 8.160735005405496E-5 	 7.890241902283801E-4 	 5.315570279850968E-4 	 0.014248391014128628 	 8.160735005405496E-5 	 7.890241902283801E-4 	 5.315570279850968E-4 	 0.014248391014128628 	 8.160735005405496E-5 	 7.890241902283801E-4 	 5.315570279850968E-4 	 0.014248391014128628 	 8.160735005405496E-5 	 
-0.33599999999999985 	 8.523082720517574E-4 	 5.799932759385992E-4 	 0.018168552296082916 	 8.780567568782793E-5 	 8.523082720517574E-4 	 5.799932759385992E-4 	 0.018168552296082916 	 8.780567568782793E-5 	 8.523082720517574E-4 	 5.799932759385992E-4 	 0.018168552296082916 	 8.780567568782793E-5 	 8.523082720517574E-4 	 5.799932759385992E-4 	 0.018168552296082916 	 8.780567568782793E-5 	 
-0.31199999999999983 	 9.36023490020082E-4 	 6.426424180487429E-4 	 0.02344672968560823 	 9.684805599825867E-5 	 9.36023490020082E-4 	 6.426424180487429E-4 	 0.02344672968560823 	 9.684805599825867E-5 	 9.36023490020082E-4 	 6.426424180487429E-4 	 0.02344672968560823 	 9.684805599825867E-5 	 9.36023490020082E-4 	 6.426424180487429E-4 	 0.02344672968560823 	 9.684805599825867E-5 	 
-0.2879999999999998 	 9.984087766167454E-4 	 6.906406860143689E-4 	 0.02774917973508621 	 1.0381038876458053E-4 	 9.984087766167454E-4 	 6.906406860143689E-4 	 0.02774917973508621 	 1.0381038876458053E-4 	 9.984087766167454E-4 	 6.906406860143689E-4 	 0.02774917973508621 	 1.0381038876458053E-4 	 9.984087766167454E-4 	 6.906406860143689E-4 	 0.02774917973508621 	 1.0381038876458053E-4 	 
-0.2639999999999998 	 0.0010665216930098287 	 7.430549064366405E-4 	 0.0323771905467112 	 1.1161812471829373E-4 	 0.0010665216930098287 	 7.430549064366405E-4 	 0.0323771905467112 	 1.1161812471829373E-4 	 0.0010665216930098287 	 7.430549064366405E-4 	 0.0323771905467112 	 1.1161812471829373E-4 	 0.0010665216930098287 	 7.430549064366405E-4 	 0.0323771905467112 	 1.1161812471829373E-4 	 
-0.23999999999999977 	 0.0011363663788015517 	 7.954497450574904E-4 	 0.0375940004305465 	 1.1916654574173135E-4 	 0.0011363663788015517 	 7.954497450574904E-4 	 0.0375940004305465 	 1.1916654574173135E-4 	 0.0011363663788015517 	 7.954497450574904E-4 	 0.0375940004305465 	 1.1916654574173135E-4 	 0.0011363663788015517 	 7.954497450574904E-4 	 0.0375940004305465 	 1.1916654574173135E-4 	 
-0.21599999999999975 	 0.0011890208106634316 	 8.371908475844938E-4 	 0.04210212904679853 	 1.2417019251821206E-4 	 0.0011890208106634316 	 8.371908475844938E-4 	 0.04210212904679853 	 1.2417019251821206E-4 	 0.0011890208106634316 	 8.371908475844938E-4 	 0.04210212904679853 	 1.2417019251821206E-4 	 0.0011890208106634316 	 8.371908475844938E-4 	 0.04210212904679853 	 1.2417019251821206E-4 	 
-0.19199999999999973 	 0.0012666185072313287 	 9.044292403325714E-4 	 0.048592869537399726 	 1.3799893089928476E-4 	 0.0012666185072313287 	 9.044292403325714E-4 	 0.048592869537399726 	 1.3799893089928476E-4 	 0.0012666185072313287 	 9.044292403325714E-4 	 0.048592869537399726 	 1.3799893089928476E-4 	 0.0012666185072313287 	 9.044292403325714E-4 	 0.048592869537399726 	 1.3799893089928476E-4 	 
-0.16800000000000015 	 0.0012666184391059033 	 8.943406253833215E-4 	 0.050327320346085475 	 1.403814681303916E-4 	 0.0012666184391059033 	 8.943406253833215E-4 	 0.050327320346085475 	 1.403814681303916E-4 	 0.0012666184391059033 	 8.943406253833215E-4 	 0.050327320346085475 	 1.403814681303916E-4 	 0.0012666184391059033 	 8.943406253833215E-4 	 0.050327320346085475 	 1.403814681303916E-4 	 
-0.14400000000000013 	 0.0012760735442724042 	 9.049753709888702E-4 	 0.05347515694036843 	 1.3623914871109443E-4 	 0.0012760735442724042 	 9.049753709888702E-4 	 0.05347515694036843 	 1.3623914871109443E-4 	 0.0012760735442724042 	 9.049753709888702E-4 	 0.05347515694036843 	 1.3623914871109443E-4 	 0.0012760735442724042 	 9.049753709888702E-4 	 0.05347515694036843 	 1.3623914871109443E-4 	 
-0.1200000000000001 	 0.001237230094723101 	 8.799145470794527E-4 	 0.053019210483812626 	 1.3095041972866118E-4 	 0.001237230094723101 	 8.799145470794527E-4 	 0.053019210483812626 	 1.3095041972866118E-4 	 0.001237230094723101 	 8.799145470794527E-4 	 0.053019210483812626 	 1.3095041972866118E-4 	 0.001237230094723101 	 8.799145470794527E-4 	 0.053019210483812626 	 1.3095041972866118E-4 	 
-0.09600000000000009 	 0.0012178939604622005 	 8.675032501687985E-4 	 0.05441140054167825 	 1.2884447964849337E-4 	 0.0012178939604622005 	 8.675032501687985E-4 	 0.05441140054167825 	 1.2884447964849337E-4 	 0.0012178939604622005 	 8.675032501687985E-4 	 0.05441140054167825 	 1.2884447964849337E-4 	 0.0012178939604622005 	 8.675032501687985E-4 	 0.05441140054167825 	 1.2884447964849337E-4 	 
-0.07200000000000006 	 0.001170111825867097 	 8.333537394275012E-4 	 0.05401750560734633 	 1.2468160227631066E-4 	 0.001170111825867097 	 8.333537394275012E-4 	 0.05401750560734633 	 1.2468160227631066E-4 	 0.001170111825867097 	 8.333537394275012E-4 	 0.05401750560734633 	 1.2468160227631066E-4 	 0.001170111825867097 	 8.333537394275012E-4 	 0.05401750560734633 	 1.2468160227631066E-4 	 
-0.04800000000000004 	 0.0010807917703084347 	 7.69523733972208E-4 	 0.05068835096596078 	 1.1513982874744862E-4 	 0.0010807917703084347 	 7.69523733972208E-4 	 0.05068835096596078 	 1.1513982874744862E-4 	 0.0010807917703084347 	 7.69523733972208E-4 	 0.05068835096596078 	 1.1513982874744862E-4 	 0.0010807917703084347 	 7.69523733972208E-4 	 0.05068835096596078 	 1.1513982874744862E-4 	 
-0.02400000000000002 	 9.81339582826784E-4 	 6.988565658068515E-4 	 0.04675713384453981 	 1.04707519506098E-4 	 9.81339582826784E-4 	 6.988565658068515E-4 	 0.04675713384453981 	 1.04707519506098E-4 	 9.81339582826784E-4 	 6.988565658068515E-4 	 0.04675713384453981 	 1.04707519506098E-4 	 9.81339582826784E-4 	 6.988565658068515E-4 	 0.04675713384453981 	 1.04707519506098E-4 	 
0.0 	 8.719254462131438E-4 	 6.207966524875626E-4 	 0.04151866999083052 	 9.32287568683426E-5 	 8.719254462131438E-4 	 6.207966524875626E-4 	 0.04151866999083052 	 9.32287568683426E-5 	 8.719254462131438E-4 	 6.207966524875626E-4 	 0.04151866999083052 	 9.32287568683426E-5 	 8.719254462131438E-4 	 6.207966524875626E-4 	 0.04151866999083052 	 9.32287568683426E-5 	 
0.02400000000000002 	 7.850997917226817E-4 	 5.582738675407883E-4 	 0.03802100296111879 	 8.401583273463251E-5 	 7.850997917226817E-4 	 5.582738675407883E-4 	 0.03802100296111879 	 8.401583273463251E-5 	 7.850997917226817E-4 	 5.582738675407883E-4 	 0.03802100296111879 	 8.401583273463251E-5 	 7.850997917226817E-4 	 5.582738675407883E-4 	 0.03802100296111879 	 8.401583273463251E-5 	 
0.04800000000000004 	 6.680747254892763E-4 	 4.755315305419037E-4 	 0.03185862115738838 	 7.1042021080632E-5 	 6.680747254892763E-4 	 4.755315305419037E-4 	 0.03185862115738838 	 7.1042021080632E-5 	 6.680747254892763E-4 	 4.755315305419037E-4 	 0.03185862115738838 	 7.1042021080632E-5 	 6.680747254892763E-4 	 4.755315305419037E-4 	 0.03185862115738838 	 7.1042021080632E-5 	 
0.07200000000000006 	 5.972594910165596E-4 	 4.24668998122705E-4 	 0.028768275651093616 	 6.356906037358885E-5 	 5.972594910165596E-4 	 4.24668998122705E-4 	 0.028768275651093616 	 6.356906037358885E-5 	 5.972594910165596E-4 	 4.24668998122705E-4 	 0.028768275651093616 	 6.356906037358885E-5 	 5.972594910165596E-4 	 4.24668998122705E-4 	 0.028768275651093616 	 6.356906037358885E-5 	 
0.09600000000000009 	 5.18714395720411E-4 	 3.686355757959647E-4 	 0.024959404719296446 	 5.530049674126002E-5 	 5.18714395720411E-4 	 3.686355757959647E-4 	 0.024959404719296446 	 5.530049674126002E-5 	 5.18714395720411E-4 	 3.686355757959647E-4 	 0.024959404719296446 	 5.530049674126002E-5 	 5.18714395720411E-4 	 3.686355757959647E-4 	 0.024959404719296446 	 5.530049674126002E-5 	 
0.1200000000000001 	 4.3911593110496495E-4 	 3.122833568302574E-4 	 0.020710169981996197 	 4.691714830907538E-5 	 4.3911593110496495E-4 	 3.122833568302574E-4 	 0.020710169981996197 	 4.691714830907538E-5 	 4.3911593110496495E-4 	 3.122833568302574E-4 	 0.020710169981996197 	 4.691714830907538E-5 	 4.3911593110496495E-4 	 3.122833568302574E-4 	 0.020710169981996197 	 4.691714830907538E-5 	 
0.14400000000000013 	 3.89874213193372E-4 	 2.7720034445305605E-4 	 0.018440132200445797 	 4.142240825244784E-5 	 3.89874213193372E-4 	 2.7720034445305605E-4 	 0.018440132200445797 	 4.142240825244784E-5 	 3.89874213193372E-4 	 2.7720034445305605E-4 	 0.018440132200445797 	 4.142240825244784E-5 	 3.89874213193372E-4 	 2.7720034445305605E-4 	 0.018440132200445797 	 4.142240825244784E-5 	 
0.16800000000000015 	 3.379071757571846E-4 	 2.4056169164935978E-4 	 0.015719099293880726 	 3.581439007619945E-5 	 3.379071757571846E-4 	 2.4056169164935978E-4 	 0.015719099293880726 	 3.581439007619945E-5 	 3.379071757571846E-4 	 2.4056169164935978E-4 	 0.015719099293880726 	 3.581439007619945E-5 	 3.379071757571846E-4 	 2.4056169164935978E-4 	 0.015719099293880726 	 3.581439007619945E-5 	 
0.19200000000000017 	 3.106171424299704E-4 	 2.2096668118940982E-4 	 0.014681506954917658 	 3.31616873259841E-5 	 3.106171424299704E-4 	 2.2096668118940982E-4 	 0.014681506954917658 	 3.31616873259841E-5 	 3.106171424299704E-4 	 2.2096668118940982E-4 	 0.014681506954917658 	 3.31616873259841E-5 	 3.106171424299704E-4 	 2.2096668118940982E-4 	 0.014681506954917658 	 3.31616873259841E-5 	 
0.2160000000000002 	 2.7455292979658956E-4 	 1.9533346856378888E-4 	 0.012974670194207418 	 2.9320088903621756E-5 	 2.7455292979658956E-4 	 1.9533346856378888E-4 	 0.012974670194207418 	 2.9320088903621756E-5 	 2.7455292979658956E-4 	 1.9533346856378888E-4 	 0.012974670194207418 	 2.9320088903621756E-5 	 2.7455292979658956E-4 	 1.9533346856378888E-4 	 0.012974670194207418 	 2.9320088903621756E-5 	 
0.2400000000000002 	 2.4104064337079103E-4 	 1.7179647933717674E-4 	 0.011366883374164331 	 2.5503894287339226E-5 	 2.4104064337079103E-4 	 1.7179647933717674E-4 	 0.011366883374164331 	 2.5503894287339226E-5 	 2.4104064337079103E-4 	 1.7179647933717674E-4 	 0.011366883374164331 	 2.5503894287339226E-5 	 2.4104064337079103E-4 	 1.7179647933717674E-4 	 0.011366883374164331 	 2.5503894287339226E-5 	 
0.26400000000000023 	 2.1826909034380676E-4 	 1.5560307597927765E-4 	 0.010301406754977847 	 2.3144391423085138E-5 	 2.1826909034380676E-4 	 1.5560307597927765E-4 	 0.010301406754977847 	 2.3144391423085138E-5 	 2.1826909034380676E-4 	 1.5560307597927765E-4 	 0.010301406754977847 	 2.3144391423085138E-5 	 2.1826909034380676E-4 	 1.5560307597927765E-4 	 0.010301406754977847 	 2.3144391423085138E-5 	 
0.28800000000000026 	 2.0020051019112978E-4 	 1.4246336193837855E-4 	 0.0097272112044895 	 2.1461280480553507E-5 	 2.0020051019112978E-4 	 1.4246336193837855E-4 	 0.0097272112044895 	 2.1461280480553507E-5 	 2.0020051019112978E-4 	 1.4246336193837855E-4 	 0.0097272112044895 	 2.1461280480553507E-5 	 2.0020051019112978E-4 	 1.4246336193837855E-4 	 0.0097272112044895 	 2.1461280480553507E-5 	 
0.3120000000000003 	 1.6914110363330255E-4 	 1.2050534788007837E-4 	 0.0080315797423967 	 1.7959845041881463E-5 	 1.6914110363330255E-4 	 1.2050534788007837E-4 	 0.0080315797423967 	 1.7959845041881463E-5 	 1.6914110363330255E-4 	 1.2050534788007837E-4 	 0.0080315797423967 	 1.7959845041881463E-5 	 1.6914110363330255E-4 	 1.2050534788007837E-4 	 0.0080315797423967 	 1.7959845041881463E-5 	 
0.33599999999999985 	 1.506744424829746E-4 	 1.0739223172893505E-4 	 0.007222194522398893 	 1.5973784075534257E-5 	 1.506744424829746E-4 	 1.0739223172893505E-4 	 0.007222194522398893 	 1.5973784075534257E-5 	 1.506744424829746E-4 	 1.0739223172893505E-4 	 0.007222194522398893 	 1.5973784075534257E-5 	 1.506744424829746E-4 	 1.0739223172893505E-4 	 0.007222194522398893 	 1.5973784075534257E-5 	 
0.3599999999999999 	 1.3347704439244196E-4 	 9.523722771920014E-5 	 0.0064034521263836176 	 1.4248249896084506E-5 	 1.3347704439244196E-4 	 9.523722771920014E-5 	 0.0064034521263836176 	 1.4248249896084506E-5 	 1.3347704439244196E-4 	 9.523722771920014E-5 	 0.0064034521263836176 	 1.4248249896084506E-5 	 1.3347704439244196E-4 	 9.523722771920014E-5 	 0.0064034521263836176 	 1.4248249896084506E-5 	 
0.3839999999999999 	 1.2130899730124183E-4 	 8.631131636571525E-5 	 0.005938546620765516 	 1.3065794063463405E-5 	 1.2130899730124183E-4 	 8.631131636571525E-5 	 0.005938546620765516 	 1.3065794063463405E-5 	 1.2130899730124183E-4 	 8.631131636571525E-5 	 0.005938546620765516 	 1.3065794063463405E-5 	 1.2130899730124183E-4 	 8.631131636571525E-5 	 0.005938546620765516 	 1.3065794063463405E-5 	 
0.4079999999999999 	 9.88182054924744E-5 	 7.04998317264992E-5 	 0.004657472903652324 	 1.039994881499072E-5 	 9.88182054924744E-5 	 7.04998317264992E-5 	 0.004657472903652324 	 1.039994881499072E-5 	 9.88182054924744E-5 	 7.04998317264992E-5 	 0.004657472903652324 	 1.039994881499072E-5 	 9.88182054924744E-5 	 7.04998317264992E-5 	 0.004657472903652324 	 1.039994881499072E-5 	 
0.43199999999999994 	 9.129446335128572E-5 	 6.518034095924227E-5 	 0.0044102914258327165 	 9.61066479122508E-6 	 9.129446335128572E-5 	 6.518034095924227E-5 	 0.0044102914258327165 	 9.61066479122508E-6 	 9.129446335128572E-5 	 6.518034095924227E-5 	 0.0044102914258327165 	 9.61066479122508E-6 	 9.129446335128572E-5 	 6.518034095924227E-5 	 0.0044102914258327165 	 9.61066479122508E-6 	 
0.45599999999999996 	 8.300726341097821E-5 	 5.9142544215333446E-5 	 0.004103812663044468 	 8.866050603462582E-6 	 8.300726341097821E-5 	 5.9142544215333446E-5 	 0.004103812663044468 	 8.866050603462582E-6 	 8.300726341097821E-5 	 5.9142544215333446E-5 	 0.004103812663044468 	 8.866050603462582E-6 	 8.300726341097821E-5 	 5.9142544215333446E-5 	 0.004103812663044468 	 8.866050603462582E-6 	 
0.48 	 7.124485055966544E-5 	 5.064858865922603E-5 	 0.0035410420906120317 	 7.653501093006267E-6 	 7.124485055966544E-5 	 5.064858865922603E-5 	 0.0035410420906120317 	 7.653501093006267E-6 	 7.124485055966544E-5 	 5.064858865922603E-5 	 0.0035410420906120317 	 7.653501093006267E-6 	 7.124485055966544E-5 	 5.064858865922603E-5 	 0.0035410420906120317 	 7.653501093006267E-6 	 
0.504 	 5.544231078226902E-5 	 3.952095758448771E-5 	 0.0025951242182580716 	 5.8657695247900046E-6 	 5.544231078226902E-5 	 3.952095758448771E-5 	 0.0025951242182580716 	 5.8657695247900046E-6 	 5.544231078226902E-5 	 3.952095758448771E-5 	 0.0025951242182580716 	 5.8657695247900046E-6 	 5.544231078226902E-5 	 3.952095758448771E-5 	 0.0025951242182580716 	 5.8657695247900046E-6 	 
0.528 	 5.0514778326960504E-5 	 3.599968195360437E-5 	 0.0023977337487433082 	 5.356566972538042E-6 	 5.0514778326960504E-5 	 3.599968195360437E-5 	 0.0023977337487433082 	 5.356566972538042E-6 	 5.0514778326960504E-5 	 3.599968195360437E-5 	 0.0023977337487433082 	 5.356566972538042E-6 	 5.0514778326960504E-5 	 3.599968195360437E-5 	 0.0023977337487433082 	 5.356566972538042E-6 	 
0.552 	 4.69012434193269E-5 	 3.337616575287909E-5 	 0.0022984797171879037 	 4.996903194908651E-6 	 4.69012434193269E-5 	 3.337616575287909E-5 	 0.0022984797171879037 	 4.996903194908651E-6 	 4.69012434193269E-5 	 3.337616575287909E-5 	 0.0022984797171879037 	 4.996903194908651E-6 	 4.69012434193269E-5 	 3.337616575287909E-5 	 0.0022984797171879037 	 4.996903194908651E-6 	 
0.5760000000000001 	 3.9014510323128905E-5 	 2.779839159153787E-5 	 0.0018745529158718968 	 4.155178532872333E-6 	 3.9014510323128905E-5 	 2.779839159153787E-5 	 0.0018745529158718968 	 4.155178532872333E-6 	 3.9014510323128905E-5 	 2.779839159153787E-5 	 0.0018745529158718968 	 4.155178532872333E-6 	 3.9014510323128905E-5 	 2.779839159153787E-5 	 0.0018745529158718968 	 4.155178532872333E-6 	 
0.6000000000000001 	 3.4912675005742816E-5 	 2.4793093248292437E-5 	 0.0016770625516063422 	 3.7205878394888693E-6 	 3.4912675005742816E-5 	 2.4793093248292437E-5 	 0.0016770625516063422 	 3.7205878394888693E-6 	 3.4912675005742816E-5 	 2.4793093248292437E-5 	 0.0016770625516063422 	 3.7205878394888693E-6 	 3.4912675005742816E-5 	 2.4793093248292437E-5 	 0.0016770625516063422 	 3.7205878394888693E-6 	 
0.6240000000000001 	 2.9035708898335103E-5 	 2.0643042570610298E-5 	 0.001361676052377648 	 3.060193243414005E-6 	 2.9035708898335103E-5 	 2.0643042570610298E-5 	 0.001361676052377648 	 3.060193243414005E-6 	 2.9035708898335103E-5 	 2.0643042570610298E-5 	 0.001361676052377648 	 3.060193243414005E-6 	 2.9035708898335103E-5 	 2.0643042570610298E-5 	 0.001361676052377648 	 3.060193243414005E-6 	 
0.6480000000000001 	 2.6668029247213747E-5 	 1.8955404680812678E-5 	 0.0012923483181304088 	 2.8512658183992973E-6 	 2.6668029247213747E-5 	 1.8955404680812678E-5 	 0.0012923483181304088 	 2.8512658183992973E-6 	 2.6668029247213747E-5 	 1.8955404680812678E-5 	 0.0012923483181304088 	 2.8512658183992973E-6 	 2.6668029247213747E-5 	 1.8955404680812678E-5 	 0.0012923483181304088 	 2.8512658183992973E-6 	 
0.6720000000000002 	 2.2814118259885017E-5 	 1.618089680314357E-5 	 0.0010852054624457758 	 2.4426078030946133E-6 	 2.2814118259885017E-5 	 1.618089680314357E-5 	 0.0010852054624457758 	 2.4426078030946133E-6 	 2.2814118259885017E-5 	 1.618089680314357E-5 	 0.0010852054624457758 	 2.4426078030946133E-6 	 2.2814118259885017E-5 	 1.618089680314357E-5 	 0.0010852054624457758 	 2.4426078030946133E-6 	 
0.6960000000000002 	 1.92260597043542E-5 	 1.3653244156338128E-5 	 8.978013525371925E-4 	 2.076491868505696E-6 	 1.92260597043542E-5 	 1.3653244156338128E-5 	 8.978013525371925E-4 	 2.076491868505696E-6 	 1.92260597043542E-5 	 1.3653244156338128E-5 	 8.978013525371925E-4 	 2.076491868505696E-6 	 1.92260597043542E-5 	 1.3653244156338128E-5 	 8.978013525371925E-4 	 2.076491868505696E-6 	 
0.7200000000000002 	 1.618789596847738E-5 	 1.149864349495633E-5 	 7.008319930262963E-4 	 1.7305105177239202E-6 	 1.618789596847738E-5 	 1.149864349495633E-5 	 7.008319930262963E-4 	 1.7305105177239202E-6 	 1.618789596847738E-5 	 1.149864349495633E-5 	 7.008319930262963E-4 	 1.7305105177239202E-6 	 1.618789596847738E-5 	 1.149864349495633E-5 	 7.008319930262963E-4 	 1.7305105177239202E-6 	 
0.7440000000000002 	 1.5562497920883985E-5 	 1.1067868861798778E-5 	 7.203965111956739E-4 	 1.622084099002306E-6 	 1.5562497920883985E-5 	 1.1067868861798778E-5 	 7.203965111956739E-4 	 1.622084099002306E-6 	 1.5562497920883985E-5 	 1.1067868861798778E-5 	 7.203965111956739E-4 	 1.622084099002306E-6 	 1.5562497920883985E-5 	 1.1067868861798778E-5 	 7.203965111956739E-4 	 1.622084099002306E-6 	 
0.7680000000000002 	 1.4918034047233398E-5 	 1.0640284916556576E-5 	 7.005718715932012E-4 	 1.5849966418188006E-6 	 1.4918034047233398E-5 	 1.0640284916556576E-5 	 7.005718715932012E-4 	 1.5849966418188006E-6 	 1.4918034047233398E-5 	 1.0640284916556576E-5 	 7.005718715932012E-4 	 1.5849966418188006E-6 	 1.4918034047233398E-5 	 1.0640284916556576E-5 	 7.005718715932012E-4 	 1.5849966418188006E-6 	 
0.7920000000000003 	 1.3667134134406043E-5 	 9.701464396267363E-6 	 6.609565132148328E-4 	 1.4952117947207436E-6 	 1.3667134134406043E-5 	 9.701464396267363E-6 	 6.609565132148328E-4 	 1.4952117947207436E-6 	 1.3667134134406043E-5 	 9.701464396267363E-6 	 6.609565132148328E-4 	 1.4952117947207436E-6 	 1.3667134134406043E-5 	 9.701464396267363E-6 	 6.609565132148328E-4 	 1.4952117947207436E-6 	 
0.8160000000000003 	 1.119434724118435E-5 	 7.970324703381009E-6 	 5.229066644207988E-4 	 1.201214316175249E-6 	 1.119434724118435E-5 	 7.970324703381009E-6 	 5.229066644207988E-4 	 1.201214316175249E-6 	 1.119434724118435E-5 	 7.970324703381009E-6 	 5.229066644207988E-4 	 1.201214316175249E-6 	 1.119434724118435E-5 	 7.970324703381009E-6 	 5.229066644207988E-4 	 1.201214316175249E-6 	 
0.8399999999999999 	 9.003919953416449E-6 	 6.442842120363531E-6 	 3.752794586693355E-4 	 9.258504830298228E-7 	 9.003919953416449E-6 	 6.442842120363531E-6 	 3.752794586693355E-4 	 9.258504830298228E-7 	 9.003919953416449E-6 	 6.442842120363531E-6 	 3.752794586693355E-4 	 9.258504830298228E-7 	 9.003919953416449E-6 	 6.442842120363531E-6 	 3.752794586693355E-4 	 9.258504830298228E-7 	 
0.8639999999999999 	 1.0132837039229611E-5 	 7.247634688013366E-6 	 4.933711272079735E-4 	 1.0665151060440578E-6 	 1.0132837039229611E-5 	 7.247634688013366E-6 	 4.933711272079735E-4 	 1.0665151060440578E-6 	 1.0132837039229611E-5 	 7.247634688013366E-6 	 4.933711272079735E-4 	 1.0665151060440578E-6 	 1.0132837039229611E-5 	 7.247634688013366E-6 	 4.933711272079735E-4 	 1.0665151060440578E-6 	 
0.8879999999999999 	 9.720669832859945E-6 	 6.919340705670028E-6 	 4.931718269266084E-4 	 1.0647808165262106E-6 	 9.720669832859945E-6 	 6.919340705670028E-6 	 4.931718269266084E-4 	 1.0647808165262106E-6 	 9.720669832859945E-6 	 6.919340705670028E-6 	 4.931718269266084E-4 	 1.0647808165262106E-6 	 9.720669832859945E-6 	 6.919340705670028E-6 	 4.931718269266084E-4 	 1.0647808165262106E-6 	 
0.9119999999999999 	 7.441330336351678E-6 	 5.308626325897638E-6 	 3.5521690241032577E-4 	 8.024623920608449E-7 	 7.441330336351678E-6 	 5.308626325897638E-6 	 3.5521690241032577E-4 	 8.024623920608449E-7 	 7.441330336351678E-6 	 5.308626325897638E-6 	 3.5521690241032577E-4 	 8.024623920608449E-7 	 7.441330336351678E-6 	 5.308626325897638E-6 	 3.5521690241032577E-4 	 8.024623920608449E-7 	 
0.9359999999999999 	 6.655019306057276E-6 	 4.76512378903737E-6 	 3.1575248039687347E-4 	 6.93861956954193E-7 	 6.655019306057276E-6 	 4.76512378903737E-6 	 3.1575248039687347E-4 	 6.93861956954193E-7 	 6.655019306057276E-6 	 4.76512378903737E-6 	 3.1575248039687347E-4 	 6.93861956954193E-7 	 6.655019306057276E-6 	 4.76512378903737E-6 	 3.1575248039687347E-4 	 6.93861956954193E-7 	 
0.96 	 5.841250412624548E-6 	 4.207556125426445E-6 	 2.7639431057310983E-4 	 6.132336619685953E-7 	 5.841250412624548E-6 	 4.207556125426445E-6 	 2.7639431057310983E-4 	 6.132336619685953E-7 	 5.841250412624548E-6 	 4.207556125426445E-6 	 2.7639431057310983E-4 	 6.132336619685953E-7 	 5.841250412624548E-6 	 4.207556125426445E-6 	 2.7639431057310983E-4 	 6.132336619685953E-7 	 
0.984 	 6.742914503654614E-6 	 4.800245132571499E-6 	 3.6484862492362004E-4 	 7.286213385110397E-7 	 6.742914503654614E-6 	 4.800245132571499E-6 	 3.6484862492362004E-4 	 7.286213385110397E-7 	 6.742914503654614E-6 	 4.800245132571499E-6 	 3.6484862492362004E-4 	 7.286213385110397E-7 	 6.742914503654614E-6 	 4.800245132571499E-6 	 3.6484862492362004E-4 	 7.286213385110397E-7 	 
1.008 	 4.672769493059028E-6 	 3.3327018702473934E-6 	 2.4654104062007514E-4 	 5.081838652849971E-7 	 4.672769493059028E-6 	 3.3327018702473934E-6 	 2.4654104062007514E-4 	 5.081838652849971E-7 	 4.672769493059028E-6 	 3.3327018702473934E-6 	 2.4654104062007514E-4 	 5.081838652849971E-7 	 4.672769493059028E-6 	 3.3327018702473934E-6 	 2.4654104062007514E-4 	 5.081838652849971E-7 	 
1.032 	 3.372441802499329E-6 	 2.429059207642339E-6 	 1.5792891182841225E-4 	 3.5909140421973314E-7 	 3.372441802499329E-6 	 2.429059207642339E-6 	 1.5792891182841225E-4 	 3.5909140421973314E-7 	 3.372441802499329E-6 	 2.429059207642339E-6 	 1.5792891182841225E-4 	 3.5909140421973314E-7 	 3.372441802499329E-6 	 2.429059207642339E-6 	 1.5792891182841225E-4 	 3.5909140421973314E-7 	 
1.056 	 3.6976812956368995E-6 	 2.613139274238873E-6 	 1.9719042901875826E-4 	 4.0229853512864845E-7 	 3.6976812956368995E-6 	 2.613139274238873E-6 	 1.9719042901875826E-4 	 4.0229853512864845E-7 	 3.6976812956368995E-6 	 2.613139274238873E-6 	 1.9719042901875826E-4 	 4.0229853512864845E-7 	 3.6976812956368995E-6 	 2.613139274238873E-6 	 1.9719042901875826E-4 	 4.0229853512864845E-7 	 
1.08 	 2.1889720104720854E-6 	 1.5750050451995427E-6 	 9.874186467829317E-5 	 2.2074548337095171E-7 	 2.1889720104720854E-6 	 1.5750050451995427E-6 	 9.874186467829317E-5 	 2.2074548337095171E-7 	 2.1889720104720854E-6 	 1.5750050451995427E-6 	 9.874186467829317E-5 	 2.2074548337095171E-7 	 2.1889720104720854E-6 	 1.5750050451995427E-6 	 9.874186467829317E-5 	 2.2074548337095171E-7 	 
1.104 	 2.7382648881911294E-6 	 1.9452997292802904E-6 	 1.479065417555974E-4 	 3.02288442918637E-7 	 2.7382648881911294E-6 	 1.9452997292802904E-6 	 1.479065417555974E-4 	 3.02288442918637E-7 	 2.7382648881911294E-6 	 1.9452997292802904E-6 	 1.479065417555974E-4 	 3.02288442918637E-7 	 2.7382648881911294E-6 	 1.9452997292802904E-6 	 1.479065417555974E-4 	 3.02288442918637E-7 	 
1.1280000000000001 	 1.8924909740633307E-6 	 1.3439945354255902E-6 	 9.861369870369574E-5 	 2.0654894394467484E-7 	 1.8924909740633307E-6 	 1.3439945354255902E-6 	 9.861369870369574E-5 	 2.0654894394467484E-7 	 1.8924909740633307E-6 	 1.3439945354255902E-6 	 9.861369870369574E-5 	 2.0654894394467484E-7 	 1.8924909740633307E-6 	 1.3439945354255902E-6 	 9.861369870369574E-5 	 2.0654894394467484E-7 	 
1.1520000000000001 	 1.3500660303199934E-6 	 9.645370899596998E-7 	 5.922694764664027E-5 	 1.3980150380865523E-7 	 1.3500660303199934E-6 	 9.645370899596998E-7 	 5.922694764664027E-5 	 1.3980150380865523E-7 	 1.3500660303199934E-6 	 9.645370899596998E-7 	 5.922694764664027E-5 	 1.3980150380865523E-7 	 1.3500660303199934E-6 	 9.645370899596998E-7 	 5.922694764664027E-5 	 1.3980150380865523E-7 	 
1.1760000000000002 	 1.249395585012133E-6 	 8.972208171656667E-7 	 5.9222940504612615E-5 	 1.2692874123869851E-7 	 1.249395585012133E-6 	 8.972208171656667E-7 	 5.9222940504612615E-5 	 1.2692874123869851E-7 	 1.249395585012133E-6 	 8.972208171656667E-7 	 5.9222940504612615E-5 	 1.2692874123869851E-7 	 1.249395585012133E-6 	 8.972208171656667E-7 	 5.9222940504612615E-5 	 1.2692874123869851E-7 	 
1.2000000000000002 	 1.358158787899142E-6 	 9.70744227483268E-7 	 6.905774531884944E-5 	 1.4055772135584818E-7 	 1.358158787899142E-6 	 9.70744227483268E-7 	 6.905774531884944E-5 	 1.4055772135584818E-7 	 1.358158787899142E-6 	 9.70744227483268E-7 	 6.905774531884944E-5 	 1.4055772135584818E-7 	 1.358158787899142E-6 	 9.70744227483268E-7 	 6.905774531884944E-5 	 1.4055772135584818E-7 	 
1.2240000000000002 	 1.2310453688143351E-6 	 8.67078254535496E-7 	 6.899661311272293E-5 	 1.4326194909203559E-7 	 1.2310453688143351E-6 	 8.67078254535496E-7 	 6.899661311272293E-5 	 1.4326194909203559E-7 	 1.2310453688143351E-6 	 8.67078254535496E-7 	 6.899661311272293E-5 	 1.4326194909203559E-7 	 1.2310453688143351E-6 	 8.67078254535496E-7 	 6.899661311272293E-5 	 1.4326194909203559E-7 	 
1.2480000000000002 	 5.47338265896629E-7 	 3.9859027872386967E-7 	 1.9779275488276697E-5 	 6.6016198992919E-8 	 5.47338265896629E-7 	 3.9859027872386967E-7 	 1.9779275488276697E-5 	 6.6016198992919E-8 	 5.47338265896629E-7 	 3.9859027872386967E-7 	 1.9779275488276697E-5 	 6.6016198992919E-8 	 5.47338265896629E-7 	 3.9859027872386967E-7 	 1.9779275488276697E-5 	 6.6016198992919E-8 	 
1.2720000000000002 	 7.777791580668621E-7 	 5.570166398328662E-7 	 3.944085968323645E-5 	 8.477235978996232E-8 	 7.777791580668621E-7 	 5.570166398328662E-7 	 3.944085968323645E-5 	 8.477235978996232E-8 	 7.777791580668621E-7 	 5.570166398328662E-7 	 3.944085968323645E-5 	 8.477235978996232E-8 	 7.777791580668621E-7 	 5.570166398328662E-7 	 3.944085968323645E-5 	 8.477235978996232E-8 	 
1.2960000000000003 	 4.050626757200365E-7 	 3.0669642347385306E-7 	 9.953480275449669E-6 	 3.125803086666195E-8 	 4.050626757200365E-7 	 3.0669642347385306E-7 	 9.953480275449669E-6 	 3.125803086666195E-8 	 4.050626757200365E-7 	 3.0669642347385306E-7 	 9.953480275449669E-6 	 3.125803086666195E-8 	 4.050626757200365E-7 	 3.0669642347385306E-7 	 9.953480275449669E-6 	 3.125803086666195E-8 	 
1.3200000000000003 	 1.1694696987311082E-6 	 8.289723150152226E-7 	 6.899538487858263E-5 	 1.246858602220661E-7 	 1.1694696987311082E-6 	 8.289723150152226E-7 	 6.899538487858263E-5 	 1.246858602220661E-7 	 1.1694696987311082E-6 	 8.289723150152226E-7 	 6.899538487858263E-5 	 1.246858602220661E-7 	 1.1694696987311082E-6 	 8.289723150152226E-7 	 6.899538487858263E-5 	 1.246858602220661E-7 	 
1.3440000000000003 	 6.510016549375869E-7 	 4.592938683757814E-7 	 3.942366642632675E-5 	 7.064210405572293E-8 	 6.510016549375869E-7 	 4.592938683757814E-7 	 3.942366642632675E-5 	 7.064210405572293E-8 	 6.510016549375869E-7 	 4.592938683757814E-7 	 3.942366642632675E-5 	 7.064210405572293E-8 	 6.510016549375869E-7 	 4.592938683757814E-7 	 3.942366642632675E-5 	 7.064210405572293E-8 	 
1.3680000000000003 	 3.4770011941054414E-7 	 2.41356318625229E-7 	 1.9706600862796487E-5 	 3.8075017526932126E-8 	 3.4770011941054414E-7 	 2.41356318625229E-7 	 1.9706600862796487E-5 	 3.8075017526932126E-8 	 3.4770011941054414E-7 	 2.41356318625229E-7 	 1.9706600862796487E-5 	 3.8075017526932126E-8 	 3.4770011941054414E-7 	 2.41356318625229E-7 	 1.9706600862796487E-5 	 3.8075017526932126E-8 	 
1.3920000000000003 	 6.626456961386163E-8 	 4.810039355553721E-8 	 1.3378936210118702E-8 	 8.696544224124754E-9 	 6.626456961386163E-8 	 4.810039355553721E-8 	 1.3378936210118702E-8 	 8.696544224124754E-9 	 6.626456961386163E-8 	 4.810039355553721E-8 	 1.3378936210118702E-8 	 8.696544224124754E-9 	 6.626456961386163E-8 	 4.810039355553721E-8 	 1.3378936210118702E-8 	 8.696544224124754E-9 	 
1.4160000000000004 	 9.218527893530799E-8 	 6.996554954208651E-8 	 2.809651805366887E-8 	 1.197433058017898E-8 	 9.218527893530799E-8 	 6.996554954208651E-8 	 2.809651805366887E-8 	 1.197433058017898E-8 	 9.218527893530799E-8 	 6.996554954208651E-8 	 2.809651805366887E-8 	 1.197433058017898E-8 	 9.218527893530799E-8 	 6.996554954208651E-8 	 2.809651805366887E-8 	 1.197433058017898E-8 	 
1.4400000000000004 	 2.250910209276297E-7 	 1.61801434689256E-7 	 9.87305040803238E-6 	 1.9599355692389103E-8 	 2.250910209276297E-7 	 1.61801434689256E-7 	 9.87305040803238E-6 	 1.9599355692389103E-8 	 2.250910209276297E-7 	 1.61801434689256E-7 	 9.87305040803238E-6 	 1.9599355692389103E-8 	 2.250910209276297E-7 	 1.61801434689256E-7 	 9.87305040803238E-6 	 1.9599355692389103E-8 	 
1.4640000000000004 	 2.2763916695716177E-7 	 1.6973388383021913E-7 	 9.888525361904229E-6 	 2.0389944458850517E-8 	 2.2763916695716177E-7 	 1.6973388383021913E-7 	 9.888525361904229E-6 	 2.0389944458850517E-8 	 2.2763916695716177E-7 	 1.6973388383021913E-7 	 9.888525361904229E-6 	 2.0389944458850517E-8 	 2.2763916695716177E-7 	 1.6973388383021913E-7 	 9.888525361904229E-6 	 2.0389944458850517E-8 	 
1.4880000000000004 	 4.697067211470778E-7 	 3.304857501519029E-7 	 2.9558303284029456E-5 	 5.545899415873141E-8 	 4.697067211470778E-7 	 3.304857501519029E-7 	 2.9558303284029456E-5 	 5.545899415873141E-8 	 4.697067211470778E-7 	 3.304857501519029E-7 	 2.9558303284029456E-5 	 5.545899415873141E-8 	 4.697067211470778E-7 	 3.304857501519029E-7 	 2.9558303284029456E-5 	 5.545899415873141E-8 	 
1.5120000000000005 	 1.5510505577424092E-7 	 1.0863093287621998E-7 	 9.850507868382163E-6 	 1.8475640300510164E-8 	 1.5510505577424092E-7 	 1.0863093287621998E-7 	 9.850507868382163E-6 	 1.8475640300510164E-8 	 1.5510505577424092E-7 	 1.0863093287621998E-7 	 9.850507868382163E-6 	 1.8475640300510164E-8 	 1.5510505577424092E-7 	 1.0863093287621998E-7 	 9.850507868382163E-6 	 1.8475640300510164E-8 	 
1.5360000000000005 	 2.70000009743945E-8 	 1.9585690803517253E-8 	 3.4026756934194663E-9 	 1.914347226192716E-9 	 2.70000009743945E-8 	 1.9585690803517253E-8 	 3.4026756934194663E-9 	 1.914347226192716E-9 	 2.70000009743945E-8 	 1.9585690803517253E-8 	 3.4026756934194663E-9 	 1.914347226192716E-9 	 2.70000009743945E-8 	 1.9585690803517253E-8 	 3.4026756934194663E-9 	 1.914347226192716E-9 	 
1.5600000000000005 	 3.6327550782502975E-8 	 2.6147687709774044E-8 	 1.2502660275621008E-8 	 3.2730981017705036E-9 	 3.6327550782502975E-8 	 2.6147687709774044E-8 	 1.2502660275621008E-8 	 3.2730981017705036E-9 	 3.6327550782502975E-8 	 2.6147687709774044E-8 	 1.2502660275621008E-8 	 3.2730981017705036E-9 	 3.6327550782502975E-8 	 2.6147687709774044E-8 	 1.2502660275621008E-8 	 3.2730981017705036E-9 	 
1.5840000000000005 	 1.4957519926284925E-7 	 1.0463319180668824E-7 	 9.848950231170946E-6 	 1.738882842967743E-8 	 1.4957519926284925E-7 	 1.0463319180668824E-7 	 9.848950231170946E-6 	 1.738882842967743E-8 	 1.4957519926284925E-7 	 1.0463319180668824E-7 	 9.848950231170946E-6 	 1.738882842967743E-8 	 1.4957519926284925E-7 	 1.0463319180668824E-7 	 9.848950231170946E-6 	 1.738882842967743E-8 	 
1.6080000000000005 	 1.536933867468868E-8 	 9.203992532401313E-9 	 1.6836073694996424E-9 	 1.0868226379558297E-9 	 1.536933867468868E-8 	 9.203992532401313E-9 	 1.6836073694996424E-9 	 1.0868226379558297E-9 	 1.536933867468868E-8 	 9.203992532401313E-9 	 1.6836073694996424E-9 	 1.0868226379558297E-9 	 1.536933867468868E-8 	 9.203992532401313E-9 	 1.6836073694996424E-9 	 1.0868226379558297E-9 	 
1.6319999999999997 	 1.377298501593805E-8 	 9.146865985723739E-9 	 1.8055852984034958E-9 	 0.0 	 1.377298501593805E-8 	 9.146865985723739E-9 	 1.8055852984034958E-9 	 0.0 	 1.377298501593805E-8 	 9.146865985723739E-9 	 1.8055852984034958E-9 	 0.0 	 1.377298501593805E-8 	 9.146865985723739E-9 	 1.8055852984034958E-9 	 0.0 	 
1.6559999999999997 	 1.3768270056693374E-8 	 1.0411235832931958E-8 	 3.1576076290687446E-9 	 3.2604356124982083E-9 	 1.3768270056693374E-8 	 1.0411235832931958E-8 	 3.1576076290687446E-9 	 3.2604356124982083E-9 	 1.3768270056693374E-8 	 1.0411235832931958E-8 	 3.1576076290687446E-9 	 3.2604356124982083E-9 	 1.3768270056693374E-8 	 1.0411235832931958E-8 	 3.1576076290687446E-9 	 3.2604356124982083E-9 	 
1.6799999999999997 	 2.0587367219397123E-8 	 1.3584433189471179E-8 	 4.313169107687906E-9 	 2.1736237416654722E-9 	 2.0587367219397123E-8 	 1.3584433189471179E-8 	 4.313169107687906E-9 	 2.1736237416654722E-9 	 2.0587367219397123E-8 	 1.3584433189471179E-8 	 4.313169107687906E-9 	 2.1736237416654722E-9 	 2.0587367219397123E-8 	 1.3584433189471179E-8 	 4.313169107687906E-9 	 2.1736237416654722E-9 	 
1.7039999999999997 	 1.734586003276049E-8 	 1.3354949484814057E-8 	 4.495642606947529E-9 	 0.0 	 1.734586003276049E-8 	 1.3354949484814057E-8 	 4.495642606947529E-9 	 0.0 	 1.734586003276049E-8 	 1.3354949484814057E-8 	 4.495642606947529E-9 	 0.0 	 1.734586003276049E-8 	 1.3354949484814057E-8 	 4.495642606947529E-9 	 0.0 	 
1.7279999999999998 	 2.6246141840644827E-8 	 2.217231820396536E-8 	 1.389663056383557E-8 	 3.2604248455884515E-9 	 2.6246141840644827E-8 	 2.217231820396536E-8 	 1.389663056383557E-8 	 3.2604248455884515E-9 	 2.6246141840644827E-8 	 2.217231820396536E-8 	 1.389663056383557E-8 	 3.2604248455884515E-9 	 2.6246141840644827E-8 	 2.217231820396536E-8 	 1.389663056383557E-8 	 3.2604248455884515E-9 	 
1.7519999999999998 	 1.5510505577424092E-7 	 1.0863093287621998E-7 	 9.850507868382163E-6 	 1.8475640300510164E-8 	 1.5510505577424092E-7 	 1.0863093287621998E-7 	 9.850507868382163E-6 	 1.8475640300510164E-8 	 1.5510505577424092E-7 	 1.0863093287621998E-7 	 9.850507868382163E-6 	 1.8475640300510164E-8 	 1.5510505577424092E-7 	 1.0863093287621998E-7 	 9.850507868382163E-6 	 1.8475640300510164E-8 	 
1.7759999999999998 	 1.0926658564208586E-8 	 8.802800016299424E-9 	 2.9322157739652962E-9 	 0.0 	 1.0926658564208586E-8 	 8.802800016299424E-9 	 2.9322157739652962E-9 	 0.0 	 1.0926658564208586E-8 	 8.802800016299424E-9 	 2.9322157739652962E-9 	 0.0 	 1.0926658564208586E-8 	 8.802800016299424E-9 	 2.9322157739652962E-9 	 0.0 	 
1.7999999999999998 	 2.000084965014641E-8 	 1.705798742189406E-8 	 1.2059057810375875E-8 	 1.0868011039229793E-9 	 2.000084965014641E-8 	 1.705798742189406E-8 	 1.2059057810375875E-8 	 1.0868011039229793E-9 	 2.000084965014641E-8 	 1.705798742189406E-8 	 1.2059057810375875E-8 	 1.0868011039229793E-9 	 2.000084965014641E-8 	 1.705798742189406E-8 	 1.2059057810375875E-8 	 1.0868011039229793E-9 	 
1.8239999999999998 	 1.420522213966543E-7 	 9.933628675582758E-8 	 9.847630196295338E-6 	 1.6302016558844692E-8 	 1.420522213966543E-7 	 9.933628675582758E-8 	 9.847630196295338E-6 	 1.6302016558844692E-8 	 1.420522213966543E-7 	 9.933628675582758E-8 	 9.847630196295338E-6 	 1.6302016558844692E-8 	 1.420522213966543E-7 	 9.933628675582758E-8 	 9.847630196295338E-6 	 1.6302016558844692E-8 	 
1.8479999999999999 	 0.0 	 0.0 	 0.0 	 0.0 	 0.0 	 0.0 	 0.0 	 0.0 	 0.0 	 0.0 	 0.0 	 0.0 	 0.0 	 0.0 	 0.0 	 0.0 	 
1.8719999999999999 	 0.0 	 0.0 	 0.0 	 0.0 	 0.0 	 0.0 	 0.0 	 0.0 	 0.0 	 0.0 	 0.0 	 0.0 	 0.0 	 0.0 	 0.0 	 0.0 	 
1.896 	 0.0 	 0.0 	 0.0 	 0.0 	 0.0 	 0.0 	 0.0 	 0.0 	 0.0 	 0.0 	 0.0 	 0.0 	 0.0 	 0.0 	 0.0 	 0.0 	 
1.92 	 0.0 	 0.0 	 0.0 	 0.0 	 0.0 	 0.0 	 0.0 	 0.0 	 0.0 	 0.0 	 0.0 	 0.0 	 0.0 	 0.0 	 0.0 	 0.0 	 
1.944 	 0.0 	 0.0 	 0.0 	 0.0 	 0.0 	 0.0 	 0.0 	 0.0 	 0.0 	 0.0 	 0.0 	 0.0 	 0.0 	 0.0 	 0.0 	 0.0 	 
1.968 	 0.0 	 0.0 	 0.0 	 0.0 	 0.0 	 0.0 	 0.0 	 0.0 	 0.0 	 0.0 	 0.0 	 0.0 	 0.0 	 0.0 	 0.0 	 0.0 	 
1.992 	 0.0 	 0.0 	 0.0 	 0.0 	 0.0 	 0.0 	 0.0 	 0.0 	 0.0 	 0.0 	 0.0 	 0.0 	 0.0 	 0.0 	 0.0 	 0.0 	 
2.016 	 0.0 	 0.0 	 0.0 	 0.0 	 0.0 	 0.0 	 0.0 	 0.0 	 0.0 	 0.0 	 0.0 	 0.0 	 0.0 	 0.0 	 0.0 	 0.0 	 
2.04 	 0.0 	 0.0 	 0.0 	 0.0 	 0.0 	 0.0 	 0.0 	 0.0 	 0.0 	 0.0 	 0.0 	 0.0 	 0.0 	 0.0 	 0.0 	 0.0 	 
2.064 	 0.0 	 0.0 	 0.0 	 0.0 	 0.0 	 0.0 	 0.0 	 0.0 	 0.0 	 0.0 	 0.0 	 0.0 	 0.0 	 0.0 	 0.0 	 0.0 	 
2.088 	 0.0 	 0.0 	 0.0 	 0.0 	 0.0 	 0.0 	 0.0 	 0.0 	 0.0 	 0.0 	 0.0 	 0.0 	 0.0 	 0.0 	 0.0 	 0.0 	 
2.112 	 0.0 	 0.0 	 0.0 	 0.0 	 0.0 	 0.0 	 0.0 	 0.0 	 0.0 	 0.0 	 0.0 	 0.0 	 0.0 	 0.0 	 0.0 	 0.0 	 
2.136 	 0.0 	 0.0 	 0.0 	 0.0 	 0.0 	 0.0 	 0.0 	 0.0 	 0.0 	 0.0 	 0.0 	 0.0 	 0.0 	 0.0 	 0.0 	 0.0 	 
2.16 	 0.0 	 0.0 	 0.0 	 0.0 	 0.0 	 0.0 	 0.0 	 0.0 	 0.0 	 0.0 	 0.0 	 0.0 	 0.0 	 0.0 	 0.0 	 0.0 	 
2.184 	 0.0 	 0.0 	 0.0 	 0.0 	 0.0 	 0.0 	 0.0 	 0.0 	 0.0 	 0.0 	 0.0 	 0.0 	 0.0 	 0.0 	 0.0 	 0.0 	 
2.208 	 0.0 	 0.0 	 0.0 	 0.0 	 0.0 	 0.0 	 0.0 	 0.0 	 0.0 	 0.0 	 0.0 	 0.0 	 0.0 	 0.0 	 0.0 	 0.0 	 
2.232 	 0.0 	 0.0 	 0.0 	 0.0 	 0.0 	 0.0 	 0.0 	 0.0 	 0.0 	 0.0 	 0.0 	 0.0 	 0.0 	 0.0 	 0.0 	 0.0 	 
2.2560000000000002 	 0.0 	 0.0 	 0.0 	 0.0 	 0.0 	 0.0 	 0.0 	 0.0 	 0.0 	 0.0 	 0.0 	 0.0 	 0.0 	 0.0 	 0.0 	 0.0 	 
2.2800000000000002 	 0.0 	 0.0 	 0.0 	 0.0 	 0.0 	 0.0 	 0.0 	 0.0 	 0.0 	 0.0 	 0.0 	 0.0 	 0.0 	 0.0 	 0.0 	 0.0 	 
2.3040000000000003 	 0.0 	 0.0 	 0.0 	 0.0 	 0.0 	 0.0 	 0.0 	 0.0 	 0.0 	 0.0 	 0.0 	 0.0 	 0.0 	 0.0 	 0.0 	 0.0 	 
2.3280000000000003 	 0.0 	 0.0 	 0.0 	 0.0 	 0.0 	 0.0 	 0.0 	 0.0 	 0.0 	 0.0 	 0.0 	 0.0 	 0.0 	 0.0 	 0.0 	 0.0 	 
2.3520000000000003 	 0.0 	 0.0 	 0.0 	 0.0 	 0.0 	 0.0 	 0.0 	 0.0 	 0.0 	 0.0 	 0.0 	 0.0 	 0.0 	 0.0 	 0.0 	 0.0 	 
2.3760000000000003 	 0.0 	 0.0 	 0.0 	 0.0 	 0.0 	 0.0 	 0.0 	 0.0 	 0.0 	 0.0 	 0.0 	 0.0 	 0.0 	 0.0 	 0.0 	 0.0 	 
2.4000000000000004 	 0.0 	 0.0 	 0.0 	 0.0 	 0.0 	 0.0 	 0.0 	 0.0 	 0.0 	 0.0 	 0.0 	 0.0 	 0.0 	 0.0 	 0.0 	 0.0 	 
2.4240000000000004 	 0.0 	 0.0 	 0.0 	 0.0 	 0.0 	 0.0 	 0.0 	 0.0 	 0.0 	 0.0 	 0.0 	 0.0 	 0.0 	 0.0 	 0.0 	 0.0 	 
2.4480000000000004 	 0.0 	 0.0 	 0.0 	 0.0 	 0.0 	 0.0 	 0.0 	 0.0 	 0.0 	 0.0 	 0.0 	 0.0 	 0.0 	 0.0 	 0.0 	 0.0 	 
2.4720000000000004 	 0.0 	 0.0 	 0.0 	 0.0 	 0.0 	 0.0 	 0.0 	 0.0 	 0.0 	 0.0 	 0.0 	 0.0 	 0.0 	 0.0 	 0.0 	 0.0 	 
2.4960000000000004 	 0.0 	 0.0 	 0.0 	 0.0 	 0.0 	 0.0 	 0.0 	 0.0 	 0.0 	 0.0 	 0.0 	 0.0 	 0.0 	 0.0 	 0.0 	 0.0 	 
2.5200000000000005 	 0.0 	 0.0 	 0.0 	 0.0 	 0.0 	 0.0 	 0.0 	 0.0 	 0.0 	 0.0 	 0.0 	 0.0 	 0.0 	 0.0 	 0.0 	 0.0 	 
2.5440000000000005 	 0.0 	 0.0 	 0.0 	 0.0 	 0.0 	 0.0 	 0.0 	 0.0 	 0.0 	 0.0 	 0.0 	 0.0 	 0.0 	 0.0 	 0.0 	 0.0 	 
2.5680000000000005 	 0.0 	 0.0 	 0.0 	 0.0 	 0.0 	 0.0 	 0.0 	 0.0 	 0.0 	 0.0 	 0.0 	 0.0 	 0.0 	 0.0 	 0.0 	 0.0 	 
2.5920000000000005 	 0.0 	 0.0 	 0.0 	 0.0 	 0.0 	 0.0 	 0.0 	 0.0 	 0.0 	 0.0 	 0.0 	 0.0 	 0.0 	 0.0 	 0.0 	 0.0 	 
2.6160000000000005 	 0.0 	 0.0 	 0.0 	 0.0 	 0.0 	 0.0 	 0.0 	 0.0 	 0.0 	 0.0 	 0.0 	 0.0 	 0.0 	 0.0 	 0.0 	 0.0 	 
2.6399999999999997 	 0.0 	 0.0 	 0.0 	 0.0 	 0.0 	 0.0 	 0.0 	 0.0 	 0.0 	 0.0 	 0.0 	 0.0 	 0.0 	 0.0 	 0.0 	 0.0 	 
2.6639999999999997 	 0.0 	 0.0 	 0.0 	 0.0 	 0.0 	 0.0 	 0.0 	 0.0 	 0.0 	 0.0 	 0.0 	 0.0 	 0.0 	 0.0 	 0.0 	 0.0 	 
2.6879999999999997 	 0.0 	 0.0 	 0.0 	 0.0 	 0.0 	 0.0 	 0.0 	 0.0 	 0.0 	 0.0 	 0.0 	 0.0 	 0.0 	 0.0 	 0.0 	 0.0 	 
2.7119999999999997 	 0.0 	 0.0 	 0.0 	 0.0 	 0.0 	 0.0 	 0.0 	 0.0 	 0.0 	 0.0 	 0.0 	 0.0 	 0.0 	 0.0 	 0.0 	 0.0 	 
2.7359999999999998 	 0.0 	 0.0 	 0.0 	 0.0 	 0.0 	 0.0 	 0.0 	 0.0 	 0.0 	 0.0 	 0.0 	 0.0 	 0.0 	 0.0 	 0.0 	 0.0 	 
2.76 	 0.0 	 0.0 	 0.0 	 0.0 	 0.0 	 0.0 	 0.0 	 0.0 	 0.0 	 0.0 	 0.0 	 0.0 	 0.0 	 0.0 	 0.0 	 0.0 	 
2.784 	 0.0 	 0.0 	 0.0 	 0.0 	 0.0 	 0.0 	 0.0 	 0.0 	 0.0 	 0.0 	 0.0 	 0.0 	 0.0 	 0.0 	 0.0 	 0.0 	 
2.808 	 0.0 	 0.0 	 0.0 	 0.0 	 0.0 	 0.0 	 0.0 	 0.0 	 0.0 	 0.0 	 0.0 	 0.0 	 0.0 	 0.0 	 0.0 	 0.0 	 
2.832 	 0.0 	 0.0 	 0.0 	 0.0 	 0.0 	 0.0 	 0.0 	 0.0 	 0.0 	 0.0 	 0.0 	 0.0 	 0.0 	 0.0 	 0.0 	 0.0 	 
2.856 	 0.0 	 0.0 	 0.0 	 0.0 	 0.0 	 0.0 	 0.0 	 0.0 	 0.0 	 0.0 	 0.0 	 0.0 	 0.0 	 0.0 	 0.0 	 0.0 	 
2.88 	 0.0 	 0.0 	 0.0 	 0.0 	 0.0 	 0.0 	 0.0 	 0.0 	 0.0 	 0.0 	 0.0 	 0.0 	 0.0 	 0.0 	 0.0 	 0.0 	 
2.904 	 0.0 	 0.0 	 0.0 	 0.0 	 0.0 	 0.0 	 0.0 	 0.0 	 0.0 	 0.0 	 0.0 	 0.0 	 0.0 	 0.0 	 0.0 	 0.0 	 
2.928 	 0.0 	 0.0 	 0.0 	 0.0 	 0.0 	 0.0 	 0.0 	 0.0 	 0.0 	 0.0 	 0.0 	 0.0 	 0.0 	 0.0 	 0.0 	 0.0 	 
2.952 	 0.0 	 0.0 	 0.0 	 0.0 	 0.0 	 0.0 	 0.0 	 0.0 	 0.0 	 0.0 	 0.0 	 0.0 	 0.0 	 0.0 	 0.0 	 0.0 	 
2.976 	 0.0 	 0.0 	 0.0 	 0.0 	 0.0 	 0.0 	 0.0 	 0.0 	 0.0 	 0.0 	 0.0 	 0.0 	 0.0 	 0.0 	 0.0 	 0.0 	 
