-3.0 	 0.0 	 0.0 	 0.0 	 0.0 	 0.0 	 0.0 	 0.0 	 0.0 	 0.0 	 0.0 	 0.0 	 0.0 	 0.0 	 0.0 	 0.0 	 0.0 	 
-2.976 	 0.011070989596518836 	 0.014162571614805594 	 0.011070989596518836 	 0.014162571614805594 	 0.011070989596518836 	 0.014162571614805594 	 0.011070989596518836 	 0.014162571614805594 	 1.3960978757975937E-4 	 0.010431614360797752 	 1.3960978757975937E-4 	 0.010431614360797752 	 1.3960978757975937E-4 	 0.010431614360797752 	 1.3960978757975937E-4 	 0.010431614360797752 	 
-2.952 	 0.013618316612670685 	 0.01422849188141298 	 0.013618316612670685 	 0.01422849188141298 	 0.013618316612670685 	 0.01422849188141298 	 0.013618316612670685 	 0.01422849188141298 	 1.2534341206615353E-4 	 0.01258267543689928 	 1.2534341206615353E-4 	 0.01258267543689928 	 1.2534341206615353E-4 	 0.01258267543689928 	 1.2534341206615353E-4 	 0.01258267543689928 	 
-2.928 	 0.006050800623970365 	 0.0023435178267800735 	 0.006050800623970365 	 0.0023435178267800735 	 0.006050800623970365 	 0.0023435178267800735 	 0.006050800623970365 	 0.0023435178267800735 	 9.495421264238871E-5 	 0.00573864487347475 	 9.495421264238871E-5 	 0.00573864487347475 	 9.495421264238871E-5 	 0.00573864487347475 	 9.495421264238871E-5 	 0.00573864487347475 	 
-2.904 	 0.012351707600060494 	 0.016008474356289434 	 0.012351707600060494 	 0.016008474356289434 	 0.012351707600060494 	 0.016008474356289434 	 0.012351707600060494 	 0.016008474356289434 	 1.4024209781818156E-4 	 0.011716291804509338 	 1.4024209781818156E-4 	 0.011716291804509338 	 1.4024209781818156E-4 	 0.011716291804509338 	 1.4024209781818156E-4 	 0.011716291804509338 	 
-2.88 	 0.017218874461419002 	 0.018954083253862684 	 0.017218874461419002 	 0.018954083253862684 	 0.017218874461419002 	 0.018954083253862684 	 0.017218874461419002 	 0.018954083253862684 	 1.268611390635932E-4 	 0.015919197952508946 	 1.268611390635932E-4 	 0.015919197952508946 	 1.268611390635932E-4 	 0.015919197952508946 	 1.268611390635932E-4 	 0.015919197952508946 	 
-2.856 	 0.00960765497176339 	 0.006058540023674569 	 0.00960765497176339 	 0.006058540023674569 	 0.00960765497176339 	 0.006058540023674569 	 0.00960765497176339 	 0.006058540023674569 	 1.0314341287071418E-4 	 0.008911949756262347 	 1.0314341287071418E-4 	 0.008911949756262347 	 1.0314341287071418E-4 	 0.008911949756262347 	 1.0314341287071418E-4 	 0.008911949756262347 	 
-2.832 	 0.016027370595185237 	 0.019721560018921815 	 0.016027370595185237 	 0.019721560018921815 	 0.016027370595185237 	 0.019721560018921815 	 0.016027370595185237 	 0.019721560018921815 	 1.2756540709798467E-4 	 0.015032823428830607 	 1.2756540709798467E-4 	 0.015032823428830607 	 1.2756540709798467E-4 	 0.015032823428830607 	 1.2756540709798467E-4 	 0.015032823428830607 	 
-2.808 	 0.015349442300645546 	 0.014261101780617656 	 0.015349442300645546 	 0.014261101780617656 	 0.015349442300645546 	 0.014261101780617656 	 0.015349442300645546 	 0.014261101780617656 	 1.087922671587273E-4 	 0.014208191424457164 	 1.087922671587273E-4 	 0.014208191424457164 	 1.087922671587273E-4 	 0.014208191424457164 	 1.087922671587273E-4 	 0.014208191424457164 	 
-2.784 	 0.01644427716750006 	 0.01730845997049507 	 0.01644427716750006 	 0.01730845997049507 	 0.01644427716750006 	 0.01730845997049507 	 0.01644427716750006 	 0.01730845997049507 	 1.2277666651170068E-4 	 0.015346568805349804 	 1.2277666651170068E-4 	 0.015346568805349804 	 1.2277666651170068E-4 	 0.015346568805349804 	 1.2277666651170068E-4 	 0.015346568805349804 	 
-2.76 	 0.019011915678189474 	 0.020194382139754927 	 0.019011915678189474 	 0.020194382139754927 	 0.019011915678189474 	 0.020194382139754927 	 0.019011915678189474 	 0.020194382139754927 	 1.447348536767889E-4 	 0.017708808259218927 	 1.447348536767889E-4 	 0.017708808259218927 	 1.447348536767889E-4 	 0.017708808259218927 	 1.447348536767889E-4 	 0.017708808259218927 	 
-2.7359999999999998 	 0.020198283942619903 	 0.02082653861796284 	 0.020198283942619903 	 0.02082653861796284 	 0.020198283942619903 	 0.02082653861796284 	 0.020198283942619903 	 0.02082653861796284 	 1.484489843589171E-4 	 0.018782455149390788 	 1.484489843589171E-4 	 0.018782455149390788 	 1.484489843589171E-4 	 0.018782455149390788 	 1.484489843589171E-4 	 0.018782455149390788 	 
-2.7119999999999997 	 0.023954582992200615 	 0.025955378928897672 	 0.023954582992200615 	 0.025955378928897672 	 0.023954582992200615 	 0.025955378928897672 	 0.023954582992200615 	 0.025955378928897672 	 1.6162288622602986E-4 	 0.022232574688025177 	 1.6162288622602986E-4 	 0.022232574688025177 	 1.6162288622602986E-4 	 0.022232574688025177 	 1.6162288622602986E-4 	 0.022232574688025177 	 
-2.688 	 0.021690911516180147 	 0.020654615236431584 	 0.021690911516180147 	 0.020654615236431584 	 0.021690911516180147 	 0.020654615236431584 	 0.021690911516180147 	 0.020654615236431584 	 1.727961083345339E-4 	 0.020119367859888014 	 1.727961083345339E-4 	 0.020119367859888014 	 1.727961083345339E-4 	 0.020119367859888014 	 1.727961083345339E-4 	 0.020119367859888014 	 
-2.664 	 0.023033208383779095 	 0.023908923184229096 	 0.023033208383779095 	 0.023908923184229096 	 0.023033208383779095 	 0.023908923184229096 	 0.023033208383779095 	 0.023908923184229096 	 1.7170837223997752E-4 	 0.021512367274636176 	 1.7170837223997752E-4 	 0.021512367274636176 	 1.7170837223997752E-4 	 0.021512367274636176 	 1.7170837223997752E-4 	 0.021512367274636176 	 
-2.64 	 0.022754658003932227 	 0.022490760390597303 	 0.022754658003932227 	 0.022490760390597303 	 0.022754658003932227 	 0.022490760390597303 	 0.022754658003932227 	 0.022490760390597303 	 1.9594968320548218E-4 	 0.021289180452865625 	 1.9594968320548218E-4 	 0.021289180452865625 	 1.9594968320548218E-4 	 0.021289180452865625 	 1.9594968320548218E-4 	 0.021289180452865625 	 
-2.616 	 0.03143604703750313 	 0.0360132552520067 	 0.03143604703750313 	 0.0360132552520067 	 0.03143604703750313 	 0.0360132552520067 	 0.03143604703750313 	 0.0360132552520067 	 1.7626513555269363E-4 	 0.029336811265148068 	 1.7626513555269363E-4 	 0.029336811265148068 	 1.7626513555269363E-4 	 0.029336811265148068 	 1.7626513555269363E-4 	 0.029336811265148068 	 
-2.592 	 0.02598086763839216 	 0.022973619513160536 	 0.02598086763839216 	 0.022973619513160536 	 0.02598086763839216 	 0.022973619513160536 	 0.02598086763839216 	 0.022973619513160536 	 2.0847994923881886E-4 	 0.024218537667829186 	 2.0847994923881886E-4 	 0.024218537667829186 	 2.0847994923881886E-4 	 0.024218537667829186 	 2.0847994923881886E-4 	 0.024218537667829186 	 
-2.568 	 0.02347260364239025 	 0.022906078243414594 	 0.02347260364239025 	 0.022906078243414594 	 0.02347260364239025 	 0.022906078243414594 	 0.02347260364239025 	 0.022906078243414594 	 1.945727373974938E-4 	 0.022303215610542257 	 1.945727373974938E-4 	 0.022303215610542257 	 1.945727373974938E-4 	 0.022303215610542257 	 1.945727373974938E-4 	 0.022303215610542257 	 
-2.544 	 0.03502741249964931 	 0.04053194913761241 	 0.03502741249964931 	 0.04053194913761241 	 0.03502741249964931 	 0.04053194913761241 	 0.03502741249964931 	 0.04053194913761241 	 2.2796779913770003E-4 	 0.03298732932862036 	 2.2796779913770003E-4 	 0.03298732932862036 	 2.2796779913770003E-4 	 0.03298732932862036 	 2.2796779913770003E-4 	 0.03298732932862036 	 
-2.52 	 0.03583982469809663 	 0.035510771217508556 	 0.03583982469809663 	 0.035510771217508556 	 0.03583982469809663 	 0.035510771217508556 	 0.03583982469809663 	 0.035510771217508556 	 2.382094557934974E-4 	 0.0335767951748404 	 2.382094557934974E-4 	 0.0335767951748404 	 2.382094557934974E-4 	 0.0335767951748404 	 2.382094557934974E-4 	 0.0335767951748404 	 
-2.496 	 0.026399099013004683 	 0.022370706925001642 	 0.026399099013004683 	 0.022370706925001642 	 0.026399099013004683 	 0.022370706925001642 	 0.026399099013004683 	 0.022370706925001642 	 2.4601661537432354E-4 	 0.02532179431517541 	 2.4601661537432354E-4 	 0.02532179431517541 	 2.4601661537432354E-4 	 0.02532179431517541 	 2.4601661537432354E-4 	 0.02532179431517541 	 
-2.472 	 0.03170962719946333 	 0.03480704652480691 	 0.03170962719946333 	 0.03480704652480691 	 0.03170962719946333 	 0.03480704652480691 	 0.03170962719946333 	 0.03480704652480691 	 2.465569995377105E-4 	 0.03067574243026087 	 2.465569995377105E-4 	 0.03067574243026087 	 2.465569995377105E-4 	 0.03067574243026087 	 2.465569995377105E-4 	 0.03067574243026087 	 
-2.448 	 0.03060188524859916 	 0.02934044858178436 	 0.03060188524859916 	 0.02934044858178436 	 0.03060188524859916 	 0.02934044858178436 	 0.03060188524859916 	 0.02934044858178436 	 2.579503758499393E-4 	 0.029637839548097435 	 2.579503758499393E-4 	 0.029637839548097435 	 2.579503758499393E-4 	 0.029637839548097435 	 2.579503758499393E-4 	 0.029637839548097435 	 
-2.424 	 0.02997227750581099 	 0.029931237686301775 	 0.02997227750581099 	 0.029931237686301775 	 0.02997227750581099 	 0.029931237686301775 	 0.02997227750581099 	 0.029931237686301775 	 2.8796295101156226E-4 	 0.029312663055248708 	 2.8796295101156226E-4 	 0.029312663055248708 	 2.8796295101156226E-4 	 0.029312663055248708 	 2.8796295101156226E-4 	 0.029312663055248708 	 
-2.4 	 0.03061467873857317 	 0.030963283365360885 	 0.03061467873857317 	 0.030963283365360885 	 0.03061467873857317 	 0.030963283365360885 	 0.03061467873857317 	 0.030963283365360885 	 2.902830399218573E-4 	 0.03013117698482643 	 2.902830399218573E-4 	 0.03013117698482643 	 2.902830399218573E-4 	 0.03013117698482643 	 2.902830399218573E-4 	 0.03013117698482643 	 
-2.376 	 0.03422969826172358 	 0.036095219596116855 	 0.03422969826172358 	 0.036095219596116855 	 0.03422969826172358 	 0.036095219596116855 	 0.03422969826172358 	 0.036095219596116855 	 3.034791034508199E-4 	 0.033525037800500056 	 3.034791034508199E-4 	 0.033525037800500056 	 3.034791034508199E-4 	 0.033525037800500056 	 3.034791034508199E-4 	 0.033525037800500056 	 
-2.352 	 0.02618887557098621 	 0.02218696836657795 	 0.02618887557098621 	 0.02218696836657795 	 0.02618887557098621 	 0.02218696836657795 	 0.02618887557098621 	 0.02218696836657795 	 3.5012875189909784E-4 	 0.026196888098194725 	 3.5012875189909784E-4 	 0.026196888098194725 	 3.5012875189909784E-4 	 0.026196888098194725 	 3.5012875189909784E-4 	 0.026196888098194725 	 
-2.328 	 0.025217283182321776 	 0.02539331865242005 	 0.025217283182321776 	 0.02539331865242005 	 0.025217283182321776 	 0.02539331865242005 	 0.025217283182321776 	 0.02539331865242005 	 3.2756367787909276E-4 	 0.025656360063294734 	 3.2756367787909276E-4 	 0.025656360063294734 	 3.2756367787909276E-4 	 0.025656360063294734 	 3.2756367787909276E-4 	 0.025656360063294734 	 
-2.304 	 0.026502472593047048 	 0.026844660357498537 	 0.026502472593047048 	 0.026844660357498537 	 0.026502472593047048 	 0.026844660357498537 	 0.026502472593047048 	 0.026844660357498537 	 3.647688206680682E-4 	 0.02680636903524902 	 3.647688206680682E-4 	 0.02680636903524902 	 3.647688206680682E-4 	 0.02680636903524902 	 3.647688206680682E-4 	 0.02680636903524902 	 
-2.2800000000000002 	 0.023618421358024284 	 0.022137669465905244 	 0.023618421358024284 	 0.022137669465905244 	 0.023618421358024284 	 0.022137669465905244 	 0.023618421358024284 	 0.022137669465905244 	 3.573090655969594E-4 	 0.024119548000764626 	 3.573090655969594E-4 	 0.024119548000764626 	 3.573090655969594E-4 	 0.024119548000764626 	 3.573090655969594E-4 	 0.024119548000764626 	 
-2.2560000000000002 	 0.02361073160155667 	 0.023754628143837223 	 0.02361073160155667 	 0.023754628143837223 	 0.02361073160155667 	 0.023754628143837223 	 0.02361073160155667 	 0.023754628143837223 	 3.906923972780727E-4 	 0.02418304743124419 	 3.906923972780727E-4 	 0.02418304743124419 	 3.906923972780727E-4 	 0.02418304743124419 	 3.906923972780727E-4 	 0.02418304743124419 	 
-2.232 	 0.021176743031408 	 0.019867054980584622 	 0.021176743031408 	 0.019867054980584622 	 0.021176743031408 	 0.019867054980584622 	 0.021176743031408 	 0.019867054980584622 	 3.799791236474726E-4 	 0.02192050644443848 	 3.799791236474726E-4 	 0.02192050644443848 	 3.799791236474726E-4 	 0.02192050644443848 	 3.799791236474726E-4 	 0.02192050644443848 	 
-2.208 	 0.019865392324264663 	 0.019430809877064612 	 0.019865392324264663 	 0.019430809877064612 	 0.019865392324264663 	 0.019430809877064612 	 0.019865392324264663 	 0.019430809877064612 	 3.779996844462408E-4 	 0.020631548265174264 	 3.779996844462408E-4 	 0.020631548265174264 	 3.779996844462408E-4 	 0.020631548265174264 	 3.779996844462408E-4 	 0.020631548265174264 	 
-2.184 	 0.02038918655881379 	 0.020659807877922133 	 0.02038918655881379 	 0.020659807877922133 	 0.02038918655881379 	 0.020659807877922133 	 0.02038918655881379 	 0.020659807877922133 	 4.156415804238831E-4 	 0.02104889726908548 	 4.156415804238831E-4 	 0.02104889726908548 	 4.156415804238831E-4 	 0.02104889726908548 	 4.156415804238831E-4 	 0.02104889726908548 	 
-2.16 	 0.018345886046633748 	 0.017384016459549706 	 0.018345886046633748 	 0.017384016459549706 	 0.018345886046633748 	 0.017384016459549706 	 0.018345886046633748 	 0.017384016459549706 	 4.307731128325957E-4 	 0.019031882063723096 	 4.307731128325957E-4 	 0.019031882063723096 	 4.307731128325957E-4 	 0.019031882063723096 	 4.307731128325957E-4 	 0.019031882063723096 	 
-2.136 	 0.01623599162496655 	 0.01551879547298989 	 0.01623599162496655 	 0.01551879547298989 	 0.01623599162496655 	 0.01551879547298989 	 0.01623599162496655 	 0.01551879547298989 	 3.979550256177474E-4 	 0.017018275986050435 	 3.979550256177474E-4 	 0.017018275986050435 	 3.979550256177474E-4 	 0.017018275986050435 	 3.979550256177474E-4 	 0.017018275986050435 	 
-2.112 	 0.011972604997599926 	 0.010176726709893339 	 0.011972604997599926 	 0.010176726709893339 	 0.011972604997599926 	 0.010176726709893339 	 0.011972604997599926 	 0.010176726709893339 	 4.332233543279048E-4 	 0.013001048771512699 	 4.332233543279048E-4 	 0.013001048771512699 	 4.332233543279048E-4 	 0.013001048771512699 	 4.332233543279048E-4 	 0.013001048771512699 	 
-2.088 	 0.009001689844285647 	 0.00789318198624851 	 0.009001689844285647 	 0.00789318198624851 	 0.009001689844285647 	 0.00789318198624851 	 0.009001689844285647 	 0.00789318198624851 	 4.2386395542914977E-4 	 0.01021014900801249 	 4.2386395542914977E-4 	 0.01021014900801249 	 4.2386395542914977E-4 	 0.01021014900801249 	 4.2386395542914977E-4 	 0.01021014900801249 	 
-2.064 	 0.010726204527191504 	 0.01156597900436325 	 0.010726204527191504 	 0.01156597900436325 	 0.010726204527191504 	 0.01156597900436325 	 0.010726204527191504 	 0.01156597900436325 	 3.945334699302328E-4 	 0.011597213296709279 	 3.945334699302328E-4 	 0.011597213296709279 	 3.945334699302328E-4 	 0.011597213296709279 	 3.945334699302328E-4 	 0.011597213296709279 	 
-2.04 	 0.00838270263076582 	 0.007075864779881379 	 0.00838270263076582 	 0.007075864779881379 	 0.00838270263076582 	 0.007075864779881379 	 0.00838270263076582 	 0.007075864779881379 	 3.8819843735186336E-4 	 0.009237374108911128 	 3.8819843735186336E-4 	 0.009237374108911128 	 3.8819843735186336E-4 	 0.009237374108911128 	 3.8819843735186336E-4 	 0.009237374108911128 	 
-2.016 	 0.005889627541144695 	 0.005004100664077818 	 0.005889627541144695 	 0.005004100664077818 	 0.005889627541144695 	 0.005004100664077818 	 0.005889627541144695 	 0.005004100664077818 	 4.014840391129183E-4 	 0.006926190243903761 	 4.014840391129183E-4 	 0.006926190243903761 	 4.014840391129183E-4 	 0.006926190243903761 	 4.014840391129183E-4 	 0.006926190243903761 	 
-1.992 	 0.006319836121717149 	 0.0066312161219803266 	 0.006319836121717149 	 0.0066312161219803266 	 0.006319836121717149 	 0.0066312161219803266 	 0.006319836121717149 	 0.0066312161219803266 	 3.667806098838441E-4 	 0.007189561535196671 	 3.667806098838441E-4 	 0.007189561535196671 	 3.667806098838441E-4 	 0.007189561535196671 	 3.667806098838441E-4 	 0.007189561535196671 	 
-1.968 	 0.005173831829257146 	 0.0045890432645485325 	 0.005173831829257146 	 0.0045890432645485325 	 0.005173831829257146 	 0.0045890432645485325 	 0.005173831829257146 	 0.0045890432645485325 	 3.898988557139744E-4 	 0.005994598687473263 	 3.898988557139744E-4 	 0.005994598687473263 	 3.898988557139744E-4 	 0.005994598687473263 	 3.898988557139744E-4 	 0.005994598687473263 	 
-1.944 	 0.005219081599166903 	 0.0053996353800983615 	 0.005219081599166903 	 0.0053996353800983615 	 0.005219081599166903 	 0.0053996353800983615 	 0.005219081599166903 	 0.0053996353800983615 	 3.9123555026524497E-4 	 0.00597457097724807 	 3.9123555026524497E-4 	 0.00597457097724807 	 3.9123555026524497E-4 	 0.00597457097724807 	 3.9123555026524497E-4 	 0.00597457097724807 	 
-1.92 	 0.004793370012846903 	 0.004583715103504157 	 0.004793370012846903 	 0.004583715103504157 	 0.004793370012846903 	 0.004583715103504157 	 0.004793370012846903 	 0.004583715103504157 	 4.1936274273713975E-4 	 0.005445958068556394 	 4.1936274273713975E-4 	 0.005445958068556394 	 4.1936274273713975E-4 	 0.005445958068556394 	 4.1936274273713975E-4 	 0.005445958068556394 	 
-1.896 	 0.004203079322767728 	 0.0039618011927202304 	 0.004203079322767728 	 0.0039618011927202304 	 0.004203079322767728 	 0.0039618011927202304 	 0.004203079322767728 	 0.0039618011927202304 	 4.115841059681805E-4 	 0.0048729893304151495 	 4.115841059681805E-4 	 0.0048729893304151495 	 4.115841059681805E-4 	 0.0048729893304151495 	 4.115841059681805E-4 	 0.0048729893304151495 	 
-1.8719999999999999 	 0.0033143827850913156 	 0.002934488036029006 	 0.0033143827850913156 	 0.002934488036029006 	 0.0033143827850913156 	 0.002934488036029006 	 0.0033143827850913156 	 0.002934488036029006 	 4.130570381254765E-4 	 0.003976341195418486 	 4.130570381254765E-4 	 0.003976341195418486 	 4.130570381254765E-4 	 0.003976341195418486 	 4.130570381254765E-4 	 0.003976341195418486 	 
-1.8479999999999999 	 0.002998847228489183 	 0.0029294017302747256 	 0.002998847228489183 	 0.0029294017302747256 	 0.002998847228489183 	 0.0029294017302747256 	 0.002998847228489183 	 0.0029294017302747256 	 4.37443357996781E-4 	 0.0036641049244742706 	 4.37443357996781E-4 	 0.0036641049244742706 	 4.37443357996781E-4 	 0.0036641049244742706 	 4.37443357996781E-4 	 0.0036641049244742706 	 
-1.824 	 0.0025086648193596464 	 0.002311524227233739 	 0.0025086648193596464 	 0.002311524227233739 	 0.0025086648193596464 	 0.002311524227233739 	 0.0025086648193596464 	 0.002311524227233739 	 4.3969745600988606E-4 	 0.0031449471492912442 	 4.3969745600988606E-4 	 0.0031449471492912442 	 4.3969745600988606E-4 	 0.0031449471492912442 	 4.3969745600988606E-4 	 0.0031449471492912442 	 
-1.8 	 0.001103863949766003 	 4.6490820580011847E-4 	 0.001103863949766003 	 4.6490820580011847E-4 	 0.001103863949766003 	 4.6490820580011847E-4 	 0.001103863949766003 	 4.6490820580011847E-4 	 4.626993246143886E-4 	 0.0018268000754786135 	 4.626993246143886E-4 	 0.0018268000754786135 	 4.626993246143886E-4 	 0.0018268000754786135 	 4.626993246143886E-4 	 0.0018268000754786135 	 
-1.776 	 0.0011854448868746426 	 0.0012723248413528108 	 0.0011854448868746426 	 0.0012723248413528108 	 0.0011854448868746426 	 0.0012723248413528108 	 0.0011854448868746426 	 0.0012723248413528108 	 4.950780737554616E-4 	 0.0018512883511140534 	 4.950780737554616E-4 	 0.0018512883511140534 	 4.950780737554616E-4 	 0.0018512883511140534 	 4.950780737554616E-4 	 0.0018512883511140534 	 
-1.752 	 0.001719834582447324 	 0.0018932037148774263 	 0.001719834582447324 	 0.0018932037148774263 	 0.001719834582447324 	 0.0018932037148774263 	 0.001719834582447324 	 0.0018932037148774263 	 5.172356839004053E-4 	 0.002291922680695266 	 5.172356839004053E-4 	 0.002291922680695266 	 5.172356839004053E-4 	 0.002291922680695266 	 5.172356839004053E-4 	 0.002291922680695266 	 
-1.728 	 0.001455688081943045 	 0.0012795146015727162 	 0.001455688081943045 	 0.0012795146015727162 	 0.001455688081943045 	 0.0012795146015727162 	 0.001455688081943045 	 0.0012795146015727162 	 5.559846225868038E-4 	 0.0019766032970877827 	 5.559846225868038E-4 	 0.0019766032970877827 	 5.559846225868038E-4 	 0.0019766032970877827 	 5.559846225868038E-4 	 0.0019766032970877827 	 
-1.704 	 0.0013196021956868435 	 0.0012787783035923756 	 0.0013196021956868435 	 0.0012787783035923756 	 0.0013196021956868435 	 0.0012787783035923756 	 0.0013196021956868435 	 0.0012787783035923756 	 5.745973667872669E-4 	 0.001832352221714067 	 5.745973667872669E-4 	 0.001832352221714067 	 5.745973667872669E-4 	 0.001832352221714067 	 5.745973667872669E-4 	 0.001832352221714067 	 
-1.68 	 0.001997242958363308 	 0.0023036355202699296 	 0.001997242958363308 	 0.0023036355202699296 	 0.001997242958363308 	 0.0023036355202699296 	 0.001997242958363308 	 0.0023036355202699296 	 6.172007948791198E-4 	 0.002427148435429398 	 6.172007948791198E-4 	 0.002427148435429398 	 6.172007948791198E-4 	 0.002427148435429398 	 6.172007948791198E-4 	 0.002427148435429398 	 
-1.656 	 0.0025213656397837284 	 0.0027223922606024317 	 0.0025213656397837284 	 0.0027223922606024317 	 0.0025213656397837284 	 0.0027223922606024317 	 0.0025213656397837284 	 0.0027223922606024317 	 6.524039231478431E-4 	 0.0028614936850916194 	 6.524039231478431E-4 	 0.0028614936850916194 	 6.524039231478431E-4 	 0.0028614936850916194 	 6.524039231478431E-4 	 0.0028614936850916194 	 
-1.632 	 0.001687542220038149 	 0.001287688330981653 	 0.001687542220038149 	 0.001287688330981653 	 0.001687542220038149 	 0.001287688330981653 	 0.001687542220038149 	 0.001287688330981653 	 6.648594777874829E-4 	 0.002059988296871037 	 6.648594777874829E-4 	 0.002059988296871037 	 6.648594777874829E-4 	 0.002059988296871037 	 6.648594777874829E-4 	 0.002059988296871037 	 
-1.6079999999999999 	 0.0010934352477619401 	 8.733789969062061E-4 	 0.0010934352477619401 	 8.733789969062061E-4 	 0.0010934352477619401 	 8.733789969062061E-4 	 0.0010934352477619401 	 8.733789969062061E-4 	 7.052894774847512E-4 	 0.0015450561039644726 	 7.052894774847512E-4 	 0.0015450561039644726 	 7.052894774847512E-4 	 0.0015450561039644726 	 7.052894774847512E-4 	 0.0015450561039644726 	 
-1.584 	 0.0013521347797368838 	 0.001485465285560833 	 0.0013521347797368838 	 0.001485465285560833 	 0.0013521347797368838 	 0.001485465285560833 	 0.0013521347797368838 	 0.001485465285560833 	 7.672728445991314E-4 	 0.0017692432877950742 	 7.672728445991314E-4 	 0.0017692432877950742 	 7.672728445991314E-4 	 0.0017692432877950742 	 7.672728445991314E-4 	 0.0017692432877950742 	 
-1.56 	 6.302794401253104E-4 	 2.5647222614781E-4 	 6.302794401253104E-4 	 2.5647222614781E-4 	 6.302794401253104E-4 	 2.5647222614781E-4 	 6.302794401253104E-4 	 2.5647222614781E-4 	 7.797365183670919E-4 	 0.0010641150436859906 	 7.797365183670919E-4 	 0.0010641150436859906 	 7.797365183670919E-4 	 0.0010641150436859906 	 7.797365183670919E-4 	 0.0010641150436859906 	 
-1.536 	 6.054879015217543E-4 	 6.629636365889455E-4 	 6.054879015217543E-4 	 6.629636365889455E-4 	 6.054879015217543E-4 	 6.629636365889455E-4 	 6.054879015217543E-4 	 6.629636365889455E-4 	 8.921489537201434E-4 	 0.001059732690426081 	 8.921489537201434E-4 	 0.001059732690426081 	 8.921489537201434E-4 	 0.001059732690426081 	 8.921489537201434E-4 	 0.001059732690426081 	 
-1.512 	 5.269356714248076E-4 	 4.5818759531341183E-4 	 5.269356714248076E-4 	 4.5818759531341183E-4 	 5.269356714248076E-4 	 4.5818759531341183E-4 	 5.269356714248076E-4 	 4.5818759531341183E-4 	 9.19113954632387E-4 	 9.375308880778486E-4 	 9.19113954632387E-4 	 9.375308880778486E-4 	 9.19113954632387E-4 	 9.375308880778486E-4 	 9.19113954632387E-4 	 9.375308880778486E-4 	 
-1.488 	 8.957874581916533E-4 	 0.0010683034502799865 	 8.957874581916533E-4 	 0.0010683034502799865 	 8.957874581916533E-4 	 0.0010683034502799865 	 8.957874581916533E-4 	 0.0010683034502799865 	 9.626060507215709E-4 	 0.001258672185225268 	 9.626060507215709E-4 	 0.001258672185225268 	 9.626060507215709E-4 	 0.001258672185225268 	 9.626060507215709E-4 	 0.001258672185225268 	 
-1.464 	 3.358317760047595E-4 	 4.6352722693356865E-5 	 3.358317760047595E-4 	 4.6352722693356865E-5 	 3.358317760047595E-4 	 4.6352722693356865E-5 	 3.358317760047595E-4 	 4.6352722693356865E-5 	 0.001006582948417354 	 7.080920853233014E-4 	 0.001006582948417354 	 7.080920853233014E-4 	 0.001006582948417354 	 7.080920853233014E-4 	 0.001006582948417354 	 7.080920853233014E-4 	 
-1.44 	 5.119265009395284E-4 	 6.530244908608011E-4 	 5.119265009395284E-4 	 6.530244908608011E-4 	 5.119265009395284E-4 	 6.530244908608011E-4 	 5.119265009395284E-4 	 6.530244908608011E-4 	 0.00106299252358185 	 8.790434743313334E-4 	 0.00106299252358185 	 8.790434743313334E-4 	 0.00106299252358185 	 8.790434743313334E-4 	 0.00106299252358185 	 8.790434743313334E-4 	 
-1.416 	 0.0015973141926276262 	 0.002089295580789492 	 0.0015973141926276262 	 0.002089295580789492 	 0.0015973141926276262 	 0.002089295580789492 	 0.0015973141926276262 	 0.002089295580789492 	 0.0011332320690323708 	 0.0018442778689609918 	 0.0011332320690323708 	 0.0018442778689609918 	 0.0011332320690323708 	 0.0018442778689609918 	 0.0011332320690323708 	 0.0018442778689609918 	 
-1.392 	 9.77140676751283E-4 	 6.604030938468519E-4 	 9.77140676751283E-4 	 6.604030938468519E-4 	 9.77140676751283E-4 	 6.604030938468519E-4 	 9.77140676751283E-4 	 6.604030938468519E-4 	 0.0011953122589312833 	 0.0012420329614676034 	 0.0011953122589312833 	 0.0012420329614676034 	 0.0011953122589312833 	 0.0012420329614676034 	 0.0011953122589312833 	 0.0012420329614676034 	 
-1.3679999999999999 	 6.684933583750547E-4 	 6.535243637467414E-4 	 6.684933583750547E-4 	 6.535243637467414E-4 	 6.684933583750547E-4 	 6.535243637467414E-4 	 6.684933583750547E-4 	 6.535243637467414E-4 	 0.001257510755660227 	 9.830747195524261E-4 	 0.001257510755660227 	 9.830747195524261E-4 	 0.001257510755660227 	 9.830747195524261E-4 	 0.001257510755660227 	 9.830747195524261E-4 	 
-1.3439999999999999 	 5.042692666997483E-4 	 4.422223287158898E-4 	 5.042692666997483E-4 	 4.422223287158898E-4 	 5.042692666997483E-4 	 4.422223287158898E-4 	 5.042692666997483E-4 	 4.422223287158898E-4 	 0.0012968752196129297 	 8.083893245798812E-4 	 0.0012968752196129297 	 8.083893245798812E-4 	 0.0012968752196129297 	 8.083893245798812E-4 	 0.0012968752196129297 	 8.083893245798812E-4 	 
-1.32 	 0.001001629110837502 	 0.001262792160611988 	 0.001001629110837502 	 0.001262792160611988 	 0.001001629110837502 	 0.001262792160611988 	 0.001001629110837502 	 0.001262792160611988 	 0.0013856067530824642 	 0.0012686962505867184 	 0.0013856067530824642 	 0.0012686962505867184 	 0.0013856067530824642 	 0.0012686962505867184 	 0.0013856067530824642 	 0.0012686962505867184 	 
-1.296 	 4.927176126576637E-4 	 2.3931426373998872E-4 	 4.927176126576637E-4 	 2.3931426373998872E-4 	 4.927176126576637E-4 	 2.3931426373998872E-4 	 4.927176126576637E-4 	 2.3931426373998872E-4 	 0.0014749437033275878 	 7.781670366736806E-4 	 0.0014749437033275878 	 7.781670366736806E-4 	 0.0014749437033275878 	 7.781670366736806E-4 	 0.0014749437033275878 	 7.781670366736806E-4 	 
-1.272 	 2.6156258857664436E-4 	 2.3251014386816202E-4 	 2.6156258857664436E-4 	 2.3251014386816202E-4 	 2.6156258857664436E-4 	 2.3251014386816202E-4 	 2.6156258857664436E-4 	 2.3251014386816202E-4 	 0.0015856636823577497 	 5.846570163530855E-4 	 0.0015856636823577497 	 5.846570163530855E-4 	 0.0015856636823577497 	 5.846570163530855E-4 	 0.0015856636823577497 	 5.846570163530855E-4 	 
-1.248 	 1.1511760116274995E-4 	 2.5932055777043217E-5 	 1.1511760116274995E-4 	 2.5932055777043217E-5 	 1.1511760116274995E-4 	 2.5932055777043217E-5 	 1.1511760116274995E-4 	 2.5932055777043217E-5 	 0.0016610622786058927 	 4.3542921236061865E-4 	 0.0016610622786058927 	 4.3542921236061865E-4 	 0.0016610622786058927 	 4.3542921236061865E-4 	 0.0016610622786058927 	 4.3542921236061865E-4 	 
-1.224 	 3.415516560216585E-4 	 4.347565775255949E-4 	 3.415516560216585E-4 	 4.347565775255949E-4 	 3.415516560216585E-4 	 4.347565775255949E-4 	 3.415516560216585E-4 	 4.347565775255949E-4 	 0.0017788785454303149 	 6.43344795172702E-4 	 0.0017788785454303149 	 6.43344795172702E-4 	 0.0017788785454303149 	 6.43344795172702E-4 	 0.0017788785454303149 	 6.43344795172702E-4 	 
-1.2 	 4.1756346725180043E-4 	 4.3512338105412997E-4 	 4.1756346725180043E-4 	 4.3512338105412997E-4 	 4.1756346725180043E-4 	 4.3512338105412997E-4 	 4.1756346725180043E-4 	 4.3512338105412997E-4 	 0.0018771143095752604 	 6.953327445513403E-4 	 0.0018771143095752604 	 6.953327445513403E-4 	 0.0018771143095752604 	 6.953327445513403E-4 	 0.0018771143095752604 	 6.953327445513403E-4 	 
-1.176 	 4.232459011393369E-4 	 4.356736067642687E-4 	 4.232459011393369E-4 	 4.356736067642687E-4 	 4.232459011393369E-4 	 4.356736067642687E-4 	 4.232459011393369E-4 	 4.356736067642687E-4 	 0.0021002904967287765 	 7.057282223355195E-4 	 0.0021002904967287765 	 7.057282223355195E-4 	 0.0021002904967287765 	 7.057282223355195E-4 	 0.0021002904967287765 	 7.057282223355195E-4 	 
-1.152 	 4.273799047470233E-4 	 4.3747196256660106E-4 	 4.273799047470233E-4 	 4.3747196256660106E-4 	 4.273799047470233E-4 	 4.3747196256660106E-4 	 4.273799047470233E-4 	 4.3747196256660106E-4 	 0.0022021629812811853 	 6.974199916632532E-4 	 0.0022021629812811853 	 6.974199916632532E-4 	 0.0022021629812811853 	 6.974199916632532E-4 	 0.0022021629812811853 	 6.974199916632532E-4 	 
-1.128 	 4.297352621862672E-4 	 4.3812075079222235E-4 	 4.297352621862672E-4 	 4.3812075079222235E-4 	 4.297352621862672E-4 	 4.3812075079222235E-4 	 4.297352621862672E-4 	 4.3812075079222235E-4 	 0.0023936044974460675 	 6.957325220923326E-4 	 0.0023936044974460675 	 6.957325220923326E-4 	 0.0023936044974460675 	 6.957325220923326E-4 	 0.0023936044974460675 	 6.957325220923326E-4 	 
-1.1039999999999999 	 1.4028345132126766E-4 	 2.728553504808013E-5 	 1.4028345132126766E-4 	 2.728553504808013E-5 	 1.4028345132126766E-4 	 2.728553504808013E-5 	 1.4028345132126766E-4 	 2.728553504808013E-5 	 0.0025932450188612096 	 4.220120309376029E-4 	 0.0025932450188612096 	 4.220120309376029E-4 	 0.0025932450188612096 	 4.220120309376029E-4 	 0.0025932450188612096 	 4.220120309376029E-4 	 
-1.08 	 4.5836536464382855E-4 	 6.414513048569717E-4 	 4.5836536464382855E-4 	 6.414513048569717E-4 	 4.5836536464382855E-4 	 6.414513048569717E-4 	 4.5836536464382855E-4 	 6.414513048569717E-4 	 0.002735555318211023 	 7.141885993189183E-4 	 0.002735555318211023 	 7.141885993189183E-4 	 0.002735555318211023 	 7.141885993189183E-4 	 0.002735555318211023 	 7.141885993189183E-4 	 
-1.056 	 4.554887844598399E-4 	 4.404534405999003E-4 	 4.554887844598399E-4 	 4.404534405999003E-4 	 4.554887844598399E-4 	 4.404534405999003E-4 	 4.554887844598399E-4 	 4.404534405999003E-4 	 0.002942062620884712 	 6.902676581621008E-4 	 0.002942062620884712 	 6.902676581621008E-4 	 0.002942062620884712 	 6.902676581621008E-4 	 0.002942062620884712 	 6.902676581621008E-4 	 
-1.032 	 4.1908922964627746E-4 	 4.394359549830165E-4 	 4.1908922964627746E-4 	 4.394359549830165E-4 	 4.1908922964627746E-4 	 4.394359549830165E-4 	 4.1908922964627746E-4 	 4.394359549830165E-4 	 0.0031287052340141877 	 6.559040005748736E-4 	 0.0031287052340141877 	 6.559040005748736E-4 	 0.0031287052340141877 	 6.559040005748736E-4 	 0.0031287052340141877 	 6.559040005748736E-4 	 
-1.008 	 2.755784695209904E-4 	 2.3513063751506234E-4 	 2.755784695209904E-4 	 2.3513063751506234E-4 	 2.755784695209904E-4 	 2.3513063751506234E-4 	 2.755784695209904E-4 	 2.3513063751506234E-4 	 0.0034794854337534104 	 5.242198698543632E-4 	 0.0034794854337534104 	 5.242198698543632E-4 	 0.0034794854337534104 	 5.242198698543632E-4 	 0.0034794854337534104 	 5.242198698543632E-4 	 
-0.984 	 8.687246403799234E-5 	 3.09819612035382E-5 	 8.687246403799234E-5 	 3.09819612035382E-5 	 8.687246403799234E-5 	 3.09819612035382E-5 	 8.687246403799234E-5 	 3.09819612035382E-5 	 0.0035616098762914724 	 3.4018756378516454E-4 	 0.0035616098762914724 	 3.4018756378516454E-4 	 0.0035616098762914724 	 3.4018756378516454E-4 	 0.0035616098762914724 	 3.4018756378516454E-4 	 
-0.96 	 3.763913381984717E-5 	 3.0562933773367124E-5 	 3.763913381984717E-5 	 3.0562933773367124E-5 	 3.763913381984717E-5 	 3.0562933773367124E-5 	 3.763913381984717E-5 	 3.0562933773367124E-5 	 0.003928325412971719 	 3.0359169462701235E-4 	 0.003928325412971719 	 3.0359169462701235E-4 	 0.003928325412971719 	 3.0359169462701235E-4 	 0.003928325412971719 	 3.0359169462701235E-4 	 
-0.9359999999999999 	 4.160850955045869E-5 	 3.1499167380681605E-5 	 4.160850955045869E-5 	 3.1499167380681605E-5 	 4.160850955045869E-5 	 3.1499167380681605E-5 	 4.160850955045869E-5 	 3.1499167380681605E-5 	 0.004223637693038209 	 2.954617726962595E-4 	 0.004223637693038209 	 2.954617726962595E-4 	 0.004223637693038209 	 2.954617726962595E-4 	 0.004223637693038209 	 2.954617726962595E-4 	 
-0.9119999999999999 	 3.2573031277535407E-5 	 3.242630936091281E-5 	 3.2573031277535407E-5 	 3.242630936091281E-5 	 3.2573031277535407E-5 	 3.242630936091281E-5 	 3.2573031277535407E-5 	 3.242630936091281E-5 	 0.00447472090191205 	 2.833219545765564E-4 	 0.00447472090191205 	 2.833219545765564E-4 	 0.00447472090191205 	 2.833219545765564E-4 	 0.00447472090191205 	 2.833219545765564E-4 	 
-0.8879999999999999 	 2.1623058263367234E-5 	 3.405135237141191E-5 	 2.1623058263367234E-5 	 3.405135237141191E-5 	 2.1623058263367234E-5 	 3.405135237141191E-5 	 2.1623058263367234E-5 	 3.405135237141191E-5 	 0.004794446997677385 	 2.6721441460135384E-4 	 0.004794446997677385 	 2.6721441460135384E-4 	 0.004794446997677385 	 2.6721441460135384E-4 	 0.004794446997677385 	 2.6721441460135384E-4 	 
-0.8639999999999999 	 1.9189752076358156E-5 	 3.41393502182264E-5 	 1.9189752076358156E-5 	 3.41393502182264E-5 	 1.9189752076358156E-5 	 3.41393502182264E-5 	 1.9189752076358156E-5 	 3.41393502182264E-5 	 0.0051358259493785585 	 2.57980493299628E-4 	 0.0051358259493785585 	 2.57980493299628E-4 	 0.0051358259493785585 	 2.57980493299628E-4 	 0.0051358259493785585 	 2.57980493299628E-4 	 
-0.8399999999999999 	 1.5659333813454173E-4 	 2.4274595484576747E-4 	 1.5659333813454173E-4 	 2.4274595484576747E-4 	 1.5659333813454173E-4 	 2.4274595484576747E-4 	 1.5659333813454173E-4 	 2.4274595484576747E-4 	 0.00584469907338323 	 3.849815722139764E-4 	 0.00584469907338323 	 3.849815722139764E-4 	 0.00584469907338323 	 3.849815722139764E-4 	 0.00584469907338323 	 3.849815722139764E-4 	 
-0.8159999999999998 	 6.437894306387647E-5 	 3.8148110925465775E-5 	 6.437894306387647E-5 	 3.8148110925465775E-5 	 6.437894306387647E-5 	 3.8148110925465775E-5 	 6.437894306387647E-5 	 3.8148110925465775E-5 	 0.005935988050691984 	 2.782413363001347E-4 	 0.005935988050691984 	 2.782413363001347E-4 	 0.005935988050691984 	 2.782413363001347E-4 	 0.005935988050691984 	 2.782413363001347E-4 	 
-0.7919999999999998 	 1.5574306748295305E-4 	 2.445889100735579E-4 	 1.5574306748295305E-4 	 2.445889100735579E-4 	 1.5574306748295305E-4 	 2.445889100735579E-4 	 1.5574306748295305E-4 	 2.445889100735579E-4 	 0.006795725475010702 	 3.6329849014267364E-4 	 0.006795725475010702 	 3.6329849014267364E-4 	 0.006795725475010702 	 3.6329849014267364E-4 	 0.006795725475010702 	 3.6329849014267364E-4 	 
-0.7679999999999998 	 3.3705902130077436E-4 	 4.502728689513544E-4 	 3.3705902130077436E-4 	 4.502728689513544E-4 	 3.3705902130077436E-4 	 4.502728689513544E-4 	 3.3705902130077436E-4 	 4.502728689513544E-4 	 0.007245910599674133 	 5.149368456729118E-4 	 0.007245910599674133 	 5.149368456729118E-4 	 0.007245910599674133 	 5.149368456729118E-4 	 0.007245910599674133 	 5.149368456729118E-4 	 
-0.7439999999999998 	 1.183978740847529E-4 	 4.2449493904141665E-5 	 1.183978740847529E-4 	 4.2449493904141665E-5 	 1.183978740847529E-4 	 4.2449493904141665E-5 	 1.183978740847529E-4 	 4.2449493904141665E-5 	 0.008025023406637532 	 3.072315724615618E-4 	 0.008025023406637532 	 3.072315724615618E-4 	 0.008025023406637532 	 3.072315724615618E-4 	 0.008025023406637532 	 3.072315724615618E-4 	 
-0.7199999999999998 	 1.687323739202434E-4 	 2.47653068566169E-4 	 1.687323739202434E-4 	 2.47653068566169E-4 	 1.687323739202434E-4 	 2.47653068566169E-4 	 1.687323739202434E-4 	 2.47653068566169E-4 	 0.00885161416393953 	 3.577381684141386E-4 	 0.00885161416393953 	 3.577381684141386E-4 	 0.00885161416393953 	 3.577381684141386E-4 	 0.00885161416393953 	 3.577381684141386E-4 	 
-0.6959999999999997 	 7.061417892561589E-5 	 4.475825296975106E-5 	 7.061417892561589E-5 	 4.475825296975106E-5 	 7.061417892561589E-5 	 4.475825296975106E-5 	 7.061417892561589E-5 	 4.475825296975106E-5 	 0.00983211495387333 	 2.62271486856794E-4 	 0.00983211495387333 	 2.62271486856794E-4 	 0.00983211495387333 	 2.62271486856794E-4 	 0.00983211495387333 	 2.62271486856794E-4 	 
-0.6720000000000002 	 2.294329670095804E-5 	 4.4127066562430385E-5 	 2.294329670095804E-5 	 4.4127066562430385E-5 	 2.294329670095804E-5 	 4.4127066562430385E-5 	 2.294329670095804E-5 	 4.4127066562430385E-5 	 0.010737007612664525 	 2.1938979484829467E-4 	 0.010737007612664525 	 2.1938979484829467E-4 	 0.010737007612664525 	 2.1938979484829467E-4 	 0.010737007612664525 	 2.1938979484829467E-4 	 
-0.6480000000000001 	 1.8054872291291065E-5 	 4.643560935488281E-5 	 1.8054872291291065E-5 	 4.643560935488281E-5 	 1.8054872291291065E-5 	 4.643560935488281E-5 	 1.8054872291291065E-5 	 4.643560935488281E-5 	 0.011900563808266897 	 2.0198178662922547E-4 	 0.011900563808266897 	 2.0198178662922547E-4 	 0.011900563808266897 	 2.0198178662922547E-4 	 0.011900563808266897 	 2.0198178662922547E-4 	 
-0.6240000000000001 	 2.9682655572887674E-4 	 4.5624359532372256E-4 	 2.9682655572887674E-4 	 4.5624359532372256E-4 	 2.9682655572887674E-4 	 4.5624359532372256E-4 	 2.9682655572887674E-4 	 4.5624359532372256E-4 	 0.01304669647590259 	 4.6225918293290143E-4 	 0.01304669647590259 	 4.6225918293290143E-4 	 0.01304669647590259 	 4.6225918293290143E-4 	 0.01304669647590259 	 4.6225918293290143E-4 	 
-0.6000000000000001 	 1.1753196178848717E-4 	 5.020688017113231E-5 	 1.1753196178848717E-4 	 5.020688017113231E-5 	 1.1753196178848717E-4 	 5.020688017113231E-5 	 1.1753196178848717E-4 	 5.020688017113231E-5 	 0.014713723108271458 	 2.815125906626251E-4 	 0.014713723108271458 	 2.815125906626251E-4 	 0.014713723108271458 	 2.815125906626251E-4 	 0.014713723108271458 	 2.815125906626251E-4 	 
-0.5760000000000001 	 3.158224256853707E-5 	 5.121239100819728E-5 	 3.158224256853707E-5 	 5.121239100819728E-5 	 3.158224256853707E-5 	 5.121239100819728E-5 	 3.158224256853707E-5 	 5.121239100819728E-5 	 0.016067514088082203 	 2.1012910568828975E-4 	 0.016067514088082203 	 2.1012910568828975E-4 	 0.016067514088082203 	 2.1012910568828975E-4 	 0.016067514088082203 	 2.1012910568828975E-4 	 
-0.552 	 2.459481071946036E-5 	 5.053665527204475E-5 	 2.459481071946036E-5 	 5.053665527204475E-5 	 2.459481071946036E-5 	 5.053665527204475E-5 	 2.459481071946036E-5 	 5.053665527204475E-5 	 0.017444586682395978 	 2.0254138309644528E-4 	 0.017444586682395978 	 2.0254138309644528E-4 	 0.017444586682395978 	 2.0254138309644528E-4 	 0.017444586682395978 	 2.0254138309644528E-4 	 
-0.528 	 2.5401597930283725E-5 	 5.0857893091140285E-5 	 2.5401597930283725E-5 	 5.0857893091140285E-5 	 2.5401597930283725E-5 	 5.0857893091140285E-5 	 2.5401597930283725E-5 	 5.0857893091140285E-5 	 0.019616178732988876 	 1.9794467054823822E-4 	 0.019616178732988876 	 1.9794467054823822E-4 	 0.019616178732988876 	 1.9794467054823822E-4 	 0.019616178732988876 	 1.9794467054823822E-4 	 
-0.504 	 2.3745405970417084E-5 	 5.7142675129733785E-5 	 2.3745405970417084E-5 	 5.7142675129733785E-5 	 2.3745405970417084E-5 	 5.7142675129733785E-5 	 2.3745405970417084E-5 	 5.7142675129733785E-5 	 0.021644494436479055 	 2.0127945047152598E-4 	 0.021644494436479055 	 2.0127945047152598E-4 	 0.021644494436479055 	 2.0127945047152598E-4 	 0.021644494436479055 	 2.0127945047152598E-4 	 
-0.48 	 1.587801694143836E-4 	 2.569557735573218E-4 	 1.587801694143836E-4 	 2.569557735573218E-4 	 1.587801694143836E-4 	 2.569557735573218E-4 	 1.587801694143836E-4 	 2.569557735573218E-4 	 0.022280330013444167 	 3.1358959984074594E-4 	 0.022280330013444167 	 3.1358959984074594E-4 	 0.022280330013444167 	 3.1358959984074594E-4 	 0.022280330013444167 	 3.1358959984074594E-4 	 
-0.45599999999999996 	 7.149061863690591E-5 	 5.586634093686164E-5 	 7.149061863690591E-5 	 5.586634093686164E-5 	 7.149061863690591E-5 	 5.586634093686164E-5 	 7.149061863690591E-5 	 5.586634093686164E-5 	 0.02577272529071874 	 2.4245808184757988E-4 	 0.02577272529071874 	 2.4245808184757988E-4 	 0.02577272529071874 	 2.4245808184757988E-4 	 0.02577272529071874 	 2.4245808184757988E-4 	 
-0.43199999999999994 	 2.8442016367314377E-5 	 5.759762505905072E-5 	 2.8442016367314377E-5 	 5.759762505905072E-5 	 2.8442016367314377E-5 	 5.759762505905072E-5 	 2.8442016367314377E-5 	 5.759762505905072E-5 	 0.027319579166384497 	 2.017076405370507E-4 	 0.027319579166384497 	 2.017076405370507E-4 	 0.027319579166384497 	 2.017076405370507E-4 	 0.027319579166384497 	 2.017076405370507E-4 	 
-0.4079999999999999 	 2.8674528261344397E-5 	 5.611813686062636E-5 	 2.8674528261344397E-5 	 5.611813686062636E-5 	 2.8674528261344397E-5 	 5.611813686062636E-5 	 2.8674528261344397E-5 	 5.611813686062636E-5 	 0.02870157174067671 	 2.0410655812802764E-4 	 0.02870157174067671 	 2.0410655812802764E-4 	 0.02870157174067671 	 2.0410655812802764E-4 	 0.02870157174067671 	 2.0410655812802764E-4 	 
-0.3839999999999999 	 3.1216547069928435E-5 	 5.9857219179301566E-5 	 3.1216547069928435E-5 	 5.9857219179301566E-5 	 3.1216547069928435E-5 	 5.9857219179301566E-5 	 3.1216547069928435E-5 	 5.9857219179301566E-5 	 0.031310088960501165 	 2.1131337318076174E-4 	 0.031310088960501165 	 2.1131337318076174E-4 	 0.031310088960501165 	 2.1131337318076174E-4 	 0.031310088960501165 	 2.1131337318076174E-4 	 
-0.3599999999999999 	 3.230632956484629E-5 	 6.319510070286484E-5 	 3.230632956484629E-5 	 6.319510070286484E-5 	 3.230632956484629E-5 	 6.319510070286484E-5 	 3.230632956484629E-5 	 6.319510070286484E-5 	 0.03340566110845644 	 2.167630410344449E-4 	 0.03340566110845644 	 2.167630410344449E-4 	 0.03340566110845644 	 2.167630410344449E-4 	 0.03340566110845644 	 2.167630410344449E-4 	 
-0.33599999999999985 	 1.7345366857031424E-4 	 2.692819403214164E-4 	 1.7345366857031424E-4 	 2.692819403214164E-4 	 1.7345366857031424E-4 	 2.692819403214164E-4 	 1.7345366857031424E-4 	 2.692819403214164E-4 	 0.0339968423573286 	 3.4349942396226453E-4 	 0.0339968423573286 	 3.4349942396226453E-4 	 0.0339968423573286 	 3.4349942396226453E-4 	 0.0339968423573286 	 3.4349942396226453E-4 	 
-0.31199999999999983 	 9.378473801332123E-5 	 7.215904889665495E-5 	 9.378473801332123E-5 	 7.215904889665495E-5 	 9.378473801332123E-5 	 7.215904889665495E-5 	 9.378473801332123E-5 	 7.215904889665495E-5 	 0.03616404080007982 	 2.740089999149904E-4 	 0.03616404080007982 	 2.740089999149904E-4 	 0.03616404080007982 	 2.740089999149904E-4 	 0.03616404080007982 	 2.740089999149904E-4 	 
-0.2879999999999998 	 5.490417385745843E-5 	 7.8617950039474E-5 	 5.490417385745843E-5 	 7.8617950039474E-5 	 5.490417385745843E-5 	 7.8617950039474E-5 	 5.490417385745843E-5 	 7.8617950039474E-5 	 0.03743128425622626 	 2.5290807405439525E-4 	 0.03743128425622626 	 2.5290807405439525E-4 	 0.03743128425622626 	 2.5290807405439525E-4 	 0.03743128425622626 	 2.5290807405439525E-4 	 
-0.2639999999999998 	 5.352983816947797E-5 	 7.855711817231156E-5 	 5.352983816947797E-5 	 7.855711817231156E-5 	 5.352983816947797E-5 	 7.855711817231156E-5 	 5.352983816947797E-5 	 7.855711817231156E-5 	 0.03769528481587375 	 2.4756557004162707E-4 	 0.03769528481587375 	 2.4756557004162707E-4 	 0.03769528481587375 	 2.4756557004162707E-4 	 0.03769528481587375 	 2.4756557004162707E-4 	 
-0.23999999999999977 	 5.741313236617932E-5 	 8.475708223028806E-5 	 5.741313236617932E-5 	 8.475708223028806E-5 	 5.741313236617932E-5 	 8.475708223028806E-5 	 5.741313236617932E-5 	 8.475708223028806E-5 	 0.03817497745567306 	 2.569069868040704E-4 	 0.03817497745567306 	 2.569069868040704E-4 	 0.03817497745567306 	 2.569069868040704E-4 	 0.03817497745567306 	 2.569069868040704E-4 	 
-0.21599999999999975 	 6.196485322479962E-5 	 9.233656248130985E-5 	 6.196485322479962E-5 	 9.233656248130985E-5 	 6.196485322479962E-5 	 9.233656248130985E-5 	 6.196485322479962E-5 	 9.233656248130985E-5 	 0.03781671279007586 	 2.579836916751491E-4 	 0.03781671279007586 	 2.579836916751491E-4 	 0.03781671279007586 	 2.579836916751491E-4 	 0.03781671279007586 	 2.579836916751491E-4 	 
-0.19199999999999973 	 6.944267898180152E-5 	 9.85792017376142E-5 	 6.944267898180152E-5 	 9.85792017376142E-5 	 6.944267898180152E-5 	 9.85792017376142E-5 	 6.944267898180152E-5 	 9.85792017376142E-5 	 0.03715684771266662 	 2.625138774206996E-4 	 0.03715684771266662 	 2.625138774206996E-4 	 0.03715684771266662 	 2.625138774206996E-4 	 0.03715684771266662 	 2.625138774206996E-4 	 
-0.16800000000000015 	 7.496933359332277E-5 	 1.0188455235152479E-4 	 7.496933359332277E-5 	 1.0188455235152479E-4 	 7.496933359332277E-5 	 1.0188455235152479E-4 	 7.496933359332277E-5 	 1.0188455235152479E-4 	 0.036132640421824264 	 2.5999472084818414E-4 	 0.036132640421824264 	 2.5999472084818414E-4 	 0.036132640421824264 	 2.5999472084818414E-4 	 0.036132640421824264 	 2.5999472084818414E-4 	 
-0.14400000000000013 	 7.122071127469973E-5 	 9.929380725604047E-5 	 7.122071127469973E-5 	 9.929380725604047E-5 	 7.122071127469973E-5 	 9.929380725604047E-5 	 7.122071127469973E-5 	 9.929380725604047E-5 	 0.033663618503217 	 2.4935243401395893E-4 	 0.033663618503217 	 2.4935243401395893E-4 	 0.033663618503217 	 2.4935243401395893E-4 	 0.033663618503217 	 2.4935243401395893E-4 	 
-0.1200000000000001 	 7.46421426909629E-5 	 1.0027260647708083E-4 	 7.46421426909629E-5 	 1.0027260647708083E-4 	 7.46421426909629E-5 	 1.0027260647708083E-4 	 7.46421426909629E-5 	 1.0027260647708083E-4 	 0.03194343626567757 	 2.433882309498379E-4 	 0.03194343626567757 	 2.433882309498379E-4 	 0.03194343626567757 	 2.433882309498379E-4 	 0.03194343626567757 	 2.433882309498379E-4 	 
-0.09600000000000009 	 7.583972170219624E-5 	 9.972678743212019E-5 	 7.583972170219624E-5 	 9.972678743212019E-5 	 7.583972170219624E-5 	 9.972678743212019E-5 	 7.583972170219624E-5 	 9.972678743212019E-5 	 0.02937509471096691 	 2.2983613709789692E-4 	 0.02937509471096691 	 2.2983613709789692E-4 	 0.02937509471096691 	 2.2983613709789692E-4 	 0.02937509471096691 	 2.2983613709789692E-4 	 
-0.07200000000000006 	 6.939397412024781E-5 	 9.249352310149361E-5 	 6.939397412024781E-5 	 9.249352310149361E-5 	 6.939397412024781E-5 	 9.249352310149361E-5 	 6.939397412024781E-5 	 9.249352310149361E-5 	 0.026123879003236147 	 2.0974180354267434E-4 	 0.026123879003236147 	 2.0974180354267434E-4 	 0.026123879003236147 	 2.0974180354267434E-4 	 0.026123879003236147 	 2.0974180354267434E-4 	 
-0.04800000000000004 	 6.669756751643694E-5 	 9.002164489014378E-5 	 6.669756751643694E-5 	 9.002164489014378E-5 	 6.669756751643694E-5 	 9.002164489014378E-5 	 6.669756751643694E-5 	 9.002164489014378E-5 	 0.02342819572346305 	 1.9243245136122016E-4 	 0.02342819572346305 	 1.9243245136122016E-4 	 0.02342819572346305 	 1.9243245136122016E-4 	 0.02342819572346305 	 1.9243245136122016E-4 	 
-0.02400000000000002 	 6.339642506139511E-5 	 8.055975099806915E-5 	 6.339642506139511E-5 	 8.055975099806915E-5 	 6.339642506139511E-5 	 8.055975099806915E-5 	 6.339642506139511E-5 	 8.055975099806915E-5 	 0.020739132264432424 	 1.7313034307848613E-4 	 0.020739132264432424 	 1.7313034307848613E-4 	 0.020739132264432424 	 1.7313034307848613E-4 	 0.020739132264432424 	 1.7313034307848613E-4 	 
0.0 	 5.260432216428398E-5 	 6.925615801869625E-5 	 5.260432216428398E-5 	 6.925615801869625E-5 	 5.260432216428398E-5 	 6.925615801869625E-5 	 5.260432216428398E-5 	 6.925615801869625E-5 	 0.017391576426605375 	 1.4633409778508545E-4 	 0.017391576426605375 	 1.4633409778508545E-4 	 0.017391576426605375 	 1.4633409778508545E-4 	 0.017391576426605375 	 1.4633409778508545E-4 	 
0.02400000000000002 	 4.828517251806198E-5 	 6.278213860649477E-5 	 4.828517251806198E-5 	 6.278213860649477E-5 	 4.828517251806198E-5 	 6.278213860649477E-5 	 4.828517251806198E-5 	 6.278213860649477E-5 	 0.0151425298621053 	 1.3143527606727207E-4 	 0.0151425298621053 	 1.3143527606727207E-4 	 0.0151425298621053 	 1.3143527606727207E-4 	 0.0151425298621053 	 1.3143527606727207E-4 	 
0.04800000000000004 	 4.4523297740024205E-5 	 5.774512218167511E-5 	 4.4523297740024205E-5 	 5.774512218167511E-5 	 4.4523297740024205E-5 	 5.774512218167511E-5 	 4.4523297740024205E-5 	 5.774512218167511E-5 	 0.01296659934488152 	 1.1406314030704477E-4 	 0.01296659934488152 	 1.1406314030704477E-4 	 0.01296659934488152 	 1.1406314030704477E-4 	 0.01296659934488152 	 1.1406314030704477E-4 	 
0.07200000000000006 	 3.6551053772742494E-5 	 4.6455165179042565E-5 	 3.6551053772742494E-5 	 4.6455165179042565E-5 	 3.6551053772742494E-5 	 4.6455165179042565E-5 	 3.6551053772742494E-5 	 4.6455165179042565E-5 	 0.010562648524022271 	 9.465585136568046E-5 	 0.010562648524022271 	 9.465585136568046E-5 	 0.010562648524022271 	 9.465585136568046E-5 	 0.010562648524022271 	 9.465585136568046E-5 	 
0.09600000000000009 	 3.011582157873502E-5 	 3.9626056664175064E-5 	 3.011582157873502E-5 	 3.9626056664175064E-5 	 3.011582157873502E-5 	 3.9626056664175064E-5 	 3.011582157873502E-5 	 3.9626056664175064E-5 	 0.008674632696216596 	 7.802384670541308E-5 	 0.008674632696216596 	 7.802384670541308E-5 	 0.008674632696216596 	 7.802384670541308E-5 	 0.008674632696216596 	 7.802384670541308E-5 	 
0.1200000000000001 	 2.6997120945530435E-5 	 3.404311327125101E-5 	 2.6997120945530435E-5 	 3.404311327125101E-5 	 2.6997120945530435E-5 	 3.404311327125101E-5 	 2.6997120945530435E-5 	 3.404311327125101E-5 	 0.007132373016439124 	 6.477451317336806E-5 	 0.007132373016439124 	 6.477451317336806E-5 	 0.007132373016439124 	 6.477451317336806E-5 	 0.007132373016439124 	 6.477451317336806E-5 	 
0.14400000000000013 	 1.986789845622679E-5 	 2.602929423135635E-5 	 1.986789845622679E-5 	 2.602929423135635E-5 	 1.986789845622679E-5 	 2.602929423135635E-5 	 1.986789845622679E-5 	 2.602929423135635E-5 	 0.005527724818111125 	 5.0168332362345095E-5 	 0.005527724818111125 	 5.0168332362345095E-5 	 0.005527724818111125 	 5.0168332362345095E-5 	 0.005527724818111125 	 5.0168332362345095E-5 	 
0.16800000000000015 	 1.650407780763565E-5 	 2.1884420044237917E-5 	 1.650407780763565E-5 	 2.1884420044237917E-5 	 1.650407780763565E-5 	 2.1884420044237917E-5 	 1.650407780763565E-5 	 2.1884420044237917E-5 	 0.004567410801311249 	 4.0522644154077764E-5 	 0.004567410801311249 	 4.0522644154077764E-5 	 0.004567410801311249 	 4.0522644154077764E-5 	 0.004567410801311249 	 4.0522644154077764E-5 	 
0.19200000000000017 	 1.2172085756553935E-5 	 1.5581280730048354E-5 	 1.2172085756553935E-5 	 1.5581280730048354E-5 	 1.2172085756553935E-5 	 1.5581280730048354E-5 	 1.2172085756553935E-5 	 1.5581280730048354E-5 	 0.0035687256858219205 	 3.098091811527662E-5 	 0.0035687256858219205 	 3.098091811527662E-5 	 0.0035687256858219205 	 3.098091811527662E-5 	 0.0035687256858219205 	 3.098091811527662E-5 	 
0.2160000000000002 	 9.082593886604578E-6 	 1.1700153274137185E-5 	 9.082593886604578E-6 	 1.1700153274137185E-5 	 9.082593886604578E-6 	 1.1700153274137185E-5 	 9.082593886604578E-6 	 1.1700153274137185E-5 	 0.0029494919654663807 	 2.4418145841582357E-5 	 0.0029494919654663807 	 2.4418145841582357E-5 	 0.0029494919654663807 	 2.4418145841582357E-5 	 0.0029494919654663807 	 2.4418145841582357E-5 	 
0.2400000000000002 	 7.423560310307162E-6 	 9.586704620476613E-6 	 7.423560310307162E-6 	 9.586704620476613E-6 	 7.423560310307162E-6 	 9.586704620476613E-6 	 7.423560310307162E-6 	 9.586704620476613E-6 	 0.00246634134354994 	 2.0632542932572342E-5 	 0.00246634134354994 	 2.0632542932572342E-5 	 0.00246634134354994 	 2.0632542932572342E-5 	 0.00246634134354994 	 2.0632542932572342E-5 	 
0.26400000000000023 	 6.7972218875549965E-6 	 9.08192416021092E-6 	 6.7972218875549965E-6 	 9.08192416021092E-6 	 6.7972218875549965E-6 	 9.08192416021092E-6 	 6.7972218875549965E-6 	 9.08192416021092E-6 	 0.002171000504766652 	 1.8343199283652508E-5 	 0.002171000504766652 	 1.8343199283652508E-5 	 0.002171000504766652 	 1.8343199283652508E-5 	 0.002171000504766652 	 1.8343199283652508E-5 	 
0.28800000000000026 	 5.7800194341747926E-6 	 7.79030353175705E-6 	 5.7800194341747926E-6 	 7.79030353175705E-6 	 5.7800194341747926E-6 	 7.79030353175705E-6 	 5.7800194341747926E-6 	 7.79030353175705E-6 	 0.0018269284088027003 	 1.5725818858552098E-5 	 0.0018269284088027003 	 1.5725818858552098E-5 	 0.0018269284088027003 	 1.5725818858552098E-5 	 0.0018269284088027003 	 1.5725818858552098E-5 	 
0.3120000000000003 	 4.557751907713183E-6 	 5.771760323405311E-6 	 4.557751907713183E-6 	 5.771760323405311E-6 	 4.557751907713183E-6 	 5.771760323405311E-6 	 4.557751907713183E-6 	 5.771760323405311E-6 	 0.001540847718109892 	 1.3056732144782817E-5 	 0.001540847718109892 	 1.3056732144782817E-5 	 0.001540847718109892 	 1.3056732144782817E-5 	 0.001540847718109892 	 1.3056732144782817E-5 	 
0.33599999999999985 	 4.053652835481344E-6 	 5.229043873631675E-6 	 4.053652835481344E-6 	 5.229043873631675E-6 	 4.053652835481344E-6 	 5.229043873631675E-6 	 4.053652835481344E-6 	 5.229043873631675E-6 	 0.0013118203337494966 	 1.1090423661906854E-5 	 0.0013118203337494966 	 1.1090423661906854E-5 	 0.0013118203337494966 	 1.1090423661906854E-5 	 0.0013118203337494966 	 1.1090423661906854E-5 	 
0.3599999999999999 	 3.545155604778192E-6 	 4.553811749395535E-6 	 3.545155604778192E-6 	 4.553811749395535E-6 	 3.545155604778192E-6 	 4.553811749395535E-6 	 3.545155604778192E-6 	 4.553811749395535E-6 	 0.0010883419554025293 	 9.464713303484251E-6 	 0.0010883419554025293 	 9.464713303484251E-6 	 0.0010883419554025293 	 9.464713303484251E-6 	 0.0010883419554025293 	 9.464713303484251E-6 	 
0.3839999999999999 	 3.3257453181925433E-6 	 4.730228476492126E-6 	 3.3257453181925433E-6 	 4.730228476492126E-6 	 3.3257453181925433E-6 	 4.730228476492126E-6 	 3.3257453181925433E-6 	 4.730228476492126E-6 	 9.071132727298889E-4 	 8.099013027537778E-6 	 9.071132727298889E-4 	 8.099013027537778E-6 	 9.071132727298889E-4 	 8.099013027537778E-6 	 9.071132727298889E-4 	 8.099013027537778E-6 	 
0.4079999999999999 	 2.722222468284278E-6 	 3.3924370548102263E-6 	 2.722222468284278E-6 	 3.3924370548102263E-6 	 2.722222468284278E-6 	 3.3924370548102263E-6 	 2.722222468284278E-6 	 3.3924370548102263E-6 	 8.194115100067618E-4 	 7.146269474027232E-6 	 8.194115100067618E-4 	 7.146269474027232E-6 	 8.194115100067618E-4 	 7.146269474027232E-6 	 8.194115100067618E-4 	 7.146269474027232E-6 	 
0.43199999999999994 	 1.9283981160687926E-6 	 2.398602669792539E-6 	 1.9283981160687926E-6 	 2.398602669792539E-6 	 1.9283981160687926E-6 	 2.398602669792539E-6 	 1.9283981160687926E-6 	 2.398602669792539E-6 	 6.433235639055882E-4 	 5.534143049002978E-6 	 6.433235639055882E-4 	 5.534143049002978E-6 	 6.433235639055882E-4 	 5.534143049002978E-6 	 6.433235639055882E-4 	 5.534143049002978E-6 	 
0.45599999999999996 	 1.7733219679833036E-6 	 1.9723159841910132E-6 	 1.7733219679833036E-6 	 1.9723159841910132E-6 	 1.7733219679833036E-6 	 1.9723159841910132E-6 	 1.7733219679833036E-6 	 1.9723159841910132E-6 	 5.40071927161625E-4 	 4.80022059691849E-6 	 5.40071927161625E-4 	 4.80022059691849E-6 	 5.40071927161625E-4 	 4.80022059691849E-6 	 5.40071927161625E-4 	 4.80022059691849E-6 	 
0.48 	 1.570220668064721E-6 	 2.457819150336508E-6 	 1.570220668064721E-6 	 2.457819150336508E-6 	 1.570220668064721E-6 	 2.457819150336508E-6 	 1.570220668064721E-6 	 2.457819150336508E-6 	 4.549727772640982E-4 	 4.414503466928307E-6 	 4.549727772640982E-4 	 4.414503466928307E-6 	 4.549727772640982E-4 	 4.414503466928307E-6 	 4.549727772640982E-4 	 4.414503466928307E-6 	 
0.504 	 1.80645810955775E-6 	 2.2140107287657913E-6 	 1.80645810955775E-6 	 2.2140107287657913E-6 	 1.80645810955775E-6 	 2.2140107287657913E-6 	 1.80645810955775E-6 	 2.2140107287657913E-6 	 3.831301249401744E-4 	 3.7232710954767015E-6 	 3.831301249401744E-4 	 3.7232710954767015E-6 	 3.831301249401744E-4 	 3.7232710954767015E-6 	 3.831301249401744E-4 	 3.7232710954767015E-6 	 
0.528 	 9.045005113511357E-7 	 1.2075632770082062E-6 	 9.045005113511357E-7 	 1.2075632770082062E-6 	 9.045005113511357E-7 	 1.2075632770082062E-6 	 9.045005113511357E-7 	 1.2075632770082062E-6 	 2.705336098277328E-4 	 2.3902009374552204E-6 	 2.705336098277328E-4 	 2.3902009374552204E-6 	 2.705336098277328E-4 	 2.3902009374552204E-6 	 2.705336098277328E-4 	 2.3902009374552204E-6 	 
0.552 	 5.944001022477313E-7 	 7.66882148804944E-7 	 5.944001022477313E-7 	 7.66882148804944E-7 	 5.944001022477313E-7 	 7.66882148804944E-7 	 5.944001022477313E-7 	 7.66882148804944E-7 	 2.1067394566169468E-4 	 1.6337335963293224E-6 	 2.1067394566169468E-4 	 1.6337335963293224E-6 	 2.1067394566169468E-4 	 1.6337335963293224E-6 	 2.1067394566169468E-4 	 1.6337335963293224E-6 	 
0.5760000000000001 	 3.6585087642891055E-7 	 6.12525768948067E-7 	 3.6585087642891055E-7 	 6.12525768948067E-7 	 3.6585087642891055E-7 	 6.12525768948067E-7 	 3.6585087642891055E-7 	 6.12525768948067E-7 	 1.470252091980838E-4 	 1.110270443613041E-6 	 1.470252091980838E-4 	 1.110270443613041E-6 	 1.470252091980838E-4 	 1.110270443613041E-6 	 1.470252091980838E-4 	 1.110270443613041E-6 	 
0.6000000000000001 	 4.775488859452035E-7 	 5.899037524337808E-7 	 4.775488859452035E-7 	 5.899037524337808E-7 	 4.775488859452035E-7 	 5.899037524337808E-7 	 4.775488859452035E-7 	 5.899037524337808E-7 	 1.848430868313258E-4 	 1.431650938663134E-6 	 1.848430868313258E-4 	 1.431650938663134E-6 	 1.848430868313258E-4 	 1.431650938663134E-6 	 1.848430868313258E-4 	 1.431650938663134E-6 	 
0.6240000000000001 	 3.544137064148991E-7 	 4.585610095506332E-7 	 3.544137064148991E-7 	 4.585610095506332E-7 	 3.544137064148991E-7 	 4.585610095506332E-7 	 3.544137064148991E-7 	 4.585610095506332E-7 	 1.5032497461642898E-4 	 1.174412898070257E-6 	 1.5032497461642898E-4 	 1.174412898070257E-6 	 1.5032497461642898E-4 	 1.174412898070257E-6 	 1.5032497461642898E-4 	 1.174412898070257E-6 	 
0.6480000000000001 	 3.5059222765800563E-7 	 4.141120928469813E-7 	 3.5059222765800563E-7 	 4.141120928469813E-7 	 3.5059222765800563E-7 	 4.141120928469813E-7 	 3.5059222765800563E-7 	 4.141120928469813E-7 	 1.44885874380145E-4 	 1.2607231671033348E-6 	 1.44885874380145E-4 	 1.2607231671033348E-6 	 1.44885874380145E-4 	 1.2607231671033348E-6 	 1.44885874380145E-4 	 1.2607231671033348E-6 	 
0.6720000000000002 	 4.027253154229171E-7 	 6.277993577375334E-7 	 4.027253154229171E-7 	 6.277993577375334E-7 	 4.027253154229171E-7 	 6.277993577375334E-7 	 4.027253154229171E-7 	 6.277993577375334E-7 	 1.3340124199372525E-4 	 1.2433394031095037E-6 	 1.3340124199372525E-4 	 1.2433394031095037E-6 	 1.3340124199372525E-4 	 1.2433394031095037E-6 	 1.3340124199372525E-4 	 1.2433394031095037E-6 	 
0.6960000000000002 	 4.725863802354474E-7 	 5.287390515316793E-7 	 4.725863802354474E-7 	 5.287390515316793E-7 	 4.725863802354474E-7 	 5.287390515316793E-7 	 4.725863802354474E-7 	 5.287390515316793E-7 	 1.0690643192110792E-4 	 1.082418111942221E-6 	 1.0690643192110792E-4 	 1.082418111942221E-6 	 1.0690643192110792E-4 	 1.082418111942221E-6 	 1.0690643192110792E-4 	 1.082418111942221E-6 	 
0.7200000000000002 	 2.6171298040251613E-7 	 3.8336110068746457E-7 	 2.6171298040251613E-7 	 3.8336110068746457E-7 	 2.6171298040251613E-7 	 3.8336110068746457E-7 	 2.6171298040251613E-7 	 3.8336110068746457E-7 	 7.518374912148319E-5 	 6.749645679520893E-7 	 7.518374912148319E-5 	 6.749645679520893E-7 	 7.518374912148319E-5 	 6.749645679520893E-7 	 7.518374912148319E-5 	 6.749645679520893E-7 	 
0.7440000000000002 	 3.238624270947607E-7 	 4.190870436258291E-7 	 3.238624270947607E-7 	 4.190870436258291E-7 	 3.238624270947607E-7 	 4.190870436258291E-7 	 3.238624270947607E-7 	 4.190870436258291E-7 	 7.210387392222563E-5 	 6.636758482258113E-7 	 7.210387392222563E-5 	 6.636758482258113E-7 	 7.210387392222563E-5 	 6.636758482258113E-7 	 7.210387392222563E-5 	 6.636758482258113E-7 	 
0.7680000000000002 	 1.2705170467486776E-7 	 2.482975488474219E-7 	 1.2705170467486776E-7 	 2.482975488474219E-7 	 1.2705170467486776E-7 	 2.482975488474219E-7 	 1.2705170467486776E-7 	 2.482975488474219E-7 	 3.0637666024890626E-5 	 2.662168136891996E-7 	 3.0637666024890626E-5 	 2.662168136891996E-7 	 3.0637666024890626E-5 	 2.662168136891996E-7 	 3.0637666024890626E-5 	 2.662168136891996E-7 	 
0.7920000000000003 	 6.222061579166843E-8 	 7.01222798442252E-8 	 6.222061579166843E-8 	 7.01222798442252E-8 	 6.222061579166843E-8 	 7.01222798442252E-8 	 6.222061579166843E-8 	 7.01222798442252E-8 	 5.3152788726114966E-5 	 3.580754607033877E-7 	 5.3152788726114966E-5 	 3.580754607033877E-7 	 5.3152788726114966E-5 	 3.580754607033877E-7 	 5.3152788726114966E-5 	 3.580754607033877E-7 	 
0.8160000000000003 	 6.860314491332299E-8 	 4.46338319246942E-8 	 6.860314491332299E-8 	 4.46338319246942E-8 	 6.860314491332299E-8 	 4.46338319246942E-8 	 6.860314491332299E-8 	 4.46338319246942E-8 	 4.467004128038129E-5 	 3.127636774003461E-7 	 4.467004128038129E-5 	 3.127636774003461E-7 	 4.467004128038129E-5 	 3.127636774003461E-7 	 4.467004128038129E-5 	 3.127636774003461E-7 	 
0.8399999999999999 	 6.223165073336646E-8 	 3.1940737968064744E-8 	 6.223165073336646E-8 	 3.1940737968064744E-8 	 6.223165073336646E-8 	 3.1940737968064744E-8 	 6.223165073336646E-8 	 3.1940737968064744E-8 	 3.9179495021675756E-5 	 3.1345228571590883E-7 	 3.9179495021675756E-5 	 3.1345228571590883E-7 	 3.9179495021675756E-5 	 3.1345228571590883E-7 	 3.9179495021675756E-5 	 3.1345228571590883E-7 	 
0.8639999999999999 	 1.270522643739036E-7 	 3.016945359457426E-7 	 1.270522643739036E-7 	 3.016945359457426E-7 	 1.270522643739036E-7 	 3.016945359457426E-7 	 1.270522643739036E-7 	 3.016945359457426E-7 	 4.294432478738662E-5 	 4.2955858518624824E-7 	 4.294432478738662E-5 	 4.2955858518624824E-7 	 4.294432478738662E-5 	 4.2955858518624824E-7 	 4.294432478738662E-5 	 4.2955858518624824E-7 	 
0.8879999999999999 	 2.2104593251941487E-7 	 2.459010592247533E-7 	 2.2104593251941487E-7 	 2.459010592247533E-7 	 2.2104593251941487E-7 	 2.459010592247533E-7 	 2.2104593251941487E-7 	 2.459010592247533E-7 	 3.366454580535766E-5 	 3.423531672021802E-7 	 3.366454580535766E-5 	 3.423531672021802E-7 	 3.366454580535766E-5 	 3.423531672021802E-7 	 3.366454580535766E-5 	 3.423531672021802E-7 	 
0.9119999999999999 	 1.2705758285513969E-8 	 2.1675949078752394E-8 	 1.2705758285513969E-8 	 2.1675949078752394E-8 	 1.2705758285513969E-8 	 2.1675949078752394E-8 	 1.2705758285513969E-8 	 2.1675949078752394E-8 	 2.2162791763301036E-5 	 1.254765646732502E-7 	 2.2162791763301036E-5 	 1.254765646732502E-7 	 2.2162791763301036E-5 	 1.254765646732502E-7 	 2.2162791763301036E-5 	 1.254765646732502E-7 	 
0.9359999999999999 	 2.9162697614904177E-8 	 4.585596725546059E-8 	 2.9162697614904177E-8 	 4.585596725546059E-8 	 2.9162697614904177E-8 	 4.585596725546059E-8 	 2.9162697614904177E-8 	 4.585596725546059E-8 	 2.173286107800276E-5 	 8.786244532458657E-8 	 2.173286107800276E-5 	 8.786244532458657E-8 	 2.173286107800276E-5 	 8.786244532458657E-8 	 2.173286107800276E-5 	 8.786244532458657E-8 	 
0.96 	 1.0169421183439656E-8 	 6.490459692511492E-8 	 1.0169421183439656E-8 	 6.490459692511492E-8 	 1.0169421183439656E-8 	 6.490459692511492E-8 	 1.0169421183439656E-8 	 6.490459692511492E-8 	 9.78521111916532E-6 	 6.346420290840273E-8 	 9.78521111916532E-6 	 6.346420290840273E-8 	 9.78521111916532E-6 	 6.346420290840273E-8 	 9.78521111916532E-6 	 6.346420290840273E-8 	 
0.984 	 3.427959883873423E-8 	 2.0420997684097187E-8 	 3.427959883873423E-8 	 2.0420997684097187E-8 	 3.427959883873423E-8 	 2.0420997684097187E-8 	 3.427959883873423E-8 	 2.0420997684097187E-8 	 2.8834901304023388E-5 	 1.6499942385095572E-7 	 2.8834901304023388E-5 	 1.6499942385095572E-7 	 2.8834901304023388E-5 	 1.6499942385095572E-7 	 2.8834901304023388E-5 	 1.6499942385095572E-7 	 
1.008 	 3.811559526185261E-8 	 2.6781198551703145E-8 	 3.811559526185261E-8 	 2.6781198551703145E-8 	 3.811559526185261E-8 	 2.6781198551703145E-8 	 3.811559526185261E-8 	 2.6781198551703145E-8 	 2.8931146218340273E-5 	 1.9823417128109147E-7 	 2.8931146218340273E-5 	 1.9823417128109147E-7 	 2.8931146218340273E-5 	 1.9823417128109147E-7 	 2.8931146218340273E-5 	 1.9823417128109147E-7 	 
1.032 	 3.1753059028978945E-8 	 1.1513512404283604E-8 	 3.1753059028978945E-8 	 1.1513512404283604E-8 	 3.1753059028978945E-8 	 1.1513512404283604E-8 	 3.1753059028978945E-8 	 1.1513512404283604E-8 	 2.1059947074312135E-5 	 1.5878177893745227E-7 	 2.1059947074312135E-5 	 1.5878177893745227E-7 	 2.1059947074312135E-5 	 1.5878177893745227E-7 	 2.1059947074312135E-5 	 1.5878177893745227E-7 	 
1.056 	 6.352823157199168E-8 	 1.502051769224615E-7 	 6.352823157199168E-8 	 1.502051769224615E-7 	 6.352823157199168E-8 	 1.502051769224615E-7 	 6.352823157199168E-8 	 1.502051769224615E-7 	 2.2690007104476605E-5 	 2.2422799576101699E-7 	 2.2690007104476605E-5 	 2.2422799576101699E-7 	 2.2690007104476605E-5 	 2.2422799576101699E-7 	 2.2690007104476605E-5 	 2.2422799576101699E-7 	 
1.08 	 1.1433307021142641E-7 	 1.274127042275612E-7 	 1.1433307021142641E-7 	 1.274127042275612E-7 	 1.1433307021142641E-7 	 1.274127042275612E-7 	 1.1433307021142641E-7 	 1.274127042275612E-7 	 2.2597302018797667E-5 	 2.0306475932978603E-7 	 2.2597302018797667E-5 	 2.0306475932978603E-7 	 2.2597302018797667E-5 	 2.0306475932978603E-7 	 2.2597302018797667E-5 	 2.0306475932978603E-7 	 
1.104 	 6.353578948951841E-9 	 1.147191475725839E-8 	 6.353578948951841E-9 	 1.147191475725839E-8 	 6.353578948951841E-9 	 1.147191475725839E-8 	 6.353578948951841E-9 	 1.147191475725839E-8 	 1.1176986727117134E-5 	 3.283058182713474E-8 	 1.1176986727117134E-5 	 3.283058182713474E-8 	 1.1176986727117134E-5 	 3.283058182713474E-8 	 1.1176986727117134E-5 	 3.283058182713474E-8 	 
1.1280000000000001 	 1.9014830145827787E-8 	 6.388026269819209E-9 	 1.9014830145827787E-8 	 6.388026269819209E-9 	 1.9014830145827787E-8 	 6.388026269819209E-9 	 1.9014830145827787E-8 	 6.388026269819209E-9 	 9.97096068889872E-6 	 3.65686635633821E-8 	 9.97096068889872E-6 	 3.65686635633821E-8 	 9.97096068889872E-6 	 3.65686635633821E-8 	 9.97096068889872E-6 	 3.65686635633821E-8 	 
1.1520000000000001 	 1.0169421183439656E-8 	 6.490459692511492E-8 	 1.0169421183439656E-8 	 6.490459692511492E-8 	 1.0169421183439656E-8 	 6.490459692511492E-8 	 1.0169421183439656E-8 	 6.490459692511492E-8 	 9.78521111916532E-6 	 6.346420290840273E-8 	 9.78521111916532E-6 	 6.346420290840273E-8 	 9.78521111916532E-6 	 6.346420290840273E-8 	 9.78521111916532E-6 	 6.346420290840273E-8 	 
1.1760000000000002 	 2.2859224111901458E-8 	 1.1489902933572443E-8 	 2.2859224111901458E-8 	 1.1489902933572443E-8 	 2.2859224111901458E-8 	 1.1489902933572443E-8 	 2.2859224111901458E-8 	 1.1489902933572443E-8 	 1.623171777211111E-5 	 1.2268472864183033E-7 	 1.623171777211111E-5 	 1.2268472864183033E-7 	 1.623171777211111E-5 	 1.2268472864183033E-7 	 1.623171777211111E-5 	 1.2268472864183033E-7 	 
1.2000000000000002 	 3.048754965147037E-8 	 1.7852633372991054E-8 	 3.048754965147037E-8 	 1.7852633372991054E-8 	 3.048754965147037E-8 	 1.7852633372991054E-8 	 3.048754965147037E-8 	 1.7852633372991054E-8 	 1.5738895062041025E-5 	 1.1452950611925462E-7 	 1.5738895062041025E-5 	 1.1452950611925462E-7 	 1.5738895062041025E-5 	 1.1452950611925462E-7 	 1.5738895062041025E-5 	 1.1452950611925462E-7 	 
1.2240000000000002 	 2.159763375419121E-8 	 1.0216120192582655E-8 	 2.159763375419121E-8 	 1.0216120192582655E-8 	 2.159763375419121E-8 	 1.0216120192582655E-8 	 2.159763375419121E-8 	 1.0216120192582655E-8 	 8.990158419108901E-6 	 9.852067340950487E-8 	 8.990158419108901E-6 	 9.852067340950487E-8 	 8.990158419108901E-6 	 9.852067340950487E-8 	 8.990158419108901E-6 	 9.852067340950487E-8 	 
1.2480000000000002 	 5.7171573552935316E-8 	 1.1075438083083953E-7 	 5.7171573552935316E-8 	 1.1075438083083953E-7 	 5.7171573552935316E-8 	 1.1075438083083953E-7 	 5.7171573552935316E-8 	 1.1075438083083953E-7 	 1.0893284212698075E-5 	 1.394241700849027E-7 	 1.0893284212698075E-5 	 1.394241700849027E-7 	 1.0893284212698075E-5 	 1.394241700849027E-7 	 1.0893284212698075E-5 	 1.394241700849027E-7 	 
1.2720000000000002 	 1.0671286230798845E-7 	 1.1848835499719211E-7 	 1.0671286230798845E-7 	 1.1848835499719211E-7 	 1.0671286230798845E-7 	 1.1848835499719211E-7 	 1.0671286230798845E-7 	 1.1848835499719211E-7 	 1.1067243786559983E-5 	 1.3928840787239414E-7 	 1.1067243786559983E-5 	 1.3928840787239414E-7 	 1.1067243786559983E-5 	 1.3928840787239414E-7 	 1.1067243786559983E-5 	 1.3928840787239414E-7 	 
1.2960000000000003 	 0.0 	 0.0 	 0.0 	 0.0 	 0.0 	 0.0 	 0.0 	 0.0 	 0.0 	 0.0 	 0.0 	 0.0 	 0.0 	 0.0 	 0.0 	 0.0 	 
1.3200000000000003 	 0.0 	 0.0 	 0.0 	 0.0 	 0.0 	 0.0 	 0.0 	 0.0 	 0.0 	 0.0 	 0.0 	 0.0 	 0.0 	 0.0 	 0.0 	 0.0 	 
1.3440000000000003 	 0.0 	 0.0 	 0.0 	 0.0 	 0.0 	 0.0 	 0.0 	 0.0 	 0.0 	 0.0 	 0.0 	 0.0 	 0.0 	 0.0 	 0.0 	 0.0 	 
1.3680000000000003 	 0.0 	 0.0 	 0.0 	 0.0 	 0.0 	 0.0 	 0.0 	 0.0 	 0.0 	 0.0 	 0.0 	 0.0 	 0.0 	 0.0 	 0.0 	 0.0 	 
1.3920000000000003 	 0.0 	 0.0 	 0.0 	 0.0 	 0.0 	 0.0 	 0.0 	 0.0 	 0.0 	 0.0 	 0.0 	 0.0 	 0.0 	 0.0 	 0.0 	 0.0 	 
1.4160000000000004 	 0.0 	 0.0 	 0.0 	 0.0 	 0.0 	 0.0 	 0.0 	 0.0 	 0.0 	 0.0 	 0.0 	 0.0 	 0.0 	 0.0 	 0.0 	 0.0 	 
1.4400000000000004 	 0.0 	 0.0 	 0.0 	 0.0 	 0.0 	 0.0 	 0.0 	 0.0 	 0.0 	 0.0 	 0.0 	 0.0 	 0.0 	 0.0 	 0.0 	 0.0 	 
1.4640000000000004 	 0.0 	 0.0 	 0.0 	 0.0 	 0.0 	 0.0 	 0.0 	 0.0 	 0.0 	 0.0 	 0.0 	 0.0 	 0.0 	 0.0 	 0.0 	 0.0 	 
1.4880000000000004 	 0.0 	 0.0 	 0.0 	 0.0 	 0.0 	 0.0 	 0.0 	 0.0 	 0.0 	 0.0 	 0.0 	 0.0 	 0.0 	 0.0 	 0.0 	 0.0 	 
1.5120000000000005 	 0.0 	 0.0 	 0.0 	 0.0 	 0.0 	 0.0 	 0.0 	 0.0 	 0.0 	 0.0 	 0.0 	 0.0 	 0.0 	 0.0 	 0.0 	 0.0 	 
1.5360000000000005 	 0.0 	 0.0 	 0.0 	 0.0 	 0.0 	 0.0 	 0.0 	 0.0 	 0.0 	 0.0 	 0.0 	 0.0 	 0.0 	 0.0 	 0.0 	 0.0 	 
1.5600000000000005 	 0.0 	 0.0 	 0.0 	 0.0 	 0.0 	 0.0 	 0.0 	 0.0 	 0.0 	 0.0 	 0.0 	 0.0 	 0.0 	 0.0 	 0.0 	 0.0 	 
1.5840000000000005 	 0.0 	 0.0 	 0.0 	 0.0 	 0.0 	 0.0 	 0.0 	 0.0 	 0.0 	 0.0 	 0.0 	 0.0 	 0.0 	 0.0 	 0.0 	 0.0 	 
1.6080000000000005 	 0.0 	 0.0 	 0.0 	 0.0 	 0.0 	 0.0 	 0.0 	 0.0 	 0.0 	 0.0 	 0.0 	 0.0 	 0.0 	 0.0 	 0.0 	 0.0 	 
1.6319999999999997 	 0.0 	 0.0 	 0.0 	 0.0 	 0.0 	 0.0 	 0.0 	 0.0 	 0.0 	 0.0 	 0.0 	 0.0 	 0.0 	 0.0 	 0.0 	 0.0 	 
1.6559999999999997 	 0.0 	 0.0 	 0.0 	 0.0 	 0.0 	 0.0 	 0.0 	 0.0 	 0.0 	 0.0 	 0.0 	 0.0 	 0.0 	 0.0 	 0.0 	 0.0 	 
1.6799999999999997 	 0.0 	 0.0 	 0.0 	 0.0 	 0.0 	 0.0 	 0.0 	 0.0 	 0.0 	 0.0 	 0.0 	 0.0 	 0.0 	 0.0 	 0.0 	 0.0 	 
1.7039999999999997 	 0.0 	 0.0 	 0.0 	 0.0 	 0.0 	 0.0 	 0.0 	 0.0 	 0.0 	 0.0 	 0.0 	 0.0 	 0.0 	 0.0 	 0.0 	 0.0 	 
1.7279999999999998 	 0.0 	 0.0 	 0.0 	 0.0 	 0.0 	 0.0 	 0.0 	 0.0 	 0.0 	 0.0 	 0.0 	 0.0 	 0.0 	 0.0 	 0.0 	 0.0 	 
1.7519999999999998 	 0.0 	 0.0 	 0.0 	 0.0 	 0.0 	 0.0 	 0.0 	 0.0 	 0.0 	 0.0 	 0.0 	 0.0 	 0.0 	 0.0 	 0.0 	 0.0 	 
1.7759999999999998 	 0.0 	 0.0 	 0.0 	 0.0 	 0.0 	 0.0 	 0.0 	 0.0 	 0.0 	 0.0 	 0.0 	 0.0 	 0.0 	 0.0 	 0.0 	 0.0 	 
1.7999999999999998 	 0.0 	 0.0 	 0.0 	 0.0 	 0.0 	 0.0 	 0.0 	 0.0 	 0.0 	 0.0 	 0.0 	 0.0 	 0.0 	 0.0 	 0.0 	 0.0 	 
1.8239999999999998 	 0.0 	 0.0 	 0.0 	 0.0 	 0.0 	 0.0 	 0.0 	 0.0 	 0.0 	 0.0 	 0.0 	 0.0 	 0.0 	 0.0 	 0.0 	 0.0 	 
1.8479999999999999 	 0.0 	 0.0 	 0.0 	 0.0 	 0.0 	 0.0 	 0.0 	 0.0 	 0.0 	 0.0 	 0.0 	 0.0 	 0.0 	 0.0 	 0.0 	 0.0 	 
1.8719999999999999 	 0.0 	 0.0 	 0.0 	 0.0 	 0.0 	 0.0 	 0.0 	 0.0 	 0.0 	 0.0 	 0.0 	 0.0 	 0.0 	 0.0 	 0.0 	 0.0 	 
1.896 	 0.0 	 0.0 	 0.0 	 0.0 	 0.0 	 0.0 	 0.0 	 0.0 	 0.0 	 0.0 	 0.0 	 0.0 	 0.0 	 0.0 	 0.0 	 0.0 	 
1.92 	 0.0 	 0.0 	 0.0 	 0.0 	 0.0 	 0.0 	 0.0 	 0.0 	 0.0 	 0.0 	 0.0 	 0.0 	 0.0 	 0.0 	 0.0 	 0.0 	 
1.944 	 0.0 	 0.0 	 0.0 	 0.0 	 0.0 	 0.0 	 0.0 	 0.0 	 0.0 	 0.0 	 0.0 	 0.0 	 0.0 	 0.0 	 0.0 	 0.0 	 
1.968 	 0.0 	 0.0 	 0.0 	 0.0 	 0.0 	 0.0 	 0.0 	 0.0 	 0.0 	 0.0 	 0.0 	 0.0 	 0.0 	 0.0 	 0.0 	 0.0 	 
1.992 	 0.0 	 0.0 	 0.0 	 0.0 	 0.0 	 0.0 	 0.0 	 0.0 	 0.0 	 0.0 	 0.0 	 0.0 	 0.0 	 0.0 	 0.0 	 0.0 	 
2.016 	 0.0 	 0.0 	 0.0 	 0.0 	 0.0 	 0.0 	 0.0 	 0.0 	 0.0 	 0.0 	 0.0 	 0.0 	 0.0 	 0.0 	 0.0 	 0.0 	 
2.04 	 0.0 	 0.0 	 0.0 	 0.0 	 0.0 	 0.0 	 0.0 	 0.0 	 0.0 	 0.0 	 0.0 	 0.0 	 0.0 	 0.0 	 0.0 	 0.0 	 
2.064 	 0.0 	 0.0 	 0.0 	 0.0 	 0.0 	 0.0 	 0.0 	 0.0 	 0.0 	 0.0 	 0.0 	 0.0 	 0.0 	 0.0 	 0.0 	 0.0 	 
2.088 	 0.0 	 0.0 	 0.0 	 0.0 	 0.0 	 0.0 	 0.0 	 0.0 	 0.0 	 0.0 	 0.0 	 0.0 	 0.0 	 0.0 	 0.0 	 0.0 	 
2.112 	 0.0 	 0.0 	 0.0 	 0.0 	 0.0 	 0.0 	 0.0 	 0.0 	 0.0 	 0.0 	 0.0 	 0.0 	 0.0 	 0.0 	 0.0 	 0.0 	 
2.136 	 0.0 	 0.0 	 0.0 	 0.0 	 0.0 	 0.0 	 0.0 	 0.0 	 0.0 	 0.0 	 0.0 	 0.0 	 0.0 	 0.0 	 0.0 	 0.0 	 
2.16 	 0.0 	 0.0 	 0.0 	 0.0 	 0.0 	 0.0 	 0.0 	 0.0 	 0.0 	 0.0 	 0.0 	 0.0 	 0.0 	 0.0 	 0.0 	 0.0 	 
2.184 	 0.0 	 0.0 	 0.0 	 0.0 	 0.0 	 0.0 	 0.0 	 0.0 	 0.0 	 0.0 	 0.0 	 0.0 	 0.0 	 0.0 	 0.0 	 0.0 	 
2.208 	 0.0 	 0.0 	 0.0 	 0.0 	 0.0 	 0.0 	 0.0 	 0.0 	 0.0 	 0.0 	 0.0 	 0.0 	 0.0 	 0.0 	 0.0 	 0.0 	 
2.232 	 0.0 	 0.0 	 0.0 	 0.0 	 0.0 	 0.0 	 0.0 	 0.0 	 0.0 	 0.0 	 0.0 	 0.0 	 0.0 	 0.0 	 0.0 	 0.0 	 
2.2560000000000002 	 0.0 	 0.0 	 0.0 	 0.0 	 0.0 	 0.0 	 0.0 	 0.0 	 0.0 	 0.0 	 0.0 	 0.0 	 0.0 	 0.0 	 0.0 	 0.0 	 
2.2800000000000002 	 0.0 	 0.0 	 0.0 	 0.0 	 0.0 	 0.0 	 0.0 	 0.0 	 0.0 	 0.0 	 0.0 	 0.0 	 0.0 	 0.0 	 0.0 	 0.0 	 
2.3040000000000003 	 0.0 	 0.0 	 0.0 	 0.0 	 0.0 	 0.0 	 0.0 	 0.0 	 0.0 	 0.0 	 0.0 	 0.0 	 0.0 	 0.0 	 0.0 	 0.0 	 
2.3280000000000003 	 0.0 	 0.0 	 0.0 	 0.0 	 0.0 	 0.0 	 0.0 	 0.0 	 0.0 	 0.0 	 0.0 	 0.0 	 0.0 	 0.0 	 0.0 	 0.0 	 
2.3520000000000003 	 0.0 	 0.0 	 0.0 	 0.0 	 0.0 	 0.0 	 0.0 	 0.0 	 0.0 	 0.0 	 0.0 	 0.0 	 0.0 	 0.0 	 0.0 	 0.0 	 
2.3760000000000003 	 0.0 	 0.0 	 0.0 	 0.0 	 0.0 	 0.0 	 0.0 	 0.0 	 0.0 	 0.0 	 0.0 	 0.0 	 0.0 	 0.0 	 0.0 	 0.0 	 
2.4000000000000004 	 0.0 	 0.0 	 0.0 	 0.0 	 0.0 	 0.0 	 0.0 	 0.0 	 0.0 	 0.0 	 0.0 	 0.0 	 0.0 	 0.0 	 0.0 	 0.0 	 
2.4240000000000004 	 0.0 	 0.0 	 0.0 	 0.0 	 0.0 	 0.0 	 0.0 	 0.0 	 0.0 	 0.0 	 0.0 	 0.0 	 0.0 	 0.0 	 0.0 	 0.0 	 
2.4480000000000004 	 0.0 	 0.0 	 0.0 	 0.0 	 0.0 	 0.0 	 0.0 	 0.0 	 0.0 	 0.0 	 0.0 	 0.0 	 0.0 	 0.0 	 0.0 	 0.0 	 
2.4720000000000004 	 0.0 	 0.0 	 0.0 	 0.0 	 0.0 	 0.0 	 0.0 	 0.0 	 0.0 	 0.0 	 0.0 	 0.0 	 0.0 	 0.0 	 0.0 	 0.0 	 
2.4960000000000004 	 0.0 	 0.0 	 0.0 	 0.0 	 0.0 	 0.0 	 0.0 	 0.0 	 0.0 	 0.0 	 0.0 	 0.0 	 0.0 	 0.0 	 0.0 	 0.0 	 
2.5200000000000005 	 0.0 	 0.0 	 0.0 	 0.0 	 0.0 	 0.0 	 0.0 	 0.0 	 0.0 	 0.0 	 0.0 	 0.0 	 0.0 	 0.0 	 0.0 	 0.0 	 
2.5440000000000005 	 0.0 	 0.0 	 0.0 	 0.0 	 0.0 	 0.0 	 0.0 	 0.0 	 0.0 	 0.0 	 0.0 	 0.0 	 0.0 	 0.0 	 0.0 	 0.0 	 
2.5680000000000005 	 0.0 	 0.0 	 0.0 	 0.0 	 0.0 	 0.0 	 0.0 	 0.0 	 0.0 	 0.0 	 0.0 	 0.0 	 0.0 	 0.0 	 0.0 	 0.0 	 
2.5920000000000005 	 0.0 	 0.0 	 0.0 	 0.0 	 0.0 	 0.0 	 0.0 	 0.0 	 0.0 	 0.0 	 0.0 	 0.0 	 0.0 	 0.0 	 0.0 	 0.0 	 
2.6160000000000005 	 0.0 	 0.0 	 0.0 	 0.0 	 0.0 	 0.0 	 0.0 	 0.0 	 0.0 	 0.0 	 0.0 	 0.0 	 0.0 	 0.0 	 0.0 	 0.0 	 
2.6399999999999997 	 0.0 	 0.0 	 0.0 	 0.0 	 0.0 	 0.0 	 0.0 	 0.0 	 0.0 	 0.0 	 0.0 	 0.0 	 0.0 	 0.0 	 0.0 	 0.0 	 
2.6639999999999997 	 0.0 	 0.0 	 0.0 	 0.0 	 0.0 	 0.0 	 0.0 	 0.0 	 0.0 	 0.0 	 0.0 	 0.0 	 0.0 	 0.0 	 0.0 	 0.0 	 
2.6879999999999997 	 0.0 	 0.0 	 0.0 	 0.0 	 0.0 	 0.0 	 0.0 	 0.0 	 0.0 	 0.0 	 0.0 	 0.0 	 0.0 	 0.0 	 0.0 	 0.0 	 
2.7119999999999997 	 0.0 	 0.0 	 0.0 	 0.0 	 0.0 	 0.0 	 0.0 	 0.0 	 0.0 	 0.0 	 0.0 	 0.0 	 0.0 	 0.0 	 0.0 	 0.0 	 
2.7359999999999998 	 0.0 	 0.0 	 0.0 	 0.0 	 0.0 	 0.0 	 0.0 	 0.0 	 0.0 	 0.0 	 0.0 	 0.0 	 0.0 	 0.0 	 0.0 	 0.0 	 
2.76 	 0.0 	 0.0 	 0.0 	 0.0 	 0.0 	 0.0 	 0.0 	 0.0 	 0.0 	 0.0 	 0.0 	 0.0 	 0.0 	 0.0 	 0.0 	 0.0 	 
2.784 	 0.0 	 0.0 	 0.0 	 0.0 	 0.0 	 0.0 	 0.0 	 0.0 	 0.0 	 0.0 	 0.0 	 0.0 	 0.0 	 0.0 	 0.0 	 0.0 	 
2.808 	 0.0 	 0.0 	 0.0 	 0.0 	 0.0 	 0.0 	 0.0 	 0.0 	 0.0 	 0.0 	 0.0 	 0.0 	 0.0 	 0.0 	 0.0 	 0.0 	 
2.832 	 0.0 	 0.0 	 0.0 	 0.0 	 0.0 	 0.0 	 0.0 	 0.0 	 0.0 	 0.0 	 0.0 	 0.0 	 0.0 	 0.0 	 0.0 	 0.0 	 
2.856 	 0.0 	 0.0 	 0.0 	 0.0 	 0.0 	 0.0 	 0.0 	 0.0 	 0.0 	 0.0 	 0.0 	 0.0 	 0.0 	 0.0 	 0.0 	 0.0 	 
2.88 	 0.0 	 0.0 	 0.0 	 0.0 	 0.0 	 0.0 	 0.0 	 0.0 	 0.0 	 0.0 	 0.0 	 0.0 	 0.0 	 0.0 	 0.0 	 0.0 	 
2.904 	 0.0 	 0.0 	 0.0 	 0.0 	 0.0 	 0.0 	 0.0 	 0.0 	 0.0 	 0.0 	 0.0 	 0.0 	 0.0 	 0.0 	 0.0 	 0.0 	 
2.928 	 0.0 	 0.0 	 0.0 	 0.0 	 0.0 	 0.0 	 0.0 	 0.0 	 0.0 	 0.0 	 0.0 	 0.0 	 0.0 	 0.0 	 0.0 	 0.0 	 
2.952 	 0.0 	 0.0 	 0.0 	 0.0 	 0.0 	 0.0 	 0.0 	 0.0 	 0.0 	 0.0 	 0.0 	 0.0 	 0.0 	 0.0 	 0.0 	 0.0 	 
2.976 	 0.0 	 0.0 	 0.0 	 0.0 	 0.0 	 0.0 	 0.0 	 0.0 	 0.0 	 0.0 	 0.0 	 0.0 	 0.0 	 0.0 	 0.0 	 0.0 	 
