-3.0 	 1.3508250496236447E-5 	 1.0085882079452072E-5 	 4.827137695635096E-5 	 0.0025835979339425153 	 1.3508250496236447E-5 	 1.0085882079452072E-5 	 4.827137695635096E-5 	 0.0025835979339425153 	 
-2.976 	 1.3573817413429387E-5 	 1.047698304236736E-5 	 4.7702503617665594E-5 	 0.002428396261805282 	 1.3573817413429387E-5 	 1.047698304236736E-5 	 4.7702503617665594E-5 	 0.002428396261805282 	 
-2.952 	 2.0515281523003242E-5 	 1.712538064306557E-5 	 5.431102894127258E-5 	 0.00247221805703242 	 2.0515281523003242E-5 	 1.712538064306557E-5 	 5.431102894127258E-5 	 0.00247221805703242 	 
-2.928 	 1.4915153688475558E-5 	 1.0972269907366145E-5 	 5.400819742853612E-5 	 0.002942157941751489 	 1.4915153688475558E-5 	 1.0972269907366145E-5 	 5.400819742853612E-5 	 0.002942157941751489 	 
-2.904 	 1.6490421760555845E-5 	 1.2125887622445315E-5 	 5.9152643795043316E-5 	 0.0032516692780881653 	 1.6490421760555845E-5 	 1.2125887622445315E-5 	 5.9152643795043316E-5 	 0.0032516692780881653 	 
-2.88 	 1.629701475552142E-5 	 1.2203043415543812E-5 	 5.88327918341787E-5 	 0.003121469126883089 	 1.629701475552142E-5 	 1.2203043415543812E-5 	 5.88327918341787E-5 	 0.003121469126883089 	 
-2.856 	 1.698073926062861E-5 	 1.2789089422733379E-5 	 6.113467315047086E-5 	 0.003199068047024743 	 1.698073926062861E-5 	 1.2789089422733379E-5 	 6.113467315047086E-5 	 0.003199068047024743 	 
-2.832 	 2.044390204783668E-5 	 1.5506841246668982E-5 	 7.077041548016464E-5 	 0.0037541799338485847 	 2.044390204783668E-5 	 1.5506841246668982E-5 	 7.077041548016464E-5 	 0.0037541799338485847 	 
-2.808 	 2.7696150239211304E-5 	 2.2475603555826452E-5 	 7.832215093475073E-5 	 0.0038520279724659394 	 2.7696150239211304E-5 	 2.2475603555826452E-5 	 7.832215093475073E-5 	 0.0038520279724659394 	 
-2.784 	 2.0820885408879458E-5 	 1.59543995081684E-5 	 7.188499271981472E-5 	 0.0037494577055396856 	 2.0820885408879458E-5 	 1.59543995081684E-5 	 7.188499271981472E-5 	 0.0037494577055396856 	 
-2.76 	 3.1265423816951165E-5 	 2.5323715556799755E-5 	 8.838408884467501E-5 	 0.004377213357558829 	 3.1265423816951165E-5 	 2.5323715556799755E-5 	 8.838408884467501E-5 	 0.004377213357558829 	 
-2.7359999999999998 	 3.2212244914079715E-5 	 2.602232556822815E-5 	 9.303735447793107E-5 	 0.004598456717593402 	 3.2212244914079715E-5 	 2.602232556822815E-5 	 9.303735447793107E-5 	 0.004598456717593402 	 
-2.7119999999999997 	 3.177393123471647E-5 	 2.5795523219794188E-5 	 9.178055653311517E-5 	 0.004462017904015422 	 3.177393123471647E-5 	 2.5795523219794188E-5 	 9.178055653311517E-5 	 0.004462017904015422 	 
-2.688 	 3.277725929358174E-5 	 2.6139721361048933E-5 	 9.784109185361189E-5 	 0.004896242135156778 	 3.277725929358174E-5 	 2.6139721361048933E-5 	 9.784109185361189E-5 	 0.004896242135156778 	 
-2.664 	 2.8051454125540676E-5 	 2.099658174371062E-5 	 9.936637395414354E-5 	 0.00532323765055604 	 2.8051454125540676E-5 	 2.099658174371062E-5 	 9.936637395414354E-5 	 0.00532323765055604 	 
-2.64 	 3.6531360742467446E-5 	 2.88677597561729E-5 	 1.1116189694295368E-4 	 0.005647312841912851 	 3.6531360742467446E-5 	 2.88677597561729E-5 	 1.1116189694295368E-4 	 0.005647312841912851 	 
-2.616 	 3.071712587187886E-5 	 2.2916002814363243E-5 	 1.1076808507275894E-4 	 0.0059185178414107725 	 3.071712587187886E-5 	 2.2916002814363243E-5 	 1.1076808507275894E-4 	 0.0059185178414107725 	 
-2.592 	 3.344248521097355E-5 	 2.507649242265845E-5 	 1.1829720895072942E-4 	 0.006329150760972572 	 3.344248521097355E-5 	 2.507649242265845E-5 	 1.1829720895072942E-4 	 0.006329150760972572 	 
-2.568 	 4.356736196222136E-5 	 3.434447282833517E-5 	 1.345859428355431E-4 	 0.006865882791370366 	 4.356736196222136E-5 	 3.434447282833517E-5 	 1.345859428355431E-4 	 0.006865882791370366 	 
-2.544 	 4.364843495023615E-5 	 3.441778764425297E-5 	 1.370556724286073E-4 	 0.006918861569210642 	 4.364843495023615E-5 	 3.441778764425297E-5 	 1.370556724286073E-4 	 0.006918861569210642 	 
-2.52 	 3.9256196153447365E-5 	 2.953074225764293E-5 	 1.3883682765541698E-4 	 0.00739020929844536 	 3.9256196153447365E-5 	 2.953074225764293E-5 	 1.3883682765541698E-4 	 0.00739020929844536 	 
-2.496 	 5.0218443573419585E-5 	 3.973887817133886E-5 	 1.5681142214431172E-4 	 0.007916165829225665 	 5.0218443573419585E-5 	 3.973887817133886E-5 	 1.5681142214431172E-4 	 0.007916165829225665 	 
-2.472 	 5.77652870438764E-5 	 4.686639638199979E-5 	 1.6536573511080307E-4 	 0.008034208316386942 	 5.77652870438764E-5 	 4.686639638199979E-5 	 1.6536573511080307E-4 	 0.008034208316386942 	 
-2.448 	 5.3903798431631054E-5 	 4.179037769112412E-5 	 1.726699256463581E-4 	 0.008972632087875684 	 5.3903798431631054E-5 	 4.179037769112412E-5 	 1.726699256463581E-4 	 0.008972632087875684 	 
-2.424 	 5.599764568741307E-5 	 4.307080457732544E-5 	 1.8287177830460534E-4 	 0.009564856204167162 	 5.599764568741307E-5 	 4.307080457732544E-5 	 1.8287177830460534E-4 	 0.009564856204167162 	 
-2.4 	 4.97168446137811E-5 	 3.682005212237331E-5 	 1.808228803993595E-4 	 0.009737792341376318 	 4.97168446137811E-5 	 3.682005212237331E-5 	 1.808228803993595E-4 	 0.009737792341376318 	 
-2.376 	 5.1488376737093655E-5 	 3.8405212919320374E-5 	 1.8770927794700554E-4 	 0.009976899591445501 	 5.1488376737093655E-5 	 3.8405212919320374E-5 	 1.8770927794700554E-4 	 0.009976899591445501 	 
-2.352 	 5.5679476850378845E-5 	 4.1926607929063194E-5 	 1.9839692077392224E-4 	 0.010488034374912575 	 5.5679476850378845E-5 	 4.1926607929063194E-5 	 1.9839692077392224E-4 	 0.010488034374912575 	 
-2.328 	 7.365200652658749E-5 	 5.820436570994228E-5 	 2.2522835231957348E-4 	 0.011418685937753957 	 7.365200652658749E-5 	 5.820436570994228E-5 	 2.2522835231957348E-4 	 0.011418685937753957 	 
-2.304 	 6.3141508109258E-5 	 4.7485993579698636E-5 	 2.2478032378786517E-4 	 0.011924989215188026 	 6.3141508109258E-5 	 4.7485993579698636E-5 	 2.2478032378786517E-4 	 0.011924989215188026 	 
-2.2800000000000002 	 8.020266100263922E-5 	 6.312564883569244E-5 	 2.4849855633899304E-4 	 0.012631798844541232 	 8.020266100263922E-5 	 6.312564883569244E-5 	 2.4849855633899304E-4 	 0.012631798844541232 	 
-2.2560000000000002 	 7.16910060132578E-5 	 5.3743955960921503E-5 	 2.5523092320287266E-4 	 0.01362400644693026 	 7.16910060132578E-5 	 5.3743955960921503E-5 	 2.5523092320287266E-4 	 0.01362400644693026 	 
-2.232 	 9.001436165526185E-5 	 7.073426560896338E-5 	 2.8153589375090816E-4 	 0.01433509887931364 	 9.001436165526185E-5 	 7.073426560896338E-5 	 2.8153589375090816E-4 	 0.01433509887931364 	 
-2.208 	 8.619070908376683E-5 	 6.614073311432574E-5 	 2.8821559819095215E-4 	 0.015062800800137562 	 8.619070908376683E-5 	 6.614073311432574E-5 	 2.8821559819095215E-4 	 0.015062800800137562 	 
-2.184 	 9.40271005593212E-5 	 7.347360584580559E-5 	 3.010509965611974E-4 	 0.015337199991795716 	 9.40271005593212E-5 	 7.347360584580559E-5 	 3.010509965611974E-4 	 0.015337199991795716 	 
-2.16 	 8.377261606360961E-5 	 6.256535305667081E-5 	 3.035960887235159E-4 	 0.016115434269802473 	 8.377261606360961E-5 	 6.256535305667081E-5 	 3.035960887235159E-4 	 0.016115434269802473 	 
-2.136 	 9.029997433423106E-5 	 6.817130801205225E-5 	 3.228873811614019E-4 	 0.016959628216048236 	 9.029997433423106E-5 	 6.817130801205225E-5 	 3.228873811614019E-4 	 0.016959628216048236 	 
-2.112 	 1.1080055573568436E-4 	 8.749647760775241E-5 	 3.5231197625224415E-4 	 0.017635537886074616 	 1.1080055573568436E-4 	 8.749647760775241E-5 	 3.5231197625224415E-4 	 0.017635537886074616 	 
-2.088 	 1.2343600940658655E-4 	 9.837501966591222E-5 	 3.8066875629130483E-4 	 0.01880713080065565 	 1.2343600940658655E-4 	 9.837501966591222E-5 	 3.8066875629130483E-4 	 0.01880713080065565 	 
-2.064 	 1.2088204330357755E-4 	 9.514604983158554E-5 	 3.9190365486696895E-4 	 0.019485107097349626 	 1.2088204330357755E-4 	 9.514604983158554E-5 	 3.9190365486696895E-4 	 0.019485107097349626 	 
-2.04 	 1.322377167342644E-4 	 1.0522239740822374E-4 	 4.1745392508694664E-4 	 0.020366544030135183 	 1.322377167342644E-4 	 1.0522239740822374E-4 	 4.1745392508694664E-4 	 0.020366544030135183 	 
-2.016 	 1.1765987197708133E-4 	 9.008820613982852E-5 	 4.2300446169077545E-4 	 0.02132015518838339 	 1.1765987197708133E-4 	 9.008820613982852E-5 	 4.2300446169077545E-4 	 0.02132015518838339 	 
-1.992 	 1.3649412540137803E-4 	 1.0767553621783272E-4 	 4.594013165860367E-4 	 0.022340153929525652 	 1.3649412540137803E-4 	 1.0767553621783272E-4 	 4.594013165860367E-4 	 0.022340153929525652 	 
-1.968 	 1.7912294409070127E-4 	 1.4870150234707927E-4 	 5.152876910390655E-4 	 0.023025594745764908 	 1.7912294409070127E-4 	 1.4870150234707927E-4 	 5.152876910390655E-4 	 0.023025594745764908 	 
-1.944 	 1.7598625889358476E-4 	 1.4525891870786938E-4 	 5.29428581039474E-4 	 0.023493398210780368 	 1.7598625889358476E-4 	 1.4525891870786938E-4 	 5.29428581039474E-4 	 0.023493398210780368 	 
-1.92 	 1.7467763959669641E-4 	 1.4270901672579526E-4 	 5.522262219389337E-4 	 0.02454151073220789 	 1.7467763959669641E-4 	 1.4270901672579526E-4 	 5.522262219389337E-4 	 0.02454151073220789 	 
-1.896 	 1.6269549147935697E-4 	 1.3039408576155073E-4 	 5.655990563265691E-4 	 0.025411351798049892 	 1.6269549147935697E-4 	 1.3039408576155073E-4 	 5.655990563265691E-4 	 0.025411351798049892 	 
-1.8719999999999999 	 1.9817783725373014E-4 	 1.6463718124704523E-4 	 6.19191873211952E-4 	 0.025954193069625396 	 1.9817783725373014E-4 	 1.6463718124704523E-4 	 6.19191873211952E-4 	 0.025954193069625396 	 
-1.8479999999999999 	 1.793003047595422E-4 	 1.4538397597548946E-4 	 6.302287529740104E-4 	 0.02693707423820353 	 1.793003047595422E-4 	 1.4538397597548946E-4 	 6.302287529740104E-4 	 0.02693707423820353 	 
-1.824 	 2.034340437344326E-4 	 1.6926096680881258E-4 	 6.77010883962324E-4 	 0.027273145551226757 	 2.034340437344326E-4 	 1.6926096680881258E-4 	 6.77010883962324E-4 	 0.027273145551226757 	 
-1.8 	 2.1551194965863652E-4 	 1.823539014030974E-4 	 7.023772123891048E-4 	 0.026788483242375927 	 2.1551194965863652E-4 	 1.823539014030974E-4 	 7.023772123891048E-4 	 0.026788483242375927 	 
-1.776 	 2.219435944282373E-4 	 1.8877040319133673E-4 	 7.291059046483374E-4 	 0.027008432890263178 	 2.219435944282373E-4 	 1.8877040319133673E-4 	 7.291059046483374E-4 	 0.027008432890263178 	 
-1.752 	 2.2268744464939522E-4 	 1.9017219122430167E-4 	 7.497977590767015E-4 	 0.0269737850777862 	 2.2268744464939522E-4 	 1.9017219122430167E-4 	 7.497977590767015E-4 	 0.0269737850777862 	 
-1.728 	 2.4456242417342076E-4 	 2.1293418968295594E-4 	 7.767734338086045E-4 	 0.026142392705929877 	 2.4456242417342076E-4 	 2.1293418968295594E-4 	 7.767734338086045E-4 	 0.026142392705929877 	 
-1.704 	 2.2104326280724328E-4 	 1.909037962270667E-4 	 7.740080320318987E-4 	 0.025887907324700515 	 2.2104326280724328E-4 	 1.909037962270667E-4 	 7.740080320318987E-4 	 0.025887907324700515 	 
-1.68 	 2.2512919723713463E-4 	 1.9658400280181867E-4 	 7.831552231564283E-4 	 0.025139619649896028 	 2.2512919723713463E-4 	 1.9658400280181867E-4 	 7.831552231564283E-4 	 0.025139619649896028 	 
-1.656 	 2.480459072314756E-4 	 2.213009881570006E-4 	 8.04624146591521E-4 	 0.02386144196578099 	 2.480459072314756E-4 	 2.213009881570006E-4 	 8.04624146591521E-4 	 0.02386144196578099 	 
-1.632 	 2.447605456596909E-4 	 2.202003361729548E-4 	 7.942376349285432E-4 	 0.022450564344463082 	 2.447605456596909E-4 	 2.202003361729548E-4 	 7.942376349285432E-4 	 0.022450564344463082 	 
-1.6079999999999999 	 2.3689432474872525E-4 	 2.1446488776792616E-4 	 7.857086591207739E-4 	 0.021233895939466178 	 2.3689432474872525E-4 	 2.1446488776792616E-4 	 7.857086591207739E-4 	 0.021233895939466178 	 
-1.584 	 2.3260657338560747E-4 	 2.1279688530622396E-4 	 7.678675134304421E-4 	 0.01956986131309188 	 2.3260657338560747E-4 	 2.1279688530622396E-4 	 7.678675134304421E-4 	 0.01956986131309188 	 
-1.56 	 2.221179745540099E-4 	 2.0542381273455721E-4 	 7.460331573764659E-4 	 0.017804333581166086 	 2.221179745540099E-4 	 2.0542381273455721E-4 	 7.460331573764659E-4 	 0.017804333581166086 	 
-1.536 	 2.2281952676739462E-4 	 2.088218446122971E-4 	 7.325784584750643E-4 	 0.016219666806842118 	 2.2281952676739462E-4 	 2.088218446122971E-4 	 7.325784584750643E-4 	 0.016219666806842118 	 
-1.512 	 2.58736083974166E-4 	 2.4644595341131136E-4 	 7.423204741463249E-4 	 0.014343094243710573 	 2.58736083974166E-4 	 2.4644595341131136E-4 	 7.423204741463249E-4 	 0.014343094243710573 	 
-1.488 	 2.229626440560724E-4 	 2.1371850390117952E-4 	 6.951380396823769E-4 	 0.012659025867973022 	 2.229626440560724E-4 	 2.1371850390117952E-4 	 6.951380396823769E-4 	 0.012659025867973022 	 
-1.464 	 1.9156421772265208E-4 	 1.855765074835053E-4 	 6.471242289200177E-4 	 0.011066751162263478 	 1.9156421772265208E-4 	 1.855765074835053E-4 	 6.471242289200177E-4 	 0.011066751162263478 	 
-1.44 	 2.229217319548692E-4 	 2.1877038459282633E-4 	 6.612137255041964E-4 	 0.009509457680990653 	 2.229217319548692E-4 	 2.1877038459282633E-4 	 6.612137255041964E-4 	 0.009509457680990653 	 
-1.416 	 2.3738212957202164E-4 	 2.34858583078392E-4 	 6.507930412704959E-4 	 0.007989264894336393 	 2.3738212957202164E-4 	 2.34858583078392E-4 	 6.507930412704959E-4 	 0.007989264894336393 	 
-1.392 	 1.981015548005899E-4 	 1.9917979479000588E-4 	 6.026424568527445E-4 	 0.0066018041444303325 	 1.981015548005899E-4 	 1.9917979479000588E-4 	 6.026424568527445E-4 	 0.0066018041444303325 	 
-1.3679999999999999 	 2.593956557774543E-4 	 2.6091600805115884E-4 	 6.43877163149962E-4 	 0.005547889423249938 	 2.593956557774543E-4 	 2.6091600805115884E-4 	 6.43877163149962E-4 	 0.005547889423249938 	 
-1.3439999999999999 	 2.69302765892113E-4 	 2.7212159705362226E-4 	 6.397503497441649E-4 	 0.004527182784240584 	 2.69302765892113E-4 	 2.7212159705362226E-4 	 6.397503497441649E-4 	 0.004527182784240584 	 
-1.32 	 3.124177666995659E-4 	 3.1455859110022095E-4 	 6.67037968761467E-4 	 0.0037505827327348803 	 3.124177666995659E-4 	 3.1455859110022095E-4 	 6.67037968761467E-4 	 0.0037505827327348803 	 
-1.296 	 2.1417517835645842E-4 	 2.1944023350454515E-4 	 5.693140885449358E-4 	 0.0031341947907214535 	 2.1417517835645842E-4 	 2.1944023350454515E-4 	 5.693140885449358E-4 	 0.0031341947907214535 	 
-1.272 	 2.2901414402884128E-4 	 2.3521056846735066E-4 	 5.80948688968881E-4 	 0.0026408447835675935 	 2.2901414402884128E-4 	 2.3521056846735066E-4 	 5.80948688968881E-4 	 0.0026408447835675935 	 
-1.248 	 2.6524113618774835E-4 	 2.7151735346291295E-4 	 6.062938418081686E-4 	 0.002257841514260067 	 2.6524113618774835E-4 	 2.7151735346291295E-4 	 6.062938418081686E-4 	 0.002257841514260067 	 
-1.224 	 2.392227287902094E-4 	 2.4637434444940617E-4 	 5.851806823851838E-4 	 0.0020322344587403967 	 2.392227287902094E-4 	 2.4637434444940617E-4 	 5.851806823851838E-4 	 0.0020322344587403967 	 
-1.2 	 2.351533229282898E-4 	 2.430611222908319E-4 	 5.792008856635191E-4 	 0.0017803756200122122 	 2.351533229282898E-4 	 2.430611222908319E-4 	 5.792008856635191E-4 	 0.0017803756200122122 	 
-1.176 	 2.4009009896799668E-4 	 2.483441787084411E-4 	 5.8550325530761E-4 	 0.001591849304076281 	 2.4009009896799668E-4 	 2.483441787084411E-4 	 5.8550325530761E-4 	 0.001591849304076281 	 
-1.152 	 2.3252833099817445E-4 	 2.4203323982088245E-4 	 5.824769906235656E-4 	 0.0014855545133004402 	 2.3252833099817445E-4 	 2.4203323982088245E-4 	 5.824769906235656E-4 	 0.0014855545133004402 	 
-1.128 	 2.475506541239449E-4 	 2.5768959304363717E-4 	 5.976264915231754E-4 	 0.0013473657037551448 	 2.475506541239449E-4 	 2.5768959304363717E-4 	 5.976264915231754E-4 	 0.0013473657037551448 	 
-1.1039999999999999 	 2.610086796340847E-4 	 2.723432674977338E-4 	 6.183102874570422E-4 	 0.001221354560728896 	 2.610086796340847E-4 	 2.723432674977338E-4 	 6.183102874570422E-4 	 0.001221354560728896 	 
-1.08 	 2.995946240835999E-4 	 3.107642291402645E-4 	 6.556372116994654E-4 	 0.0011408148753586948 	 2.995946240835999E-4 	 3.107642291402645E-4 	 6.556372116994654E-4 	 0.0011408148753586948 	 
-1.056 	 3.2491083375637067E-4 	 3.3616658549316246E-4 	 6.863396139772334E-4 	 0.0010675916679005774 	 3.2491083375637067E-4 	 3.3616658549316246E-4 	 6.863396139772334E-4 	 0.0010675916679005774 	 
-1.032 	 3.3416097295864373E-4 	 3.456941084641061E-4 	 6.992453095861355E-4 	 0.0010055978043348695 	 3.3416097295864373E-4 	 3.456941084641061E-4 	 6.992453095861355E-4 	 0.0010055978043348695 	 
-1.008 	 2.852001898467809E-4 	 2.9890407415726763E-4 	 6.637338101584241E-4 	 9.688225070174984E-4 	 2.852001898467809E-4 	 2.9890407415726763E-4 	 6.637338101584241E-4 	 9.688225070174984E-4 	 
-0.984 	 3.1401524834350733E-4 	 3.289148084186957E-4 	 7.02489087667446E-4 	 9.25212425765561E-4 	 3.1401524834350733E-4 	 3.289148084186957E-4 	 7.02489087667446E-4 	 9.25212425765561E-4 	 
-0.96 	 3.199127805286476E-4 	 3.3589594118850046E-4 	 7.171903745383445E-4 	 8.641262958322673E-4 	 3.199127805286476E-4 	 3.3589594118850046E-4 	 7.171903745383445E-4 	 8.641262958322673E-4 	 
-0.9359999999999999 	 3.3742913821285347E-4 	 3.548145008055091E-4 	 7.428542524935141E-4 	 8.168116129225159E-4 	 3.3742913821285347E-4 	 3.548145008055091E-4 	 7.428542524935141E-4 	 8.168116129225159E-4 	 
-0.9119999999999999 	 3.9212283968040714E-4 	 4.097890688262444E-4 	 8.051749972318859E-4 	 7.901731122738874E-4 	 3.9212283968040714E-4 	 4.097890688262444E-4 	 8.051749972318859E-4 	 7.901731122738874E-4 	 
-0.8879999999999999 	 3.994350431455591E-4 	 4.1880432602931384E-4 	 8.228149957764848E-4 	 7.462088065853599E-4 	 3.994350431455591E-4 	 4.1880432602931384E-4 	 8.228149957764848E-4 	 7.462088065853599E-4 	 
-0.8639999999999999 	 4.2604682878204594E-4 	 4.4713170528077933E-4 	 8.634371184286264E-4 	 7.109447902534594E-4 	 4.2604682878204594E-4 	 4.4713170528077933E-4 	 8.634371184286264E-4 	 7.109447902534594E-4 	 
-0.8399999999999999 	 4.329717805994395E-4 	 4.557388884273481E-4 	 8.827751839986223E-4 	 6.907571241222527E-4 	 4.329717805994395E-4 	 4.557388884273481E-4 	 8.827751839986223E-4 	 6.907571241222527E-4 	 
-0.8159999999999998 	 4.131172009924655E-4 	 4.390086997237829E-4 	 8.826208646057924E-4 	 6.726648785173615E-4 	 4.131172009924655E-4 	 4.390086997237829E-4 	 8.826208646057924E-4 	 6.726648785173615E-4 	 
-0.7919999999999998 	 4.670139421359817E-4 	 4.950201289314721E-4 	 9.528784369399454E-4 	 6.603230819927307E-4 	 4.670139421359817E-4 	 4.950201289314721E-4 	 9.528784369399454E-4 	 6.603230819927307E-4 	 
-0.7679999999999998 	 5.120708190350244E-4 	 5.429728618041011E-4 	 0.0010146269803929517 	 6.359072962647198E-4 	 5.120708190350244E-4 	 5.429728618041011E-4 	 0.0010146269803929517 	 6.359072962647198E-4 	 
-0.7439999999999998 	 5.529760842388386E-4 	 5.878644600361897E-4 	 0.001079519389834978 	 6.037292901359349E-4 	 5.529760842388386E-4 	 5.878644600361897E-4 	 0.001079519389834978 	 6.037292901359349E-4 	 
-0.7199999999999998 	 6.056536440758667E-4 	 6.442558167257009E-4 	 0.0011485506414603004 	 5.823143713532199E-4 	 6.056536440758667E-4 	 6.442558167257009E-4 	 0.0011485506414603004 	 5.823143713532199E-4 	 
-0.6959999999999997 	 6.75876836493965E-4 	 7.200773876534455E-4 	 0.0012538871863179818 	 5.787949912576865E-4 	 6.75876836493965E-4 	 7.200773876534455E-4 	 0.0012538871863179818 	 5.787949912576865E-4 	 
-0.6720000000000002 	 7.611945862702081E-4 	 8.111479623439979E-4 	 0.00135992514792389 	 5.607414960110178E-4 	 7.611945862702081E-4 	 8.111479623439979E-4 	 0.00135992514792389 	 5.607414960110178E-4 	 
-0.6480000000000001 	 9.355930746865434E-4 	 9.923954238340161E-4 	 0.0015676024680157013 	 5.627227532619428E-4 	 9.355930746865434E-4 	 9.923954238340161E-4 	 0.0015676024680157013 	 5.627227532619428E-4 	 
-0.6240000000000001 	 0.0011356471530722953 	 0.0012009558967768317 	 0.0018013054529949018 	 5.671789537105089E-4 	 0.0011356471530722953 	 0.0012009558967768317 	 0.0018013054529949018 	 5.671789537105089E-4 	 
-0.6000000000000001 	 0.0014180053147579638 	 0.0014919806413411626 	 0.002114268515676792 	 5.630165859157152E-4 	 0.0014180053147579638 	 0.0014919806413411626 	 0.002114268515676792 	 5.630165859157152E-4 	 
-0.5760000000000001 	 0.0018369931691738265 	 0.0019204041275499835 	 0.0025702950185152555 	 5.667709997118884E-4 	 0.0018369931691738265 	 0.0019204041275499835 	 0.0025702950185152555 	 5.667709997118884E-4 	 
-0.552 	 0.002215890589508767 	 0.0023104660780296944 	 0.0029762009627856685 	 5.511215924030313E-4 	 0.002215890589508767 	 0.0023104660780296944 	 0.0029762009627856685 	 5.511215924030313E-4 	 
-0.528 	 0.002620505061930861 	 0.002737596984435011 	 0.0034680254165449453 	 5.682476790346178E-4 	 0.002620505061930861 	 0.002737596984435011 	 0.0034680254165449453 	 5.682476790346178E-4 	 
-0.504 	 0.0035544980183378817 	 0.003686334016043434 	 0.004420852006264181 	 5.764018366370948E-4 	 0.0035544980183378817 	 0.003686334016043434 	 0.004420852006264181 	 5.764018366370948E-4 	 
-0.48 	 0.004666968283363262 	 0.004819774372237241 	 0.00557591156623192 	 5.938270449262399E-4 	 0.004666968283363262 	 0.004819774372237241 	 0.00557591156623192 	 5.938270449262399E-4 	 
-0.45599999999999996 	 0.006200888323934131 	 0.006370977873045684 	 0.007110854494583675 	 6.215046983309338E-4 	 0.006200888323934131 	 0.006370977873045684 	 0.007110854494583675 	 6.215046983309338E-4 	 
-0.43199999999999994 	 0.008085921113368344 	 0.008273804142851634 	 0.008981012051694905 	 6.596092674013592E-4 	 0.008085921113368344 	 0.008273804142851634 	 0.008981012051694905 	 6.596092674013592E-4 	 
-0.4079999999999999 	 0.010419275620368295 	 0.010623499169854066 	 0.01127533174538065 	 7.063102572046825E-4 	 0.010419275620368295 	 0.010623499169854066 	 0.01127533174538065 	 7.063102572046825E-4 	 
-0.3839999999999999 	 0.012919491706880492 	 0.013148665911217728 	 0.013740454294606907 	 7.406552661084029E-4 	 0.012919491706880492 	 0.013148665911217728 	 0.013740454294606907 	 7.406552661084029E-4 	 
-0.3599999999999999 	 0.016511686525307104 	 0.01674951867565973 	 0.0171968345377034 	 8.010376996214262E-4 	 0.016511686525307104 	 0.01674951867565973 	 0.0171968345377034 	 8.010376996214262E-4 	 
-0.33599999999999985 	 0.02045409025698192 	 0.02069674059140021 	 0.020954156213387393 	 8.623678115159568E-4 	 0.02045409025698192 	 0.02069674059140021 	 0.020954156213387393 	 8.623678115159568E-4 	 
-0.31199999999999983 	 0.02535902650021894 	 0.025578690013361716 	 0.025536717528053164 	 9.421663201817058E-4 	 0.02535902650021894 	 0.025578690013361716 	 0.025536717528053164 	 9.421663201817058E-4 	 
-0.2879999999999998 	 0.029502204541351804 	 0.029712722402206307 	 0.029427938082843493 	 0.0010025306820952058 	 0.029502204541351804 	 0.029712722402206307 	 0.029427938082843493 	 0.0010025306820952058 	 
-0.2639999999999998 	 0.03392803316318453 	 0.034124909085544115 	 0.03356765110103829 	 0.0010690165506250186 	 0.03392803316318453 	 0.034124909085544115 	 0.03356765110103829 	 0.0010690165506250186 	 
-0.23999999999999977 	 0.038671131673835846 	 0.038832671265745515 	 0.03792797953538271 	 0.0011357810571074056 	 0.038671131673835846 	 0.038832671265745515 	 0.03792797953538271 	 0.0011357810571074056 	 
-0.21599999999999975 	 0.04288756246070559 	 0.043019547742150416 	 0.04179420023827611 	 0.0011865355600763773 	 0.04288756246070559 	 0.043019547742150416 	 0.04179420023827611 	 0.0011865355600763773 	 
-0.19199999999999973 	 0.04812049234234342 	 0.04815757282237383 	 0.04641682213118921 	 0.001253125749885223 	 0.04812049234234342 	 0.04815757282237383 	 0.04641682213118921 	 0.001253125749885223 	 
-0.16800000000000015 	 0.04965926830886253 	 0.049673161326425526 	 0.04775352244403733 	 0.0012531392801638163 	 0.04965926830886253 	 0.049673161326425526 	 0.04775352244403733 	 0.0012531392801638163 	 
-0.14400000000000013 	 0.05192803831794531 	 0.051874497989057924 	 0.04964137119566575 	 0.0012576807690153524 	 0.05192803831794531 	 0.051874497989057924 	 0.04964137119566575 	 0.0012576807690153524 	 
-0.1200000000000001 	 0.05144516381043269 	 0.05137906038476554 	 0.049089017356956546 	 0.001219885260945563 	 0.05144516381043269 	 0.05137906038476554 	 0.049089017356956546 	 0.001219885260945563 	 
-0.09600000000000009 	 0.05210797957129161 	 0.05197834217694877 	 0.04945975404284568 	 0.0011954217738318728 	 0.05210797957129161 	 0.05197834217694877 	 0.04945975404284568 	 0.0011954217738318728 	 
-0.07200000000000006 	 0.05104617644280096 	 0.05086112104717281 	 0.04822521262125378 	 0.0011424234169115305 	 0.05104617644280096 	 0.05086112104717281 	 0.04822521262125378 	 0.0011424234169115305 	 
-0.04800000000000004 	 0.04763175238123662 	 0.04743487478219128 	 0.04490106852376253 	 0.0010526422150986523 	 0.04763175238123662 	 0.04743487478219128 	 0.04490106852376253 	 0.0010526422150986523 	 
-0.02400000000000002 	 0.04364050996908846 	 0.04343534927918973 	 0.04104468626836514 	 9.534872767165113E-4 	 0.04364050996908846 	 0.04343534927918973 	 0.04104468626836514 	 9.534872767165113E-4 	 
0.0 	 0.03880395111538481 	 0.0386223919196295 	 0.03649641031848662 	 8.475382367686097E-4 	 0.03880395111538481 	 0.0386223919196295 	 0.03649641031848662 	 8.475382367686097E-4 	 
0.02400000000000002 	 0.03514856720218843 	 0.034956585833369774 	 0.03296241762831221 	 7.594755204903766E-4 	 0.03514856720218843 	 0.034956585833369774 	 0.03296241762831221 	 7.594755204903766E-4 	 
0.04800000000000004 	 0.029721671339527665 	 0.029578688286704454 	 0.027941750790397193 	 6.489012513255133E-4 	 0.029721671339527665 	 0.029578688286704454 	 0.027941750790397193 	 6.489012513255133E-4 	 
0.07200000000000006 	 0.02665770335457401 	 0.026515158448464013 	 0.025012869923198063 	 5.782641229424701E-4 	 0.02665770335457401 	 0.026515158448464013 	 0.025012869923198063 	 5.782641229424701E-4 	 
0.09600000000000009 	 0.02305883039550684 	 0.02293224899804518 	 0.021630413946093916 	 5.014622661854964E-4 	 0.02305883039550684 	 0.02293224899804518 	 0.021630413946093916 	 5.014622661854964E-4 	 
0.1200000000000001 	 0.01934120507433449 	 0.019251826472385224 	 0.01820416290268568 	 4.263904881906891E-4 	 0.01934120507433449 	 0.019251826472385224 	 0.01820416290268568 	 4.263904881906891E-4 	 
0.14400000000000013 	 0.017168656737210373 	 0.017086882680706482 	 0.01615143490475341 	 3.7805871417918754E-4 	 0.017168656737210373 	 0.017086882680706482 	 0.01615143490475341 	 3.7805871417918754E-4 	 
0.16800000000000015 	 0.014807010322556872 	 0.014748680490360416 	 0.013972174816932227 	 3.2916675382662556E-4 	 0.014807010322556872 	 0.014748680490360416 	 0.013972174816932227 	 3.2916675382662556E-4 	 
0.19200000000000017 	 0.013705831696054558 	 0.013642223866930033 	 0.012898441970322446 	 3.0153944433553687E-4 	 0.013705831696054558 	 0.013642223866930033 	 0.012898441970322446 	 3.0153944433553687E-4 	 
0.2160000000000002 	 0.012120077315471638 	 0.012065236936207882 	 0.011410299976849276 	 2.6647435526066995E-4 	 0.012120077315471638 	 0.012065236936207882 	 0.011410299976849276 	 2.6647435526066995E-4 	 
0.2400000000000002 	 0.010667279991644293 	 0.010622497551022025 	 0.010052723521013308 	 2.3451031361630803E-4 	 0.010667279991644293 	 0.010622497551022025 	 0.010052723521013308 	 2.3451031361630803E-4 	 
0.26400000000000023 	 0.00967690969924638 	 0.009635511277212027 	 0.009116112024632347 	 2.1244710636045364E-4 	 0.00967690969924638 	 0.009635511277212027 	 0.009116112024632347 	 2.1244710636045364E-4 	 
0.28800000000000026 	 0.008982690775994246 	 0.008933197164137787 	 0.008422944852987136 	 1.9328380585301167E-4 	 0.008982690775994246 	 0.008933197164137787 	 0.008422944852987136 	 1.9328380585301167E-4 	 
0.3120000000000003 	 0.007513886951154629 	 0.00748029453420551 	 0.007072871379238515 	 1.643058920579865E-4 	 0.007513886951154629 	 0.00748029453420551 	 0.007072871379238515 	 1.643058920579865E-4 	 
0.33599999999999985 	 0.006736434473300996 	 0.00670435871466142 	 0.0063333518123649376 	 1.4626983115891386E-4 	 0.006736434473300996 	 0.00670435871466142 	 0.0063333518123649376 	 1.4626983115891386E-4 	 
0.3599999999999999 	 0.005984080818296148 	 0.005955635819700591 	 0.005625907173839118 	 1.2963867620119924E-4 	 0.005984080818296148 	 0.005955635819700591 	 0.005625907173839118 	 1.2963867620119924E-4 	 
0.3839999999999999 	 0.005456684755117294 	 0.0054247804887805175 	 0.005110067276931979 	 1.1685237401731054E-4 	 0.005456684755117294 	 0.0054247804887805175 	 0.005110067276931979 	 1.1685237401731054E-4 	 
0.4079999999999999 	 0.0043923822866948035 	 0.004375403287048149 	 0.004142644000530878 	 9.631963902417302E-5 	 0.0043923822866948035 	 0.004375403287048149 	 0.004142644000530878 	 9.631963902417302E-5 	 
0.43199999999999994 	 0.00411824821318798 	 0.004098238785739856 	 0.003868784498897876 	 8.866789133063069E-5 	 0.00411824821318798 	 0.004098238785739856 	 0.003868784498897876 	 8.866789133063069E-5 	 
0.45599999999999996 	 0.003776180814134827 	 0.003753243856286292 	 0.003531809556248769 	 8.009381408721731E-5 	 0.003776180814134827 	 0.003753243856286292 	 0.003531809556248769 	 8.009381408721731E-5 	 
0.48 	 0.003221720983073044 	 0.003200301721198155 	 0.0030082502016646013 	 6.829045697943324E-5 	 0.003221720983073044 	 0.003200301721198155 	 0.0030082502016646013 	 6.829045697943324E-5 	 
0.504 	 0.002442750765433426 	 0.002433016915324855 	 0.0023038590708506427 	 5.398515974929719E-5 	 0.002442750765433426 	 0.002433016915324855 	 0.0023038590708506427 	 5.398515974929719E-5 	 
0.528 	 0.0022526878042552173 	 0.002242925517563074 	 0.0021210384108704115 	 4.915568025866734E-5 	 0.0022526878042552173 	 0.002242925517563074 	 0.0021210384108704115 	 4.915568025866734E-5 	 
0.552 	 0.0021127444249911483 	 0.002100109942796515 	 0.001977421130493188 	 4.520520021388119E-5 	 0.0021127444249911483 	 0.002100109942796515 	 0.001977421130493188 	 4.520520021388119E-5 	 
0.5760000000000001 	 0.0017441317124208147 	 0.0017353235176027083 	 0.0016381960266396126 	 3.7813603028797136E-5 	 0.0017441317124208147 	 0.0017353235176027083 	 0.0016381960266396126 	 3.7813603028797136E-5 	 
0.6000000000000001 	 0.001547158793072014 	 0.0015385546592956508 	 0.0014510586097611772 	 3.366902341385277E-5 	 0.001547158793072014 	 0.0015385546592956508 	 0.0014510586097611772 	 3.366902341385277E-5 	 
0.6240000000000001 	 0.0012790151895353576 	 0.0012735158008281568 	 0.0012049656426285122 	 2.8217360340943703E-5 	 0.0012790151895353576 	 0.0012735158008281568 	 0.0012049656426285122 	 2.8217360340943703E-5 	 
0.6480000000000001 	 0.0011909471950716898 	 0.001184033307753651 	 0.00111583260072651 	 2.5730136275772126E-5 	 0.0011909471950716898 	 0.001184033307753651 	 0.00111583260072651 	 2.5730136275772126E-5 	 
0.6720000000000002 	 0.0010021185571166267 	 9.965931083876479E-4 	 9.406154259684693E-4 	 2.200400588262024E-5 	 0.0010021185571166267 	 9.965931083876479E-4 	 9.406154259684693E-4 	 2.200400588262024E-5 	 
0.6960000000000002 	 8.332767285031291E-4 	 8.293127740896285E-4 	 7.846891391144652E-4 	 1.8592835620675113E-5 	 8.332767285031291E-4 	 8.293127740896285E-4 	 7.846891391144652E-4 	 1.8592835620675113E-5 	 
0.7200000000000002 	 6.778856210488026E-4 	 6.768052541562333E-4 	 6.45968199044674E-4 	 1.587674610120832E-5 	 6.778856210488026E-4 	 6.768052541562333E-4 	 6.45968199044674E-4 	 1.587674610120832E-5 	 
0.7440000000000002 	 6.840658617223465E-4 	 6.81850261041515E-4 	 6.469717770125027E-4 	 1.5169501309950183E-5 	 6.840658617223465E-4 	 6.81850261041515E-4 	 6.469717770125027E-4 	 1.5169501309950183E-5 	 
0.7680000000000002 	 6.566247568240046E-4 	 6.536422902006376E-4 	 6.183220782795536E-4 	 1.4512141769502727E-5 	 6.566247568240046E-4 	 6.536422902006376E-4 	 6.183220782795536E-4 	 1.4512141769502727E-5 	 
0.7920000000000003 	 6.074740214966329E-4 	 6.039482957970886E-4 	 5.69504103574219E-4 	 1.3140176469655169E-5 	 6.074740214966329E-4 	 6.039482957970886E-4 	 5.69504103574219E-4 	 1.3140176469655169E-5 	 
0.8160000000000003 	 4.8618446173472887E-4 	 4.8413421007465396E-4 	 4.586426860810725E-4 	 1.0820013165432047E-5 	 4.8618446173472887E-4 	 4.8413421007465396E-4 	 4.586426860810725E-4 	 1.0820013165432047E-5 	 
0.8399999999999999 	 3.79007983957988E-4 	 3.7955612540355063E-4 	 3.6475979928890403E-4 	 8.994885736645762E-6 	 3.79007983957988E-4 	 3.7955612540355063E-4 	 3.6475979928890403E-4 	 8.994885736645762E-6 	 
0.8639999999999999 	 4.640978113365109E-4 	 4.6206442316154187E-4 	 4.365790578506637E-4 	 9.857693589998997E-6 	 4.640978113365109E-4 	 4.6206442316154187E-4 	 4.365790578506637E-4 	 9.857693589998997E-6 	 
0.8879999999999999 	 4.4683798206704564E-4 	 4.4367637479510505E-4 	 4.164811865579571E-4 	 9.302882126305153E-6 	 4.4683798206704564E-4 	 4.4367637479510505E-4 	 4.164811865579571E-4 	 9.302882126305153E-6 	 
0.9119999999999999 	 3.3381311347451177E-4 	 3.325142225717042E-4 	 3.1479135175056664E-4 	 7.231221295681636E-6 	 3.3381311347451177E-4 	 3.325142225717042E-4 	 3.1479135175056664E-4 	 7.231221295681636E-6 	 
0.9359999999999999 	 2.981545720002289E-4 	 2.9712532083676544E-4 	 2.815365360378508E-4 	 6.491862364579082E-6 	 2.981545720002289E-4 	 2.9712532083676544E-4 	 2.815365360378508E-4 	 6.491862364579082E-6 	 
0.96 	 2.697115950027003E-4 	 2.691410167168989E-4 	 2.55502735530684E-4 	 5.7831968924705515E-6 	 2.697115950027003E-4 	 2.691410167168989E-4 	 2.55502735530684E-4 	 5.7831968924705515E-6 	 
0.984 	 3.2355111385658583E-4 	 3.2060078220364613E-4 	 2.9884727575292536E-4 	 6.377837721825395E-6 	 3.2355111385658583E-4 	 3.2060078220364613E-4 	 2.9884727575292536E-4 	 6.377837721825395E-6 	 
1.008 	 2.208995607129255E-4 	 2.1914685056325273E-4 	 2.0504784192649855E-4 	 4.449920235042078E-6 	 2.208995607129255E-4 	 2.1914685056325273E-4 	 2.0504784192649855E-4 	 4.449920235042078E-6 	 
1.032 	 1.5287515541445232E-4 	 1.524912228869324E-4 	 1.4474640279876078E-4 	 3.3271658212433527E-6 	 1.5287515541445232E-4 	 1.524912228869324E-4 	 1.4474640279876078E-4 	 3.3271658212433527E-6 	 
1.056 	 1.735249439477635E-4 	 1.719420175701397E-4 	 1.6040719479448834E-4 	 3.4793899735812044E-6 	 1.735249439477635E-4 	 1.719420175701397E-4 	 1.6040719479448834E-4 	 3.4793899735812044E-6 	 
1.08 	 9.888293373363241E-5 	 9.885636544171154E-5 	 9.432564514269396E-5 	 2.1883687760791276E-6 	 9.888293373363241E-5 	 9.885636544171154E-5 	 9.432564514269396E-5 	 2.1883687760791276E-6 	 
1.104 	 1.3073310038728527E-4 	 1.2948711856273964E-4 	 1.2063559694046388E-4 	 2.586746961790501E-6 	 1.3073310038728527E-4 	 1.2948711856273964E-4 	 1.2063559694046388E-4 	 2.586746961790501E-6 	 
1.1280000000000001 	 8.810485788418973E-5 	 8.740833667156175E-5 	 8.185619054568331E-5 	 1.7960907901991352E-6 	 8.810485788418973E-5 	 8.740833667156175E-5 	 8.185619054568331E-5 	 1.7960907901991352E-6 	 
1.1520000000000001 	 5.74378659975926E-5 	 5.737300814610699E-5 	 5.477128655398719E-5 	 1.3316764712428327E-6 	 5.74378659975926E-5 	 5.737300814610699E-5 	 5.477128655398719E-5 	 1.3316764712428327E-6 	 
1.1760000000000002 	 5.7251687624040476E-5 	 5.7121368625390735E-5 	 5.4221751216318895E-5 	 1.2293705619445176E-6 	 5.7251687624040476E-5 	 5.7121368625390735E-5 	 5.4221751216318895E-5 	 1.2293705619445176E-6 	 
1.2000000000000002 	 6.362536217357751E-5 	 6.321139600399082E-5 	 5.935043803497388E-5 	 1.3084429792575992E-6 	 6.362536217357751E-5 	 6.321139600399082E-5 	 5.935043803497388E-5 	 1.3084429792575992E-6 	 
1.2240000000000002 	 5.858211330256856E-5 	 5.7866712290483104E-5 	 5.3587301818140285E-5 	 1.1384907889122198E-6 	 5.858211330256856E-5 	 5.7866712290483104E-5 	 5.3587301818140285E-5 	 1.1384907889122198E-6 	 
1.2480000000000002 	 2.20659801665743E-5 	 2.2248112229717345E-5 	 2.177894545046831E-5 	 5.627618647110185E-7 	 2.20659801665743E-5 	 2.2248112229717345E-5 	 2.177894545046831E-5 	 5.627618647110185E-7 	 
1.2720000000000002 	 3.538587473899933E-5 	 3.5177551719245335E-5 	 3.311569014136846E-5 	 7.437959458919289E-7 	 3.538587473899933E-5 	 3.5177551719245335E-5 	 3.311569014136846E-5 	 7.437959458919289E-7 	 
1.2960000000000003 	 1.692261893252749E-5 	 1.7380369134599193E-5 	 1.764841299034386E-5 	 4.6750338191846536E-7 	 1.692261893252749E-5 	 1.7380369134599193E-5 	 1.764841299034386E-5 	 4.6750338191846536E-7 	 
1.3200000000000003 	 5.890269240040912E-5 	 5.81447299733863E-5 	 5.358091852594828E-5 	 1.0817902967671756E-6 	 5.890269240040912E-5 	 5.81447299733863E-5 	 5.358091852594828E-5 	 1.0817902967671756E-6 	 
1.3440000000000003 	 3.3164720601107786E-5 	 3.269881260714227E-5 	 3.0045264052609786E-5 	 5.952991668832216E-7 	 3.3164720601107786E-5 	 3.269881260714227E-5 	 3.0045264052609786E-5 	 5.952991668832216E-7 	 
1.3680000000000003 	 1.60305530538459E-5 	 1.5785074518111417E-5 	 1.4530100073652313E-5 	 3.134663371370751E-7 	 1.60305530538459E-5 	 1.5785074518111417E-5 	 1.4530100073652313E-5 	 3.134663371370751E-7 	 
1.3920000000000003 	 9.67731559505545E-7 	 1.0606614714838802E-6 	 1.3193016126740681E-6 	 7.403559434621206E-8 	 9.67731559505545E-7 	 1.0606614714838802E-6 	 1.3193016126740681E-6 	 7.403559434621206E-8 	 
1.4160000000000004 	 2.2158403451574073E-6 	 2.3952558724006095E-6 	 2.7675075554695203E-6 	 1.0946821198465163E-7 	 2.2158403451574073E-6 	 2.3952558724006095E-6 	 2.7675075554695203E-6 	 1.0946821198465163E-7 	 
1.4400000000000004 	 1.0010888505258544E-5 	 1.004185727307936E-5 	 9.64961859705674E-6 	 2.2644488306313274E-7 	 1.0010888505258544E-5 	 1.004185727307936E-5 	 9.64961859705674E-6 	 2.2644488306313274E-7 	 
1.4640000000000004 	 1.117816338779022E-5 	 1.1235992424562585E-5 	 1.081634633486756E-5 	 2.4139185334793336E-7 	 1.117816338779022E-5 	 1.1235992424562585E-5 	 1.081634633486756E-5 	 2.4139185334793336E-7 	 
1.4880000000000004 	 2.4203089124701727E-5 	 2.3804047071477285E-5 	 2.172892987364951E-5 	 4.2345282440599176E-7 	 2.4203089124701727E-5 	 2.3804047071477285E-5 	 2.172892987364951E-5 	 4.2345282440599176E-7 	 
1.5120000000000005 	 7.91318568171336E-6 	 7.781788774257151E-6 	 7.1037642318829065E-6 	 1.3765888632983994E-7 	 7.91318568171336E-6 	 7.781788774257151E-6 	 7.1037642318829065E-6 	 1.3765888632983994E-7 	 
1.5360000000000005 	 3.943001082503656E-7 	 4.3189896206313523E-7 	 5.265776383352926E-7 	 3.0465458647039696E-8 	 3.943001082503656E-7 	 4.3189896206313523E-7 	 5.265776383352926E-7 	 3.0465458647039696E-8 	 
1.5600000000000005 	 1.0943897596087751E-6 	 1.1594764757319074E-6 	 1.2713714271786933E-6 	 4.4665054314567794E-8 	 1.0943897596087751E-6 	 1.1594764757319074E-6 	 1.2713714271786933E-6 	 4.4665054314567794E-8 	 
1.5840000000000005 	 7.730831015437896E-6 	 7.580241267382454E-6 	 6.866901687774863E-6 	 1.3071900044774857E-7 	 7.730831015437896E-6 	 7.580241267382454E-6 	 6.866901687774863E-6 	 1.3071900044774857E-7 	 
1.6080000000000005 	 9.806504477256327E-8 	 1.094213577342077E-7 	 1.5335529354482003E-7 	 1.4835784973121804E-8 	 9.806504477256327E-8 	 1.094213577342077E-7 	 1.5335529354482003E-7 	 1.4835784973121804E-8 	 
1.6319999999999997 	 1.1917015907684973E-7 	 1.3135507877356562E-7 	 1.7706591354724843E-7 	 1.4459750787820267E-8 	 1.1917015907684973E-7 	 1.3135507877356562E-7 	 1.7706591354724843E-7 	 1.4459750787820267E-8 	 
1.6559999999999997 	 1.4007974766522336E-7 	 1.532494377016218E-7 	 2.0366109999232546E-7 	 1.4335670301981342E-8 	 1.4007974766522336E-7 	 1.532494377016218E-7 	 2.0366109999232546E-7 	 1.4335670301981342E-8 	 
1.6799999999999997 	 2.957477887505138E-7 	 3.2854213846034756E-7 	 4.1098429863979E-7 	 2.1327409314927347E-8 	 2.957477887505138E-7 	 3.2854213846034756E-7 	 4.1098429863979E-7 	 2.1327409314927347E-8 	 
1.7039999999999997 	 4.0851432823958044E-7 	 4.475717324852735E-7 	 5.299074433808344E-7 	 2.149395075795929E-8 	 4.0851432823958044E-7 	 4.475717324852735E-7 	 5.299074433808344E-7 	 2.149395075795929E-8 	 
1.7279999999999998 	 1.1099577431923803E-6 	 1.1749912619387456E-6 	 1.2748820241546708E-6 	 3.6427703451067585E-8 	 1.1099577431923803E-6 	 1.1749912619387456E-6 	 1.2748820241546708E-6 	 3.6427703451067585E-8 	 
1.7519999999999998 	 7.91318568171336E-6 	 7.781788774257151E-6 	 7.1037642318829065E-6 	 1.3765888632983994E-7 	 7.91318568171336E-6 	 7.781788774257151E-6 	 7.1037642318829065E-6 	 1.3765888632983994E-7 	 
1.7759999999999998 	 3.31558922856003E-7 	 3.633387659101822E-7 	 4.2134444904495413E-7 	 1.438751077055491E-8 	 3.31558922856003E-7 	 3.633387659101822E-7 	 4.2134444904495413E-7 	 1.438751077055491E-8 	 
1.7999999999999998 	 1.0209927899615734E-6 	 1.0785623062162136E-6 	 1.151095705109906E-6 	 2.9365149507854025E-8 	 1.0209927899615734E-6 	 1.0785623062162136E-6 	 1.151095705109906E-6 	 2.9365149507854025E-8 	 
1.8239999999999998 	 7.67971622100348E-6 	 7.523420785403364E-6 	 6.7870269068273026E-6 	 1.234458840889808E-7 	 7.67971622100348E-6 	 7.523420785403364E-6 	 6.7870269068273026E-6 	 1.234458840889808E-7 	 
1.8479999999999999 	 0.0 	 0.0 	 0.0 	 0.0 	 0.0 	 0.0 	 0.0 	 0.0 	 
1.8719999999999999 	 0.0 	 0.0 	 0.0 	 0.0 	 0.0 	 0.0 	 0.0 	 0.0 	 
1.896 	 0.0 	 0.0 	 0.0 	 0.0 	 0.0 	 0.0 	 0.0 	 0.0 	 
1.92 	 0.0 	 0.0 	 0.0 	 0.0 	 0.0 	 0.0 	 0.0 	 0.0 	 
1.944 	 0.0 	 0.0 	 0.0 	 0.0 	 0.0 	 0.0 	 0.0 	 0.0 	 
1.968 	 0.0 	 0.0 	 0.0 	 0.0 	 0.0 	 0.0 	 0.0 	 0.0 	 
1.992 	 0.0 	 0.0 	 0.0 	 0.0 	 0.0 	 0.0 	 0.0 	 0.0 	 
2.016 	 0.0 	 0.0 	 0.0 	 0.0 	 0.0 	 0.0 	 0.0 	 0.0 	 
2.04 	 0.0 	 0.0 	 0.0 	 0.0 	 0.0 	 0.0 	 0.0 	 0.0 	 
2.064 	 0.0 	 0.0 	 0.0 	 0.0 	 0.0 	 0.0 	 0.0 	 0.0 	 
2.088 	 0.0 	 0.0 	 0.0 	 0.0 	 0.0 	 0.0 	 0.0 	 0.0 	 
2.112 	 0.0 	 0.0 	 0.0 	 0.0 	 0.0 	 0.0 	 0.0 	 0.0 	 
2.136 	 0.0 	 0.0 	 0.0 	 0.0 	 0.0 	 0.0 	 0.0 	 0.0 	 
2.16 	 0.0 	 0.0 	 0.0 	 0.0 	 0.0 	 0.0 	 0.0 	 0.0 	 
2.184 	 0.0 	 0.0 	 0.0 	 0.0 	 0.0 	 0.0 	 0.0 	 0.0 	 
2.208 	 0.0 	 0.0 	 0.0 	 0.0 	 0.0 	 0.0 	 0.0 	 0.0 	 
2.232 	 0.0 	 0.0 	 0.0 	 0.0 	 0.0 	 0.0 	 0.0 	 0.0 	 
2.2560000000000002 	 0.0 	 0.0 	 0.0 	 0.0 	 0.0 	 0.0 	 0.0 	 0.0 	 
2.2800000000000002 	 0.0 	 0.0 	 0.0 	 0.0 	 0.0 	 0.0 	 0.0 	 0.0 	 
2.3040000000000003 	 0.0 	 0.0 	 0.0 	 0.0 	 0.0 	 0.0 	 0.0 	 0.0 	 
2.3280000000000003 	 0.0 	 0.0 	 0.0 	 0.0 	 0.0 	 0.0 	 0.0 	 0.0 	 
2.3520000000000003 	 0.0 	 0.0 	 0.0 	 0.0 	 0.0 	 0.0 	 0.0 	 0.0 	 
2.3760000000000003 	 0.0 	 0.0 	 0.0 	 0.0 	 0.0 	 0.0 	 0.0 	 0.0 	 
2.4000000000000004 	 0.0 	 0.0 	 0.0 	 0.0 	 0.0 	 0.0 	 0.0 	 0.0 	 
2.4240000000000004 	 0.0 	 0.0 	 0.0 	 0.0 	 0.0 	 0.0 	 0.0 	 0.0 	 
2.4480000000000004 	 0.0 	 0.0 	 0.0 	 0.0 	 0.0 	 0.0 	 0.0 	 0.0 	 
2.4720000000000004 	 0.0 	 0.0 	 0.0 	 0.0 	 0.0 	 0.0 	 0.0 	 0.0 	 
2.4960000000000004 	 0.0 	 0.0 	 0.0 	 0.0 	 0.0 	 0.0 	 0.0 	 0.0 	 
2.5200000000000005 	 0.0 	 0.0 	 0.0 	 0.0 	 0.0 	 0.0 	 0.0 	 0.0 	 
2.5440000000000005 	 0.0 	 0.0 	 0.0 	 0.0 	 0.0 	 0.0 	 0.0 	 0.0 	 
2.5680000000000005 	 0.0 	 0.0 	 0.0 	 0.0 	 0.0 	 0.0 	 0.0 	 0.0 	 
2.5920000000000005 	 0.0 	 0.0 	 0.0 	 0.0 	 0.0 	 0.0 	 0.0 	 0.0 	 
2.6160000000000005 	 0.0 	 0.0 	 0.0 	 0.0 	 0.0 	 0.0 	 0.0 	 0.0 	 
2.6399999999999997 	 0.0 	 0.0 	 0.0 	 0.0 	 0.0 	 0.0 	 0.0 	 0.0 	 
2.6639999999999997 	 0.0 	 0.0 	 0.0 	 0.0 	 0.0 	 0.0 	 0.0 	 0.0 	 
2.6879999999999997 	 0.0 	 0.0 	 0.0 	 0.0 	 0.0 	 0.0 	 0.0 	 0.0 	 
2.7119999999999997 	 0.0 	 0.0 	 0.0 	 0.0 	 0.0 	 0.0 	 0.0 	 0.0 	 
2.7359999999999998 	 0.0 	 0.0 	 0.0 	 0.0 	 0.0 	 0.0 	 0.0 	 0.0 	 
2.76 	 0.0 	 0.0 	 0.0 	 0.0 	 0.0 	 0.0 	 0.0 	 0.0 	 
2.784 	 0.0 	 0.0 	 0.0 	 0.0 	 0.0 	 0.0 	 0.0 	 0.0 	 
2.808 	 0.0 	 0.0 	 0.0 	 0.0 	 0.0 	 0.0 	 0.0 	 0.0 	 
2.832 	 0.0 	 0.0 	 0.0 	 0.0 	 0.0 	 0.0 	 0.0 	 0.0 	 
2.856 	 0.0 	 0.0 	 0.0 	 0.0 	 0.0 	 0.0 	 0.0 	 0.0 	 
2.88 	 0.0 	 0.0 	 0.0 	 0.0 	 0.0 	 0.0 	 0.0 	 0.0 	 
2.904 	 0.0 	 0.0 	 0.0 	 0.0 	 0.0 	 0.0 	 0.0 	 0.0 	 
2.928 	 0.0 	 0.0 	 0.0 	 0.0 	 0.0 	 0.0 	 0.0 	 0.0 	 
2.952 	 0.0 	 0.0 	 0.0 	 0.0 	 0.0 	 0.0 	 0.0 	 0.0 	 
2.976 	 0.0 	 0.0 	 0.0 	 0.0 	 0.0 	 0.0 	 0.0 	 0.0 	 
