-3.0 	 1.5122260952565077E-4 	 1.3856669591709458E-4 	 1.278494162043506E-4 	 3.7730439028286484E-6 	 1.5122260952565077E-4 	 1.3856669591709458E-4 	 1.278494162043506E-4 	 3.7730439028286484E-6 	 
-2.976 	 1.1908358784091378E-4 	 1.4012032705441833E-4 	 1.375311328713302E-4 	 4.112617275212314E-6 	 1.1908358784091378E-4 	 1.4012032705441833E-4 	 1.375311328713302E-4 	 4.112617275212314E-6 	 
-2.952 	 2.473196156212526E-4 	 1.750856620572357E-4 	 1.2450328578956935E-4 	 5.17031933379338E-6 	 2.473196156212526E-4 	 1.750856620572357E-4 	 1.2450328578956935E-4 	 5.17031933379338E-6 	 
-2.928 	 2.0317730932689935E-4 	 2.4326391160780088E-4 	 2.1265073303385081E-4 	 6.826905391376133E-6 	 2.0317730932689935E-4 	 2.4326391160780088E-4 	 2.1265073303385081E-4 	 6.826905391376133E-6 	 
-2.904 	 1.8468130048878036E-4 	 1.774118750687023E-4 	 1.712505164160919E-4 	 7.566705939690718E-6 	 1.8468130048878036E-4 	 1.774118750687023E-4 	 1.712505164160919E-4 	 7.566705939690718E-6 	 
-2.88 	 1.860090470292428E-4 	 1.8911871737230953E-4 	 1.7422595936595462E-4 	 5.796347620354227E-6 	 1.860090470292428E-4 	 1.8911871737230953E-4 	 1.7422595936595462E-4 	 5.796347620354227E-6 	 
-2.856 	 1.9767686245473066E-4 	 1.9006274583413622E-4 	 1.709351851023082E-4 	 4.603203318270773E-6 	 1.9767686245473066E-4 	 1.9006274583413622E-4 	 1.709351851023082E-4 	 4.603203318270773E-6 	 
-2.832 	 1.8889331749978073E-4 	 1.9509826572709532E-4 	 1.7886952831430638E-4 	 4.6955276493016555E-6 	 1.8889331749978073E-4 	 1.9509826572709532E-4 	 1.7886952831430638E-4 	 4.6955276493016555E-6 	 
-2.808 	 2.9228459758156216E-4 	 2.3494478897323362E-4 	 1.7998798479837986E-4 	 5.138160479422242E-6 	 2.9228459758156216E-4 	 2.3494478897323362E-4 	 1.7998798479837986E-4 	 5.138160479422242E-6 	 
-2.784 	 4.229285001035657E-4 	 3.653921394365595E-4 	 2.670546174926677E-4 	 7.76936568937545E-6 	 4.229285001035657E-4 	 3.653921394365595E-4 	 2.670546174926677E-4 	 7.76936568937545E-6 	 
-2.76 	 3.848814753845881E-4 	 4.075695179828392E-4 	 3.484260002069928E-4 	 8.672875800450405E-6 	 3.848814753845881E-4 	 4.075695179828392E-4 	 3.484260002069928E-4 	 8.672875800450405E-6 	 
-2.7359999999999998 	 2.8330202762050455E-4 	 3.2037449914584006E-4 	 3.159278270963306E-4 	 9.21719398167685E-6 	 2.8330202762050455E-4 	 3.2037449914584006E-4 	 3.159278270963306E-4 	 9.21719398167685E-6 	 
-2.7119999999999997 	 2.907758819892338E-4 	 2.778119777018259E-4 	 2.620712869607723E-4 	 8.75757429584018E-6 	 2.907758819892338E-4 	 2.778119777018259E-4 	 2.620712869607723E-4 	 8.75757429584018E-6 	 
-2.688 	 2.687909828392137E-4 	 2.8512412961036914E-4 	 2.6651675622737316E-4 	 9.367732775524196E-6 	 2.687909828392137E-4 	 2.8512412961036914E-4 	 2.6651675622737316E-4 	 9.367732775524196E-6 	 
-2.664 	 2.6891996571124145E-4 	 2.628213684722095E-4 	 2.4117693288182245E-4 	 8.070836234128801E-6 	 2.6891996571124145E-4 	 2.628213684722095E-4 	 2.4117693288182245E-4 	 8.070836234128801E-6 	 
-2.64 	 4.565946379298734E-4 	 3.5962992070829436E-4 	 2.642931395378212E-4 	 6.857816256324629E-6 	 4.565946379298734E-4 	 3.5962992070829436E-4 	 2.642931395378212E-4 	 6.857816256324629E-6 	 
-2.616 	 5.069678733272913E-4 	 4.978200785522364E-4 	 3.9780961715801756E-4 	 7.958958509573113E-6 	 5.069678733272913E-4 	 4.978200785522364E-4 	 3.9780961715801756E-4 	 7.958958509573113E-6 	 
-2.592 	 4.6204015826837767E-4 	 4.7400378739579664E-4 	 4.2456089034595304E-4 	 9.501045257517607E-6 	 4.6204015826837767E-4 	 4.7400378739579664E-4 	 4.2456089034595304E-4 	 9.501045257517607E-6 	 
-2.568 	 3.311753467939233E-4 	 3.924127959709913E-4 	 4.0030872340357233E-4 	 9.428507004356106E-6 	 3.311753467939233E-4 	 3.924127959709913E-4 	 4.0030872340357233E-4 	 9.428507004356106E-6 	 
-2.544 	 3.86841090709519E-4 	 3.4451525940247014E-4 	 3.1940171433095216E-4 	 1.0515333072086007E-5 	 3.86841090709519E-4 	 3.4451525940247014E-4 	 3.1940171433095216E-4 	 1.0515333072086007E-5 	 
-2.52 	 5.290791188030988E-4 	 4.6992886463090105E-4 	 3.748114906609286E-4 	 1.2956527429289975E-5 	 5.290791188030988E-4 	 4.6992886463090105E-4 	 3.748114906609286E-4 	 1.2956527429289975E-5 	 
-2.496 	 5.550178597090328E-4 	 5.478779882393922E-4 	 4.6108760276459204E-4 	 1.524318025503127E-5 	 5.550178597090328E-4 	 5.478779882393922E-4 	 4.6108760276459204E-4 	 1.524318025503127E-5 	 
-2.472 	 4.474444337164207E-4 	 4.942607189127776E-4 	 4.6731462530446503E-4 	 1.6314213150151873E-5 	 4.474444337164207E-4 	 4.942607189127776E-4 	 4.6731462530446503E-4 	 1.6314213150151873E-5 	 
-2.448 	 5.379804089198782E-4 	 4.752119595791797E-4 	 4.1193280315414947E-4 	 1.5365799391494666E-5 	 5.379804089198782E-4 	 4.752119595791797E-4 	 4.1193280315414947E-4 	 1.5365799391494666E-5 	 
-2.424 	 7.645760707295109E-4 	 6.608159198442932E-4 	 5.054460605270271E-4 	 1.7801889244255113E-5 	 7.645760707295109E-4 	 6.608159198442932E-4 	 5.054460605270271E-4 	 1.7801889244255113E-5 	 
-2.4 	 7.10258817591345E-4 	 7.516990011571386E-4 	 6.521199553188185E-4 	 1.8517023880322364E-5 	 7.10258817591345E-4 	 7.516990011571386E-4 	 6.521199553188185E-4 	 1.8517023880322364E-5 	 
-2.376 	 6.612859196913828E-4 	 6.631885775046232E-4 	 6.165074365689424E-4 	 1.873980623344693E-5 	 6.612859196913828E-4 	 6.631885775046232E-4 	 6.165074365689424E-4 	 1.873980623344693E-5 	 
-2.352 	 8.722733581430459E-4 	 7.628479594899007E-4 	 6.275020947318273E-4 	 2.254605775248566E-5 	 8.722733581430459E-4 	 7.628479594899007E-4 	 6.275020947318273E-4 	 2.254605775248566E-5 	 
-2.328 	 7.377585750561178E-4 	 8.317175539004206E-4 	 7.64282668189763E-4 	 2.739105411132799E-5 	 7.377585750561178E-4 	 8.317175539004206E-4 	 7.64282668189763E-4 	 2.739105411132799E-5 	 
-2.304 	 8.913963050092565E-4 	 7.790151623276595E-4 	 6.763120149890994E-4 	 2.7035585137517606E-5 	 8.913963050092565E-4 	 7.790151623276595E-4 	 6.763120149890994E-4 	 2.7035585137517606E-5 	 
-2.2800000000000002 	 9.574769425149164E-4 	 9.525321329141497E-4 	 8.127407649471222E-4 	 2.718041400037471E-5 	 9.574769425149164E-4 	 9.525321329141497E-4 	 8.127407649471222E-4 	 2.718041400037471E-5 	 
-2.2560000000000002 	 9.751313038446169E-4 	 9.534268949007784E-4 	 8.37992419439834E-4 	 2.2453322026407896E-5 	 9.751313038446169E-4 	 9.534268949007784E-4 	 8.37992419439834E-4 	 2.2453322026407896E-5 	 
-2.232 	 0.001212290802557681 	 0.001085397595110733 	 8.880562878623592E-4 	 2.7423572325582094E-5 	 0.001212290802557681 	 0.001085397595110733 	 8.880562878623592E-4 	 2.7423572325582094E-5 	 
-2.208 	 0.0011781246509794342 	 0.001212768196339214 	 0.0010470619472789959 	 2.9989434879849312E-5 	 0.0011781246509794342 	 0.001212768196339214 	 0.0010470619472789959 	 2.9989434879849312E-5 	 
-2.184 	 0.0012674641631967593 	 0.0011917671808096657 	 0.0010301337069190508 	 3.130345188453863E-5 	 0.0012674641631967593 	 0.0011917671808096657 	 0.0010301337069190508 	 3.130345188453863E-5 	 
-2.16 	 0.0012495088935427117 	 0.0012689293757024774 	 0.0011221587301131367 	 3.0495218803416895E-5 	 0.0012495088935427117 	 0.0012689293757024774 	 0.0011221587301131367 	 3.0495218803416895E-5 	 
-2.136 	 0.0012716569048330574 	 0.0012436350584869057 	 0.0011099985195816154 	 3.3073382669912664E-5 	 0.0012716569048330574 	 0.0012436350584869057 	 0.0011099985195816154 	 3.3073382669912664E-5 	 
-2.112 	 0.0014883480024306314 	 0.001378712922083892 	 0.001166674127731369 	 3.8146826139756143E-5 	 0.0014883480024306314 	 0.001378712922083892 	 0.001166674127731369 	 3.8146826139756143E-5 	 
-2.088 	 0.0014063047640537516 	 0.0014668699267060036 	 0.0013103054508988806 	 4.2617338078141195E-5 	 0.0014063047640537516 	 0.0014668699267060036 	 0.0013103054508988806 	 4.2617338078141195E-5 	 
-2.064 	 0.0016776287155266295 	 0.0015068806003314906 	 0.0012761378567974243 	 4.044487347914673E-5 	 0.0016776287155266295 	 0.0015068806003314906 	 0.0012761378567974243 	 4.044487347914673E-5 	 
-2.04 	 0.001846795610347109 	 0.0017934580796135256 	 0.0015069189288771845 	 4.7634036956987565E-5 	 0.001846795610347109 	 0.0017934580796135256 	 0.0015069189288771845 	 4.7634036956987565E-5 	 
-2.016 	 0.0019415320481819631 	 0.0018813923014443174 	 0.0016267066464889133 	 5.151196681322263E-5 	 0.0019415320481819631 	 0.0018813923014443174 	 0.0016267066464889133 	 5.151196681322263E-5 	 
-1.992 	 0.0019442822269464704 	 0.0019430548222824414 	 0.0017273016917705426 	 5.4108081385968465E-5 	 0.0019442822269464704 	 0.0019430548222824414 	 0.0017273016917705426 	 5.4108081385968465E-5 	 
-1.968 	 0.002187452760145065 	 0.002051049940628644 	 0.0017650831970611736 	 5.0384471212430245E-5 	 0.002187452760145065 	 0.002051049940628644 	 0.0017650831970611736 	 5.0384471212430245E-5 	 
-1.944 	 0.002274024620694405 	 0.002254009338902968 	 0.0019597789474610386 	 5.670667157388222E-5 	 0.002274024620694405 	 0.002254009338902968 	 0.0019597789474610386 	 5.670667157388222E-5 	 
-1.92 	 0.002544970530861089 	 0.002388663189210066 	 0.002043566593469524 	 5.844373926266342E-5 	 0.002544970530861089 	 0.002388663189210066 	 0.002043566593469524 	 5.844373926266342E-5 	 
-1.896 	 0.002953100071109055 	 0.0027630341553705976 	 0.002303605155324429 	 6.044442685129116E-5 	 0.002953100071109055 	 0.0027630341553705976 	 0.002303605155324429 	 6.044442685129116E-5 	 
-1.8719999999999999 	 0.0030207460944778348 	 0.0030026174015708655 	 0.0026014542684650688 	 6.047596282482047E-5 	 0.0030207460944778348 	 0.0030026174015708655 	 0.0026014542684650688 	 6.047596282482047E-5 	 
-1.8479999999999999 	 0.0031390577726449573 	 0.0030554092886267764 	 0.002691410705786772 	 6.059089170777043E-5 	 0.0031390577726449573 	 0.0030554092886267764 	 0.002691410705786772 	 6.059089170777043E-5 	 
-1.824 	 0.0038197675839454575 	 0.003474811500452205 	 0.0028904529145897966 	 6.131438215066254E-5 	 0.0038197675839454575 	 0.003474811500452205 	 0.0028904529145897966 	 6.131438215066254E-5 	 
-1.8 	 0.004126458386083648 	 0.004025671465046225 	 0.003402423691520844 	 6.687825312012263E-5 	 0.004126458386083648 	 0.004025671465046225 	 0.003402423691520844 	 6.687825312012263E-5 	 
-1.776 	 0.004564829442122112 	 0.004309179466550226 	 0.003650318686735441 	 7.733162943335794E-5 	 0.004564829442122112 	 0.004309179466550226 	 0.003650318686735441 	 7.733162943335794E-5 	 
-1.752 	 0.004998793313795344 	 0.004792039785742296 	 0.0040491888667405435 	 8.249835680877061E-5 	 0.004998793313795344 	 0.004792039785742296 	 0.0040491888667405435 	 8.249835680877061E-5 	 
-1.728 	 0.004858582585719416 	 0.004927629675564856 	 0.004364985970154719 	 8.748687999446558E-5 	 0.004858582585719416 	 0.004927629675564856 	 0.004364985970154719 	 8.748687999446558E-5 	 
-1.704 	 0.0053719384308544725 	 0.0050490285874485 	 0.004375824267433319 	 9.318638938218501E-5 	 0.0053719384308544725 	 0.0050490285874485 	 0.004375824267433319 	 9.318638938218501E-5 	 
-1.68 	 0.006305780262579577 	 0.005880027180417751 	 0.00490002546321174 	 9.838273598395971E-5 	 0.006305780262579577 	 0.005880027180417751 	 0.00490002546321174 	 9.838273598395971E-5 	 
-1.656 	 0.006398675071885062 	 0.006401437286574502 	 0.005560402185320209 	 1.0816477915919288E-4 	 0.006398675071885062 	 0.006401437286574502 	 0.005560402185320209 	 1.0816477915919288E-4 	 
-1.632 	 0.007091097673468247 	 0.006668627359866463 	 0.005736225244836513 	 1.1148626959399755E-4 	 0.007091097673468247 	 0.006668627359866463 	 0.005736225244836513 	 1.1148626959399755E-4 	 
-1.6079999999999999 	 0.007845578627957615 	 0.007522947579796272 	 0.006387412172221914 	 1.2741238724751477E-4 	 0.007845578627957615 	 0.007522947579796272 	 0.006387412172221914 	 1.2741238724751477E-4 	 
-1.584 	 0.008672822944853109 	 0.008248427691230424 	 0.0069991441750056815 	 1.3176246873782658E-4 	 0.008672822944853109 	 0.008248427691230424 	 0.0069991441750056815 	 1.3176246873782658E-4 	 
-1.56 	 0.009214137928760163 	 0.008962307519109878 	 0.007708407619408233 	 1.474240146572589E-4 	 0.009214137928760163 	 0.008962307519109878 	 0.007708407619408233 	 1.474240146572589E-4 	 
-1.536 	 0.010069572377756252 	 0.009609392539057533 	 0.00824800382619087 	 1.552938590248817E-4 	 0.010069572377756252 	 0.009609392539057533 	 0.00824800382619087 	 1.552938590248817E-4 	 
-1.512 	 0.011303248940458525 	 0.010707054959107242 	 0.009060968896109477 	 1.69492107395245E-4 	 0.011303248940458525 	 0.010707054959107242 	 0.009060968896109477 	 1.69492107395245E-4 	 
-1.488 	 0.012520598783496616 	 0.011939073092143327 	 0.010093744816431728 	 1.849103075606126E-4 	 0.012520598783496616 	 0.011939073092143327 	 0.010093744816431728 	 1.849103075606126E-4 	 
-1.464 	 0.013678709121210941 	 0.013102678030012782 	 0.011147667053017486 	 1.9678914663438064E-4 	 0.013678709121210941 	 0.013102678030012782 	 0.011147667053017486 	 1.9678914663438064E-4 	 
-1.44 	 0.014915482456123078 	 0.014290466961914052 	 0.012198996316223227 	 2.1561565686414636E-4 	 0.014915482456123078 	 0.014290466961914052 	 0.012198996316223227 	 2.1561565686414636E-4 	 
-1.416 	 0.016317861063604635 	 0.015619591741216236 	 0.01333133921637561 	 2.2175286783560088E-4 	 0.016317861063604635 	 0.015619591741216236 	 0.01333133921637561 	 2.2175286783560088E-4 	 
-1.392 	 0.017474003449035172 	 0.01691854846936917 	 0.01457576830197397 	 2.3512159786449934E-4 	 0.017474003449035172 	 0.01691854846936917 	 0.01457576830197397 	 2.3512159786449934E-4 	 
-1.3679999999999999 	 0.01996719628593739 	 0.018676813847502246 	 0.015781919306679815 	 2.4853729125010374E-4 	 0.01996719628593739 	 0.018676813847502246 	 0.015781919306679815 	 2.4853729125010374E-4 	 
-1.3439999999999999 	 0.02116775201051582 	 0.02071858131528569 	 0.017819102154615386 	 2.816770421526771E-4 	 0.02116775201051582 	 0.02071858131528569 	 0.017819102154615386 	 2.816770421526771E-4 	 
-1.32 	 0.022878648445771824 	 0.021904935659912923 	 0.018928064775202008 	 3.015288222192843E-4 	 0.022878648445771824 	 0.021904935659912923 	 0.018928064775202008 	 3.015288222192843E-4 	 
-1.296 	 0.02478689384031979 	 0.02388922496399638 	 0.020594926686512187 	 3.285854542760748E-4 	 0.02478689384031979 	 0.02388922496399638 	 0.020594926686512187 	 3.285854542760748E-4 	 
-1.272 	 0.026177268783085312 	 0.025486852466317544 	 0.022223091402508974 	 3.4672370324076077E-4 	 0.026177268783085312 	 0.025486852466317544 	 0.022223091402508974 	 3.4672370324076077E-4 	 
-1.248 	 0.02833307992666696 	 0.027208056590637054 	 0.023712917715693265 	 3.710710066471295E-4 	 0.02833307992666696 	 0.027208056590637054 	 0.023712917715693265 	 3.710710066471295E-4 	 
-1.224 	 0.02986572320285912 	 0.029183771238006053 	 0.025687629936870546 	 3.98107437102748E-4 	 0.02986572320285912 	 0.029183771238006053 	 0.025687629936870546 	 3.98107437102748E-4 	 
-1.2 	 0.03137753734597893 	 0.03058453438648715 	 0.027181882418001405 	 4.263937218831702E-4 	 0.03137753734597893 	 0.03058453438648715 	 0.027181882418001405 	 4.263937218831702E-4 	 
-1.176 	 0.033021786316971335 	 0.03223399622149699 	 0.028846215148920776 	 4.5809421181928426E-4 	 0.033021786316971335 	 0.03223399622149699 	 0.028846215148920776 	 4.5809421181928426E-4 	 
-1.152 	 0.03500964325772598 	 0.03404586322863501 	 0.03057099617577695 	 4.7757343502809896E-4 	 0.03500964325772598 	 0.03404586322863501 	 0.03057099617577695 	 4.7757343502809896E-4 	 
-1.128 	 0.03541169731216311 	 0.03533361368577685 	 0.03244161869026468 	 5.17247105614417E-4 	 0.03541169731216311 	 0.03533361368577685 	 0.03244161869026468 	 5.17247105614417E-4 	 
-1.1039999999999999 	 0.035624402716804726 	 0.03545763715419483 	 0.03315262793284897 	 5.504910457901267E-4 	 0.035624402716804726 	 0.03545763715419483 	 0.03315262793284897 	 5.504910457901267E-4 	 
-1.08 	 0.037313286589539627 	 0.03649939305599104 	 0.033944407310880755 	 5.951086757045438E-4 	 0.037313286589539627 	 0.03649939305599104 	 0.033944407310880755 	 5.951086757045438E-4 	 
-1.056 	 0.037058161464858234 	 0.03740899920092531 	 0.035433495441757265 	 6.330465958996215E-4 	 0.037058161464858234 	 0.03740899920092531 	 0.035433495441757265 	 6.330465958996215E-4 	 
-1.032 	 0.037438765188365135 	 0.03713885491275507 	 0.03552982781744678 	 6.691247174045936E-4 	 0.037438765188365135 	 0.03713885491275507 	 0.03552982781744678 	 6.691247174045936E-4 	 
-1.008 	 0.0363672779275527 	 0.03707916648842834 	 0.03607510173090944 	 6.920066436908988E-4 	 0.0363672779275527 	 0.03707916648842834 	 0.03607510173090944 	 6.920066436908988E-4 	 
-0.984 	 0.03422761180403177 	 0.03525260749851104 	 0.035271263351155595 	 7.087407775208308E-4 	 0.03422761180403177 	 0.03525260749851104 	 0.035271263351155595 	 7.087407775208308E-4 	 
-0.96 	 0.032573346821797265 	 0.03339426789659139 	 0.033876616368621645 	 7.288525034081401E-4 	 0.032573346821797265 	 0.03339426789659139 	 0.033876616368621645 	 7.288525034081401E-4 	 
-0.9359999999999999 	 0.029956127647805083 	 0.03138516888171813 	 0.03249055748062351 	 7.403912435587015E-4 	 0.029956127647805083 	 0.03138516888171813 	 0.03249055748062351 	 7.403912435587015E-4 	 
-0.9119999999999999 	 0.027432914494391496 	 0.028675685376972914 	 0.030283683372757827 	 7.399934222972805E-4 	 0.027432914494391496 	 0.028675685376972914 	 0.030283683372757827 	 7.399934222972805E-4 	 
-0.8879999999999999 	 0.024326129312104452 	 0.025969630111735763 	 0.028077804808063257 	 7.447985663597739E-4 	 0.024326129312104452 	 0.025969630111735763 	 0.028077804808063257 	 7.447985663597739E-4 	 
-0.8639999999999999 	 0.02132825591165739 	 0.022824509051880403 	 0.02532469978406093 	 7.389237753589585E-4 	 0.02132825591165739 	 0.022824509051880403 	 0.02532469978406093 	 7.389237753589585E-4 	 
-0.8399999999999999 	 0.018289014189506323 	 0.019884977291763712 	 0.022670440892300765 	 7.325166817801744E-4 	 0.018289014189506323 	 0.019884977291763712 	 0.022670440892300765 	 7.325166817801744E-4 	 
-0.8159999999999998 	 0.015173482432172867 	 0.016785355748127888 	 0.019854630293590463 	 7.197531759010312E-4 	 0.015173482432172867 	 0.016785355748127888 	 0.019854630293590463 	 7.197531759010312E-4 	 
-0.7919999999999998 	 0.013050380217306484 	 0.01415083122028811 	 0.017076815156130964 	 7.182216000513E-4 	 0.013050380217306484 	 0.01415083122028811 	 0.017076815156130964 	 7.182216000513E-4 	 
-0.7679999999999998 	 0.010512229938974955 	 0.011924961469444245 	 0.01489024620494031 	 7.164192201555581E-4 	 0.010512229938974955 	 0.011924961469444245 	 0.01489024620494031 	 7.164192201555581E-4 	 
-0.7439999999999998 	 0.00897867543007791 	 0.009732093630728708 	 0.012493269796575033 	 7.128844427195845E-4 	 0.00897867543007791 	 0.009732093630728708 	 0.012493269796575033 	 7.128844427195845E-4 	 
-0.7199999999999998 	 0.007766626996775015 	 0.00850121326483764 	 0.010956839080671889 	 7.173142394202813E-4 	 0.007766626996775015 	 0.00850121326483764 	 0.010956839080671889 	 7.173142394202813E-4 	 
-0.6959999999999997 	 0.006285361521565578 	 0.00708232697648342 	 0.009511979010153084 	 7.181184261467967E-4 	 0.006285361521565578 	 0.00708232697648342 	 0.009511979010153084 	 7.181184261467967E-4 	 
-0.6720000000000002 	 0.005158696005955455 	 0.005734607894695095 	 0.008061449730638938 	 7.34138322191089E-4 	 0.005158696005955455 	 0.005734607894695095 	 0.008061449730638938 	 7.34138322191089E-4 	 
-0.6480000000000001 	 0.00426047064611194 	 0.004755799796410092 	 0.006913732132636673 	 7.422330383947721E-4 	 0.00426047064611194 	 0.004755799796410092 	 0.006913732132636673 	 7.422330383947721E-4 	 
-0.6240000000000001 	 0.003611693361186641 	 0.003960985757215126 	 0.005965512815334076 	 7.793775017380464E-4 	 0.003611693361186641 	 0.003960985757215126 	 0.005965512815334076 	 7.793775017380464E-4 	 
-0.6000000000000001 	 0.0031469633677526877 	 0.0034103962565959706 	 0.005225123287639356 	 8.02102332834954E-4 	 0.0031469633677526877 	 0.0034103962565959706 	 0.005225123287639356 	 8.02102332834954E-4 	 
-0.5760000000000001 	 0.002720264821149589 	 0.0029583257770840394 	 0.004655064587274223 	 8.434755647596484E-4 	 0.002720264821149589 	 0.0029583257770840394 	 0.004655064587274223 	 8.434755647596484E-4 	 
-0.552 	 0.0023009979083385645 	 0.0025231412332007755 	 0.004157376530056208 	 8.822481163476461E-4 	 0.0023009979083385645 	 0.0025231412332007755 	 0.004157376530056208 	 8.822481163476461E-4 	 
-0.528 	 0.001993623527144419 	 0.0021511639962276336 	 0.0036813975003933824 	 9.229185677596174E-4 	 0.001993623527144419 	 0.0021511639962276336 	 0.0036813975003933824 	 9.229185677596174E-4 	 
-0.504 	 0.0016790851636357253 	 0.0018481067714726295 	 0.003309671300591227 	 9.878950392615629E-4 	 0.0016790851636357253 	 0.0018481067714726295 	 0.003309671300591227 	 9.878950392615629E-4 	 
-0.48 	 0.0015113750580793843 	 0.0015906758247074165 	 0.0029421115653110877 	 0.0010401625907069875 	 0.0015113750580793843 	 0.0015906758247074165 	 0.0029421115653110877 	 0.0010401625907069875 	 
-0.45599999999999996 	 0.0012722227648504618 	 0.0014048063012722307 	 0.00270967804357408 	 0.0011270594227744176 	 0.0012722227648504618 	 0.0014048063012722307 	 0.00270967804357408 	 0.0011270594227744176 	 
-0.43199999999999994 	 0.0011088314044787975 	 0.0011806608938838923 	 0.0024224373734538732 	 0.0011975909017665526 	 0.0011088314044787975 	 0.0011806608938838923 	 0.0024224373734538732 	 0.0011975909017665526 	 
-0.4079999999999999 	 9.248477243395415E-4 	 0.0010234795154060625 	 0.0022248403614845793 	 0.0013060434235520584 	 9.248477243395415E-4 	 0.0010234795154060625 	 0.0022248403614845793 	 0.0013060434235520584 	 
-0.3839999999999999 	 9.736695137548537E-4 	 9.378770756459782E-4 	 0.0020052315407939995 	 0.0013958895042952937 	 9.736695137548537E-4 	 9.378770756459782E-4 	 0.0020052315407939995 	 0.0013958895042952937 	 
-0.3599999999999999 	 7.989545964803386E-4 	 9.079847544368891E-4 	 0.001959357257998397 	 0.0015309526288724922 	 7.989545964803386E-4 	 9.079847544368891E-4 	 0.001959357257998397 	 0.0015309526288724922 	 
-0.33599999999999985 	 6.691769628223624E-4 	 7.077885836968637E-4 	 0.0017524463722410825 	 0.0016748496216084231 	 6.691769628223624E-4 	 7.077885836968637E-4 	 0.0017524463722410825 	 0.0016748496216084231 	 
-0.31199999999999983 	 5.936442246754605E-4 	 6.317034962019371E-4 	 0.0016097595830549467 	 0.001819293296261282 	 5.936442246754605E-4 	 6.317034962019371E-4 	 0.0016097595830549467 	 0.001819293296261282 	 
-0.2879999999999998 	 6.509320484991668E-4 	 6.15352136790539E-4 	 0.0015057421963898094 	 0.0020274121199023104 	 6.509320484991668E-4 	 6.15352136790539E-4 	 0.0015057421963898094 	 0.0020274121199023104 	 
-0.2639999999999998 	 4.425901027544277E-4 	 5.608380059706905E-4 	 0.0014793803274265954 	 0.002227639765399756 	 4.425901027544277E-4 	 5.608380059706905E-4 	 0.0014793803274265954 	 0.002227639765399756 	 
-0.23999999999999977 	 4.64146270363527E-4 	 4.2228720782215904E-4 	 0.0012928800550143086 	 0.0024995901274816553 	 4.64146270363527E-4 	 4.2228720782215904E-4 	 0.0012928800550143086 	 0.0024995901274816553 	 
-0.21599999999999975 	 4.230954039013811E-4 	 4.630416351632112E-4 	 0.0012796948099539312 	 0.0027829335453540332 	 4.230954039013811E-4 	 4.630416351632112E-4 	 0.0012796948099539312 	 0.0027829335453540332 	 
-0.19199999999999973 	 3.452429897726357E-4 	 3.723861986791583E-4 	 0.0011870717860391537 	 0.0031221201037006066 	 3.452429897726357E-4 	 3.723861986791583E-4 	 0.0011870717860391537 	 0.0031221201037006066 	 
-0.16800000000000015 	 3.358191976776558E-4 	 3.3583733107998284E-4 	 0.0011080111153892154 	 0.0035500766380608417 	 3.358191976776558E-4 	 3.3583733107998284E-4 	 0.0011080111153892154 	 0.0035500766380608417 	 
-0.14400000000000013 	 2.7395577526971755E-4 	 3.0609561935321546E-4 	 0.001063909313731482 	 0.004044094136598226 	 2.7395577526971755E-4 	 3.0609561935321546E-4 	 0.001063909313731482 	 0.004044094136598226 	 
-0.1200000000000001 	 2.8542945929027527E-4 	 2.6884464826587085E-4 	 9.904388927314068E-4 	 0.004648128893717748 	 2.8542945929027527E-4 	 2.6884464826587085E-4 	 9.904388927314068E-4 	 0.004648128893717748 	 
-0.09600000000000009 	 2.209914645115955E-4 	 2.5704408394152425E-4 	 9.672145837663006E-4 	 0.005378292595636296 	 2.209914645115955E-4 	 2.5704408394152425E-4 	 9.672145837663006E-4 	 0.005378292595636296 	 
-0.07200000000000006 	 2.3444286604997722E-4 	 2.1305513343875286E-4 	 8.994834531693428E-4 	 0.006242203682214793 	 2.3444286604997722E-4 	 2.1305513343875286E-4 	 8.994834531693428E-4 	 0.006242203682214793 	 
-0.04800000000000004 	 2.465682566109294E-4 	 2.4174767766043834E-4 	 8.967510589384855E-4 	 0.0073005685163004186 	 2.465682566109294E-4 	 2.4174767766043834E-4 	 8.967510589384855E-4 	 0.0073005685163004186 	 
-0.02400000000000002 	 2.3836755105773538E-4 	 2.3415416971971442E-4 	 8.740815030096817E-4 	 0.008497652835581173 	 2.3836755105773538E-4 	 2.3415416971971442E-4 	 8.740815030096817E-4 	 0.008497652835581173 	 
0.0 	 2.1696037448531405E-4 	 2.1863546577419776E-4 	 8.617285384550605E-4 	 0.010055507018652555 	 2.1696037448531405E-4 	 2.1863546577419776E-4 	 8.617285384550605E-4 	 0.010055507018652555 	 
0.02400000000000002 	 1.9007411177437297E-4 	 1.9222213830825588E-4 	 8.290559026905295E-4 	 0.0118467951060691 	 1.9007411177437297E-4 	 1.9222213830825588E-4 	 8.290559026905295E-4 	 0.0118467951060691 	 
0.04800000000000004 	 1.7146173373234949E-4 	 1.681276324500087E-4 	 8.000000452214729E-4 	 0.014025462732185068 	 1.7146173373234949E-4 	 1.681276324500087E-4 	 8.000000452214729E-4 	 0.014025462732185068 	 
0.07200000000000006 	 1.7144995819949144E-4 	 1.5831893798041668E-4 	 7.834064676475947E-4 	 0.016561132315027823 	 1.7144995819949144E-4 	 1.5831893798041668E-4 	 7.834064676475947E-4 	 0.016561132315027823 	 
0.09600000000000009 	 1.6454162023841448E-4 	 1.5436267981778443E-4 	 7.767851749835895E-4 	 0.019579662359422084 	 1.6454162023841448E-4 	 1.5436267981778443E-4 	 7.767851749835895E-4 	 0.019579662359422084 	 
0.1200000000000001 	 1.3877451620496737E-4 	 1.3221941516189064E-4 	 7.648904269278104E-4 	 0.022953571840376837 	 1.3877451620496737E-4 	 1.3221941516189064E-4 	 7.648904269278104E-4 	 0.022953571840376837 	 
0.14400000000000013 	 1.4612439883657027E-4 	 1.1812507090413486E-4 	 7.490442896676815E-4 	 0.02664653651493339 	 1.4612439883657027E-4 	 1.1812507090413486E-4 	 7.490442896676815E-4 	 0.02664653651493339 	 
0.16800000000000015 	 1.4669495846878785E-4 	 1.2102713954031907E-4 	 7.567060033816827E-4 	 0.03049131443324688 	 1.4669495846878785E-4 	 1.2102713954031907E-4 	 7.567060033816827E-4 	 0.03049131443324688 	 
0.19200000000000017 	 1.6803481522165655E-4 	 1.2320182848946776E-4 	 7.541588100379335E-4 	 0.034287488504269034 	 1.6803481522165655E-4 	 1.2320182848946776E-4 	 7.541588100379335E-4 	 0.034287488504269034 	 
0.2160000000000002 	 1.5949936361447762E-4 	 1.2861900635252062E-4 	 7.721948271878718E-4 	 0.03811084213462138 	 1.5949936361447762E-4 	 1.2861900635252062E-4 	 7.721948271878718E-4 	 0.03811084213462138 	 
0.2400000000000002 	 1.9594651970919927E-4 	 1.291269177581843E-4 	 7.561963668152855E-4 	 0.04119191365355579 	 1.9594651970919927E-4 	 1.291269177581843E-4 	 7.561963668152855E-4 	 0.04119191365355579 	 
0.26400000000000023 	 2.528385482885182E-4 	 1.78618508676288E-4 	 7.853142844368807E-4 	 0.044136485269321186 	 2.528385482885182E-4 	 1.78618508676288E-4 	 7.853142844368807E-4 	 0.044136485269321186 	 
0.28800000000000026 	 2.2305693417865578E-4 	 1.8395587055304374E-4 	 7.994698216868535E-4 	 0.04612136243964149 	 2.2305693417865578E-4 	 1.8395587055304374E-4 	 7.994698216868535E-4 	 0.04612136243964149 	 
0.3120000000000003 	 1.9746306241530162E-4 	 1.417548736380433E-4 	 7.567585402243518E-4 	 0.04740895908049541 	 1.9746306241530162E-4 	 1.417548736380433E-4 	 7.567585402243518E-4 	 0.04740895908049541 	 
0.33599999999999985 	 2.0269604094149513E-4 	 1.3252293762063195E-4 	 7.179062456527321E-4 	 0.047515420829949535 	 2.0269604094149513E-4 	 1.3252293762063195E-4 	 7.179062456527321E-4 	 0.047515420829949535 	 
0.3599999999999999 	 1.836521943694414E-4 	 1.2603519265818588E-4 	 6.830738287585681E-4 	 0.046591824300106596 	 1.836521943694414E-4 	 1.2603519265818588E-4 	 6.830738287585681E-4 	 0.046591824300106596 	 
0.3839999999999999 	 1.8750254563558991E-4 	 1.1405074204415339E-4 	 6.351604026708811E-4 	 0.04505571140904834 	 1.8750254563558991E-4 	 1.1405074204415339E-4 	 6.351604026708811E-4 	 0.04505571140904834 	 
0.4079999999999999 	 1.938334342068156E-4 	 1.243252319344846E-4 	 5.98959894776035E-4 	 0.04266803088020847 	 1.938334342068156E-4 	 1.243252319344846E-4 	 5.98959894776035E-4 	 0.04266803088020847 	 
0.43199999999999994 	 1.8349688018725577E-4 	 1.2358654236071655E-4 	 5.64884601247083E-4 	 0.039994898963428706 	 1.8349688018725577E-4 	 1.2358654236071655E-4 	 5.64884601247083E-4 	 0.039994898963428706 	 
0.45599999999999996 	 1.6939689755198514E-4 	 1.1142253270776555E-4 	 5.099831098679709E-4 	 0.036418937847386305 	 1.6939689755198514E-4 	 1.1142253270776555E-4 	 5.099831098679709E-4 	 0.036418937847386305 	 
0.48 	 1.414193751915485E-4 	 9.606087264462236E-5 	 4.5511392385247916E-4 	 0.03246220046999223 	 1.414193751915485E-4 	 9.606087264462236E-5 	 4.5511392385247916E-4 	 0.03246220046999223 	 
0.504 	 1.2813654967538165E-4 	 7.892061320434246E-5 	 3.917936073975636E-4 	 0.028515520560692245 	 1.2813654967538165E-4 	 7.892061320434246E-5 	 3.917936073975636E-4 	 0.028515520560692245 	 
0.528 	 1.3147341619293798E-4 	 8.30083606874802E-5 	 3.466666862494091E-4 	 0.024962900093832608 	 1.3147341619293798E-4 	 8.30083606874802E-5 	 3.466666862494091E-4 	 0.024962900093832608 	 
0.552 	 9.685215962959931E-5 	 7.467477668963959E-5 	 3.157378960466779E-4 	 0.021838845307735447 	 9.685215962959931E-5 	 7.467477668963959E-5 	 3.157378960466779E-4 	 0.021838845307735447 	 
0.5760000000000001 	 8.147182946284577E-5 	 4.886594768067675E-5 	 2.5937467031153006E-4 	 0.018883339500308027 	 8.147182946284577E-5 	 4.886594768067675E-5 	 2.5937467031153006E-4 	 0.018883339500308027 	 
0.6000000000000001 	 8.055778414065246E-5 	 5.075634780387722E-5 	 2.2478619427603627E-4 	 0.016233719518789717 	 8.055778414065246E-5 	 5.075634780387722E-5 	 2.2478619427603627E-4 	 0.016233719518789717 	 
0.6240000000000001 	 6.0772786266779156E-5 	 4.461105305947007E-5 	 2.0070917407566082E-4 	 0.014139137678243255 	 6.0772786266779156E-5 	 4.461105305947007E-5 	 2.0070917407566082E-4 	 0.014139137678243255 	 
0.6480000000000001 	 4.78153420585216E-5 	 2.9122017056072626E-5 	 1.665496550369408E-4 	 0.012247982124929136 	 4.78153420585216E-5 	 2.9122017056072626E-5 	 1.665496550369408E-4 	 0.012247982124929136 	 
0.6720000000000002 	 4.0923966872353395E-5 	 2.4342329641103932E-5 	 1.420548134590975E-4 	 0.010574022210085014 	 4.0923966872353395E-5 	 2.4342329641103932E-5 	 1.420548134590975E-4 	 0.010574022210085014 	 
0.6960000000000002 	 5.0124970154232614E-5 	 2.806021177281481E-5 	 1.2435316695578305E-4 	 0.00927403624752802 	 5.0124970154232614E-5 	 2.806021177281481E-5 	 1.2435316695578305E-4 	 0.00927403624752802 	 
0.7200000000000002 	 4.504109549068256E-5 	 3.430442803869876E-5 	 1.1939334990146757E-4 	 0.00827473177017888 	 4.504109549068256E-5 	 3.430442803869876E-5 	 1.1939334990146757E-4 	 0.00827473177017888 	 
0.7440000000000002 	 3.1775774031272094E-5 	 2.359153552699255E-5 	 1.039919168535159E-4 	 0.007304619130850371 	 3.1775774031272094E-5 	 2.359153552699255E-5 	 1.039919168535159E-4 	 0.007304619130850371 	 
0.7680000000000002 	 2.503481225512263E-5 	 1.5118028084840116E-5 	 8.449319908987243E-5 	 0.0062056988390881565 	 2.503481225512263E-5 	 1.5118028084840116E-5 	 8.449319908987243E-5 	 0.0062056988390881565 	 
0.7920000000000003 	 2.08011690160564E-5 	 1.2317059452167186E-5 	 6.927795026826293E-5 	 0.005176598237363328 	 2.08011690160564E-5 	 1.2317059452167186E-5 	 6.927795026826293E-5 	 0.005176598237363328 	 
0.8160000000000003 	 1.7032281675642296E-5 	 1.0094732981448556E-5 	 5.815147656870652E-5 	 0.0043433542056710815 	 1.7032281675642296E-5 	 1.0094732981448556E-5 	 5.815147656870652E-5 	 0.0043433542056710815 	 
0.8399999999999999 	 1.5003037142306338E-5 	 8.915050111636198E-6 	 5.0356823386090826E-5 	 0.0037389968762399544 	 1.5003037142306338E-5 	 8.915050111636198E-6 	 5.0356823386090826E-5 	 0.0037389968762399544 	 
0.8639999999999999 	 1.2400581717719686E-5 	 7.391139960693491E-6 	 4.231448367142853E-5 	 0.0031121428939637156 	 1.2400581717719686E-5 	 7.391139960693491E-6 	 4.231448367142853E-5 	 0.0031121428939637156 	 
0.8879999999999999 	 1.039914866358573E-5 	 6.216166899613171E-6 	 3.656292709978538E-5 	 0.00266325820216822 	 1.039914866358573E-5 	 6.216166899613171E-6 	 3.656292709978538E-5 	 0.00266325820216822 	 
0.9119999999999999 	 8.98117131153434E-6 	 5.3963019457718495E-6 	 3.152608788902253E-5 	 0.0022989587732881334 	 8.98117131153434E-6 	 5.3963019457718495E-6 	 3.152608788902253E-5 	 0.0022989587732881334 	 
0.9359999999999999 	 8.107527443030563E-6 	 4.843763649952921E-6 	 2.7602726333809234E-5 	 0.0020089106704553514 	 8.107527443030563E-6 	 4.843763649952921E-6 	 2.7602726333809234E-5 	 0.0020089106704553514 	 
0.96 	 6.482955257327223E-6 	 3.908452787346378E-6 	 2.3168514363529192E-5 	 0.0016685413499152866 	 6.482955257327223E-6 	 3.908452787346378E-6 	 2.3168514363529192E-5 	 0.0016685413499152866 	 
0.984 	 5.676155444233132E-6 	 3.395254722920882E-6 	 2.0010072805511975E-5 	 0.001434858918467319 	 5.676155444233132E-6 	 3.395254722920882E-6 	 2.0010072805511975E-5 	 0.001434858918467319 	 
1.008 	 1.2071831071804757E-5 	 6.2748167572602705E-6 	 1.7738246775441656E-5 	 0.0012377799325887652 	 1.2071831071804757E-5 	 6.2748167572602705E-6 	 1.7738246775441656E-5 	 0.0012377799325887652 	 
1.032 	 6.899200580931787E-6 	 8.296297445020704E-6 	 1.977441612942722E-5 	 0.0010743316529924604 	 6.899200580931787E-6 	 8.296297445020704E-6 	 1.977441612942722E-5 	 0.0010743316529924604 	 
1.056 	 3.848656838649196E-6 	 2.609100257884329E-6 	 1.5058547736262336E-5 	 9.753957005549533E-4 	 3.848656838649196E-6 	 2.609100257884329E-6 	 1.5058547736262336E-5 	 9.753957005549533E-4 	 
1.08 	 3.185430954421969E-6 	 2.0344131214698073E-6 	 1.2262772015444469E-5 	 8.492518031880889E-4 	 3.185430954421969E-6 	 2.0344131214698073E-6 	 1.2262772015444469E-5 	 8.492518031880889E-4 	 
1.104 	 2.862791713556175E-6 	 1.7917823987063637E-6 	 1.0747068608484568E-5 	 7.649182154892895E-4 	 2.862791713556175E-6 	 1.7917823987063637E-6 	 1.0747068608484568E-5 	 7.649182154892895E-4 	 
1.1280000000000001 	 2.742205037457777E-6 	 1.7392193579943492E-6 	 9.860419322920838E-6 	 6.909502277763598E-4 	 2.742205037457777E-6 	 1.7392193579943492E-6 	 9.860419322920838E-6 	 6.909502277763598E-4 	 
1.1520000000000001 	 2.2436967026276407E-6 	 1.3522072619056797E-6 	 8.137564615237302E-6 	 5.96280875578063E-4 	 2.2436967026276407E-6 	 1.3522072619056797E-6 	 8.137564615237302E-6 	 5.96280875578063E-4 	 
1.1760000000000002 	 2.046278890460195E-6 	 1.2547527438223723E-6 	 7.28783577035021E-6 	 5.383013830850682E-4 	 2.046278890460195E-6 	 1.2547527438223723E-6 	 7.28783577035021E-6 	 5.383013830850682E-4 	 
1.2000000000000002 	 9.197507348883432E-6 	 4.552254426871929E-6 	 7.1438036056304E-6 	 4.7534063925911297E-4 	 9.197507348883432E-6 	 4.552254426871929E-6 	 7.1438036056304E-6 	 4.7534063925911297E-4 	 
1.2240000000000002 	 4.392142759602058E-6 	 6.78332426335211E-6 	 1.052931286591437E-5 	 3.9813611770513746E-4 	 4.392142759602058E-6 	 6.78332426335211E-6 	 1.052931286591437E-5 	 3.9813611770513746E-4 	 
1.2480000000000002 	 1.2935046276677702E-6 	 1.1074395700000673E-6 	 6.11662390322479E-6 	 3.489768266154806E-4 	 1.2935046276677702E-6 	 1.1074395700000673E-6 	 6.11662390322479E-6 	 3.489768266154806E-4 	 
1.2720000000000002 	 1.2772311306990263E-6 	 8.463277931207183E-7 	 4.702049413251737E-6 	 3.279163422432982E-4 	 1.2772311306990263E-6 	 8.463277931207183E-7 	 4.702049413251737E-6 	 3.279163422432982E-4 	 
1.2960000000000003 	 1.060314766524186E-6 	 6.504515926192718E-7 	 3.858706297572633E-6 	 2.880411582151914E-4 	 1.060314766524186E-6 	 6.504515926192718E-7 	 3.858706297572633E-6 	 2.880411582151914E-4 	 
1.3200000000000003 	 1.0779189255493428E-6 	 6.388111510872501E-7 	 3.4841841349639534E-6 	 2.6790906887003797E-4 	 1.0779189255493428E-6 	 6.388111510872501E-7 	 3.4841841349639534E-6 	 2.6790906887003797E-4 	 
1.3440000000000003 	 9.081031053055193E-7 	 5.218389961934408E-7 	 2.8906423981138202E-6 	 2.2379880885499098E-4 	 9.081031053055193E-7 	 5.218389961934408E-7 	 2.8906423981138202E-6 	 2.2379880885499098E-4 	 
1.3680000000000003 	 7.109498292689196E-7 	 4.0104718895867943E-7 	 2.381297619713399E-6 	 1.8064818241880488E-4 	 7.109498292689196E-7 	 4.0104718895867943E-7 	 2.381297619713399E-6 	 1.8064818241880488E-4 	 
1.3920000000000003 	 6.285249099377913E-7 	 3.591576974893234E-7 	 2.0561368396976426E-6 	 1.5702153858300873E-4 	 6.285249099377913E-7 	 3.591576974893234E-7 	 2.0561368396976426E-6 	 1.5702153858300873E-4 	 
1.4160000000000004 	 4.743970086724744E-7 	 2.708064727797207E-7 	 1.6713647771129847E-6 	 1.311732691901126E-4 	 4.743970086724744E-7 	 2.708064727797207E-7 	 1.6713647771129847E-6 	 1.311732691901126E-4 	 
1.4400000000000004 	 5.070750414134603E-7 	 2.938651668973471E-7 	 1.6338166141031731E-6 	 1.2767449360118148E-4 	 5.070750414134603E-7 	 2.938651668973471E-7 	 1.6338166141031731E-6 	 1.2767449360118148E-4 	 
1.4640000000000004 	 4.0090190426705755E-7 	 2.285236211429667E-7 	 1.3324984990344873E-6 	 1.0268952098332653E-4 	 4.0090190426705755E-7 	 2.285236211429667E-7 	 1.3324984990344873E-6 	 1.0268952098332653E-4 	 
1.4880000000000004 	 3.6162032371370883E-7 	 2.0541553719228633E-7 	 1.1614918136530047E-6 	 8.919893073948731E-5 	 3.6162032371370883E-7 	 2.0541553719228633E-7 	 1.1614918136530047E-6 	 8.919893073948731E-5 	 
1.5120000000000005 	 2.512346720767827E-7 	 1.4533477100462312E-7 	 8.943871029663946E-7 	 7.270828635116524E-5 	 2.512346720767827E-7 	 1.4533477100462312E-7 	 8.943871029663946E-7 	 7.270828635116524E-5 	 
1.5360000000000005 	 2.858983521614592E-7 	 1.6509946033039922E-7 	 9.374801142465616E-7 	 7.276906331407743E-5 	 2.858983521614592E-7 	 1.6509946033039922E-7 	 9.374801142465616E-7 	 7.276906331407743E-5 	 
1.5600000000000005 	 2.4008566048537953E-7 	 1.385989091357243E-7 	 7.721737109924427E-7 	 6.337276777135459E-5 	 2.4008566048537953E-7 	 1.385989091357243E-7 	 7.721737109924427E-7 	 6.337276777135459E-5 	 
1.5840000000000005 	 1.9846022332275333E-7 	 1.1077096340070878E-7 	 6.610132656699941E-7 	 5.190373363562279E-5 	 1.9846022332275333E-7 	 1.1077096340070878E-7 	 6.610132656699941E-7 	 5.190373363562279E-5 	 
1.6080000000000005 	 1.6945483261266756E-7 	 9.238287479365454E-8 	 5.26547200427871E-7 	 4.463951335482557E-5 	 1.6945483261266756E-7 	 9.238287479365454E-8 	 5.26547200427871E-7 	 4.463951335482557E-5 	 
1.6319999999999997 	 1.4998315810282095E-7 	 9.051459733191347E-8 	 5.327581288320601E-7 	 4.7706171176401626E-5 	 1.4998315810282095E-7 	 9.051459733191347E-8 	 5.327581288320601E-7 	 4.7706171176401626E-5 	 
1.6559999999999997 	 2.000665797666167E-7 	 1.1485164924635325E-7 	 5.569704526850988E-7 	 4.92845262331949E-5 	 2.000665797666167E-7 	 1.1485164924635325E-7 	 5.569704526850988E-7 	 4.92845262331949E-5 	 
1.6799999999999997 	 2.169011743129908E-7 	 1.1883406907832896E-7 	 5.318218545353749E-7 	 3.908956721748731E-5 	 2.169011743129908E-7 	 1.1883406907832896E-7 	 5.318218545353749E-7 	 3.908956721748731E-5 	 
1.7039999999999997 	 5.752578135302193E-8 	 3.392453985148478E-8 	 2.1973321009468298E-7 	 1.7309885633212176E-5 	 5.752578135302193E-8 	 3.392453985148478E-8 	 2.1973321009468298E-7 	 1.7309885633212176E-5 	 
1.7279999999999998 	 5.3830075112277725E-8 	 3.023708403808398E-8 	 1.7660475058353805E-7 	 1.6583836756301174E-5 	 5.3830075112277725E-8 	 3.023708403808398E-8 	 1.7660475058353805E-7 	 1.6583836756301174E-5 	 
1.7519999999999998 	 9.055084376938746E-8 	 5.137841532967789E-8 	 2.4623097312644014E-7 	 1.880398252497027E-5 	 9.055084376938746E-8 	 5.137841532967789E-8 	 2.4623097312644014E-7 	 1.880398252497027E-5 	 
1.7759999999999998 	 3.836044131260072E-8 	 2.192802115830375E-8 	 1.2191613258307397E-7 	 1.1191157005325546E-5 	 3.836044131260072E-8 	 2.192802115830375E-8 	 1.2191613258307397E-7 	 1.1191157005325546E-5 	 
1.7999999999999998 	 5.54692238849964E-8 	 3.087622364853627E-8 	 1.5436019430215968E-7 	 1.1195371612754675E-5 	 5.54692238849964E-8 	 3.087622364853627E-8 	 1.5436019430215968E-7 	 1.1195371612754675E-5 	 
1.8239999999999998 	 2.563159163808912E-8 	 1.4307292764807167E-8 	 7.493415359984025E-8 	 6.364137296027761E-6 	 2.563159163808912E-8 	 1.4307292764807167E-8 	 7.493415359984025E-8 	 6.364137296027761E-6 	 
1.8479999999999999 	 2.413757203388681E-8 	 1.4258153864105128E-8 	 8.395409787842501E-8 	 6.116740602465049E-6 	 2.413757203388681E-8 	 1.4258153864105128E-8 	 8.395409787842501E-8 	 6.116740602465049E-6 	 
1.8719999999999999 	 2.073776081476068E-8 	 1.1947322341678489E-8 	 5.71791073297933E-8 	 4.772637996349547E-6 	 2.073776081476068E-8 	 1.1947322341678489E-8 	 5.71791073297933E-8 	 4.772637996349547E-6 	 
1.896 	 1.7537502263602352E-8 	 9.34155184298016E-9 	 5.291227526737215E-8 	 3.044350786602133E-6 	 1.7537502263602352E-8 	 9.34155184298016E-9 	 5.291227526737215E-8 	 3.044350786602133E-6 	 
1.92 	 3.544176500651322E-9 	 2.556653693106006E-9 	 2.840977080138517E-8 	 1.7077323378557102E-6 	 3.544176500651322E-9 	 2.556653693106006E-9 	 2.840977080138517E-8 	 1.7077323378557102E-6 	 
1.944 	 5.676667716845661E-9 	 3.4907882544297246E-9 	 1.994953577097507E-8 	 2.0719657450648395E-6 	 5.676667716845661E-9 	 3.4907882544297246E-9 	 1.994953577097507E-8 	 2.0719657450648395E-6 	 
1.968 	 1.5511744242567447E-8 	 8.899051311903226E-9 	 4.835236584702254E-8 	 2.7878679312519943E-6 	 1.5511744242567447E-8 	 8.899051311903226E-9 	 4.835236584702254E-8 	 2.7878679312519943E-6 	 
1.992 	 1.0819561620123306E-9 	 6.88322701844602E-10 	 7.668578928665653E-9 	 6.912273355920843E-7 	 1.0819561620123306E-9 	 6.88322701844602E-10 	 7.668578928665653E-9 	 6.912273355920843E-7 	 
2.016 	 2.7199131320011166E-9 	 9.833304207657459E-10 	 1.653399638139144E-8 	 7.41887982607799E-7 	 2.7199131320011166E-9 	 9.833304207657459E-10 	 1.653399638139144E-8 	 7.41887982607799E-7 	 
2.04 	 3.391877890377969E-9 	 2.3108148272897175E-9 	 2.1514106591911723E-8 	 1.4544470832314732E-6 	 3.391877890377969E-9 	 2.3108148272897175E-9 	 2.1514106591911723E-8 	 1.4544470832314732E-6 	 
2.064 	 5.18468504819098E-9 	 3.0482862510260936E-9 	 1.48214884628519E-8 	 1.776483519684316E-6 	 5.18468504819098E-9 	 3.0482862510260936E-9 	 1.48214884628519E-8 	 1.776483519684316E-6 	 
2.088 	 1.4673541326097696E-8 	 8.112386975584834E-9 	 3.7335154134638705E-8 	 2.1782029814304235E-6 	 1.4673541326097696E-8 	 8.112386975584834E-9 	 3.7335154134638705E-8 	 2.1782029814304235E-6 	 
2.112 	 2.9557131156544514E-10 	 4.425152609637538E-10 	 7.705031834306507E-9 	 1.2689783596834372E-7 	 2.9557131156544514E-10 	 4.425152609637538E-10 	 7.705031834306507E-9 	 1.2689783596834372E-7 	 
2.136 	 0.0 	 0.0 	 0.0 	 0.0 	 0.0 	 0.0 	 0.0 	 0.0 	 
2.16 	 6.902472708390869E-10 	 3.441716619460566E-10 	 7.478119903621035E-9 	 1.5018818973148465E-7 	 6.902472708390869E-10 	 3.441716619460566E-10 	 7.478119903621035E-9 	 1.5018818973148465E-7 	 
2.184 	 6.988638030059998E-10 	 3.441716619460566E-10 	 7.141466217529423E-9 	 1.620630702662093E-7 	 6.988638030059998E-10 	 3.441716619460566E-10 	 7.141466217529423E-9 	 1.620630702662093E-7 	 
2.208 	 5.541514475665723E-10 	 2.458344463353505E-10 	 6.685226628902867E-9 	 1.8700852040272807E-7 	 5.541514475665723E-10 	 2.458344463353505E-10 	 6.685226628902867E-9 	 1.8700852040272807E-7 	 
2.232 	 4.4365438564530025E-10 	 3.441682248694904E-10 	 6.263205589536845E-9 	 2.0831513841227557E-7 	 4.4365438564530025E-10 	 3.441682248694904E-10 	 6.263205589536845E-9 	 2.0831513841227557E-7 	 
2.2560000000000002 	 2.4627385618329833E-10 	 3.441682248694904E-10 	 5.773097063967004E-9 	 2.3421097415217142E-7 	 2.4627385618329833E-10 	 3.441682248694904E-10 	 5.773097063967004E-9 	 2.3421097415217142E-7 	 
2.2800000000000002 	 5.922845099338382E-10 	 4.42502003403631E-10 	 5.290392426273692E-9 	 2.5999807916408126E-7 	 5.922845099338382E-10 	 4.42502003403631E-10 	 5.290392426273692E-9 	 2.5999807916408126E-7 	 
2.3040000000000003 	 3.9978894726771247E-10 	 2.950013356024207E-10 	 4.818968468896874E-9 	 2.8519164827356075E-7 	 3.9978894726771247E-10 	 2.950013356024207E-10 	 4.818968468896874E-9 	 2.8519164827356075E-7 	 
2.3280000000000003 	 4.919826686546806E-10 	 4.42502003403631E-10 	 5.128047308123169E-9 	 2.954822253805236E-7 	 4.919826686546806E-10 	 4.42502003403631E-10 	 5.128047308123169E-9 	 2.954822253805236E-7 	 
2.3520000000000003 	 1.0411257515656248E-9 	 7.374959739890846E-10 	 8.715184735995572E-9 	 6.551298112247509E-7 	 1.0411257515656248E-9 	 7.374959739890846E-10 	 8.715184735995572E-9 	 6.551298112247509E-7 	 
2.3760000000000003 	 1.0819561620123306E-9 	 6.88322701844602E-10 	 7.668578928665653E-9 	 6.912273355920843E-7 	 1.0819561620123306E-9 	 6.88322701844602E-10 	 7.668578928665653E-9 	 6.912273355920843E-7 	 
2.4000000000000004 	 2.3758990854674187E-9 	 7.374886091192159E-10 	 6.9494501018958014E-9 	 6.670060662339316E-7 	 2.3758990854674187E-9 	 7.374886091192159E-10 	 6.9494501018958014E-9 	 6.670060662339316E-7 	 
2.4240000000000004 	 2.8000276398353974E-9 	 1.966636290984576E-9 	 1.2433998223757777E-8 	 1.3674407974052865E-6 	 2.8000276398353974E-9 	 1.966636290984576E-9 	 1.2433998223757777E-8 	 1.3674407974052865E-6 	 
2.4480000000000004 	 5.18468504819098E-9 	 3.0482862510260936E-9 	 1.48214884628519E-8 	 1.776483519684316E-6 	 5.18468504819098E-9 	 3.0482862510260936E-9 	 1.48214884628519E-8 	 1.776483519684316E-6 	 
2.4720000000000004 	 1.4224845748374075E-8 	 7.866545163938304E-9 	 2.8915942874308732E-8 	 2.070716166920975E-6 	 1.4224845748374075E-8 	 7.866545163938304E-9 	 2.8915942874308732E-8 	 2.070716166920975E-6 	 
2.4960000000000004 	 0.0 	 0.0 	 0.0 	 0.0 	 0.0 	 0.0 	 0.0 	 0.0 	 
2.5200000000000005 	 0.0 	 0.0 	 0.0 	 0.0 	 0.0 	 0.0 	 0.0 	 0.0 	 
2.5440000000000005 	 0.0 	 0.0 	 0.0 	 0.0 	 0.0 	 0.0 	 0.0 	 0.0 	 
2.5680000000000005 	 0.0 	 0.0 	 0.0 	 0.0 	 0.0 	 0.0 	 0.0 	 0.0 	 
2.5920000000000005 	 0.0 	 0.0 	 0.0 	 0.0 	 0.0 	 0.0 	 0.0 	 0.0 	 
2.6160000000000005 	 0.0 	 0.0 	 0.0 	 0.0 	 0.0 	 0.0 	 0.0 	 0.0 	 
2.6399999999999997 	 0.0 	 0.0 	 0.0 	 0.0 	 0.0 	 0.0 	 0.0 	 0.0 	 
2.6639999999999997 	 0.0 	 0.0 	 0.0 	 0.0 	 0.0 	 0.0 	 0.0 	 0.0 	 
2.6879999999999997 	 0.0 	 0.0 	 0.0 	 0.0 	 0.0 	 0.0 	 0.0 	 0.0 	 
2.7119999999999997 	 0.0 	 0.0 	 0.0 	 0.0 	 0.0 	 0.0 	 0.0 	 0.0 	 
2.7359999999999998 	 0.0 	 0.0 	 0.0 	 0.0 	 0.0 	 0.0 	 0.0 	 0.0 	 
2.76 	 0.0 	 0.0 	 0.0 	 0.0 	 0.0 	 0.0 	 0.0 	 0.0 	 
2.784 	 0.0 	 0.0 	 0.0 	 0.0 	 0.0 	 0.0 	 0.0 	 0.0 	 
2.808 	 0.0 	 0.0 	 0.0 	 0.0 	 0.0 	 0.0 	 0.0 	 0.0 	 
2.832 	 0.0 	 0.0 	 0.0 	 0.0 	 0.0 	 0.0 	 0.0 	 0.0 	 
2.856 	 0.0 	 0.0 	 0.0 	 0.0 	 0.0 	 0.0 	 0.0 	 0.0 	 
2.88 	 0.0 	 0.0 	 0.0 	 0.0 	 0.0 	 0.0 	 0.0 	 0.0 	 
2.904 	 0.0 	 0.0 	 0.0 	 0.0 	 0.0 	 0.0 	 0.0 	 0.0 	 
2.928 	 0.0 	 0.0 	 0.0 	 0.0 	 0.0 	 0.0 	 0.0 	 0.0 	 
2.952 	 0.0 	 0.0 	 0.0 	 0.0 	 0.0 	 0.0 	 0.0 	 0.0 	 
2.976 	 0.0 	 0.0 	 0.0 	 0.0 	 0.0 	 0.0 	 0.0 	 0.0 	 
