-3.0 	 0.0 	 0.0 	 0.0 	 0.0 	 0.0 	 0.0 	 0.0 	 0.0 	 
-2.976 	 0.014126328635440765 	 0.013256912247759014 	 0.014088195020696843 	 0.012429953208967148 	 0.013845518356483875 	 0.012677188654565378 	 0.013791372360609315 	 6.407475805494158E-4 	 
-2.952 	 0.014143976293847036 	 0.01333531183961087 	 0.014112991865508247 	 0.013033851492106865 	 0.013990183363897466 	 0.013012791928064656 	 0.013946619722426843 	 6.619737104640046E-4 	 
-2.928 	 0.002292199606084082 	 0.0023212916895823366 	 0.002304304199694876 	 0.0032818699717415568 	 0.0025414632125025398 	 0.002735704296964322 	 0.002558839864389668 	 3.0820396816048354E-4 	 
-2.904 	 0.01597029631197599 	 0.014992660939919158 	 0.015927751672859276 	 0.014066408006544849 	 0.015646099765978614 	 0.014334941098276384 	 0.015585598889756459 	 7.38197647464875E-4 	 
-2.88 	 0.018850915117493216 	 0.017747409523409387 	 0.018806223592747386 	 0.01712866924695125 	 0.018586176251201736 	 0.017215655820688236 	 0.018523178398189233 	 8.629965177800493E-4 	 
-2.856 	 0.0059782064842786205 	 0.005780408890750649 	 0.0059807879392719246 	 0.006614157673859561 	 0.006177702706960835 	 0.0060894525016931085 	 0.006181790066718896 	 4.351584365048472E-4 	 
-2.832 	 0.019657188430392873 	 0.018458553567830854 	 0.019605881895707816 	 0.017435517926968572 	 0.01929349237116302 	 0.01770636960851875 	 0.01922074244693375 	 8.370227075073617E-4 	 
-2.808 	 0.014158859661012362 	 0.013413242670669826 	 0.014134980980810218 	 0.013545667602028912 	 0.014128616820971204 	 0.013288431203271535 	 0.014095231826460355 	 7.073947993593309E-4 	 
-2.784 	 0.017219465174082495 	 0.01624840251681282 	 0.017183209926927758 	 0.01591900939809032 	 0.01705410146944107 	 0.015862429550395254 	 0.01700294508733103 	 7.90850122662655E-4 	 
-2.76 	 0.02008803222885001 	 0.018946293668639154 	 0.020044792414091853 	 0.018513795257756527 	 0.019875373549161024 	 0.018472217984163805 	 0.01981437350370129 	 9.250342209872355E-4 	 
-2.7359999999999998 	 0.020707058703159642 	 0.019548504270520177 	 0.020664474053261633 	 0.01923661094267369 	 0.020523978914050226 	 0.019122458640405942 	 0.02046399802679215 	 9.665078959970237E-4 	 
-2.7119999999999997 	 0.02582004684422149 	 0.0243246674944305 	 0.02576141999423968 	 0.023605219019154234 	 0.025506602058044784 	 0.023639854270452912 	 0.025423936499626036 	 0.0011302592334816086 	 
-2.688 	 0.020516084773581654 	 0.019423119868704607 	 0.02047997591527406 	 0.019501683865868535 	 0.020445508400657078 	 0.019184047013529902 	 0.02039490901171576 	 0.0010211284948504586 	 
-2.664 	 0.023783224426095772 	 0.022457992624469052 	 0.023734815552450265 	 0.022090792179627304 	 0.023576339161939644 	 0.02196062963891634 	 0.023508053536448546 	 0.0011106723161268402 	 
-2.64 	 0.022359923860613827 	 0.021162178312392664 	 0.022319567582569894 	 0.021124802720718292 	 0.0222471397055934 	 0.020835441658836842 	 0.022190282815622436 	 0.0011279180556596211 	 
-2.616 	 0.03585098936090096 	 0.03373307299751696 	 0.035764741888946947 	 0.03238346342360414 	 0.03531063674418122 	 0.032608251469468025 	 0.03518862844004909 	 0.001532442936670797 	 
-2.592 	 0.02279377883463724 	 0.02167079325902975 	 0.022763292436020814 	 0.022308667267828864 	 0.022846444640760896 	 0.021644428038008357 	 0.022803842941581855 	 0.0012307146621707925 	 
-2.568 	 0.022782727936469457 	 0.021629629289386446 	 0.022748299471581735 	 0.021858958011852968 	 0.022731457490207593 	 0.02138160673756406 	 0.022682570485841387 	 0.0012179622094973968 	 
-2.544 	 0.04036428954550821 	 0.03801593681322234 	 0.040270841951001515 	 0.03658953178344479 	 0.039771404786779894 	 0.0367516092609841 	 0.03963880096664081 	 0.0018055350716541319 	 
-2.52 	 0.03528666180801251 	 0.03341939367606252 	 0.03522501568783808 	 0.033436730407582334 	 0.035097398471445995 	 0.03290039284094567 	 0.035010390183242736 	 0.0017669008547991163 	 
-2.496 	 0.022210558546867272 	 0.021277813913322518 	 0.022197123852544395 	 0.022601417960864328 	 0.022433344717611284 	 0.021502886636385582 	 0.022414048929745425 	 0.001434049167926192 	 
-2.472 	 0.03466938528763757 	 0.03285326414350411 	 0.03460955458905442 	 0.032544835541961324 	 0.034369500671330044 	 0.03210352576299136 	 0.03428357945225123 	 0.001839879538947005 	 
-2.448 	 0.02917351825106931 	 0.027832679631634556 	 0.029143050742465846 	 0.02870456801045516 	 0.029198320269561834 	 0.027695497735121442 	 0.02915419880331634 	 0.001771281920156919 	 
-2.424 	 0.02978604633216987 	 0.028414323517765575 	 0.029753918660437716 	 0.029125616259826723 	 0.02975925634282608 	 0.028170032399333952 	 0.029712362004338737 	 0.001853856879599071 	 
-2.4 	 0.030817273073156747 	 0.029420190227441655 	 0.030786172201590373 	 0.030197491590329424 	 0.030783483677912192 	 0.029154749111387903 	 0.030737723201053772 	 0.0019541545428633654 	 
-2.376 	 0.03593272683022749 	 0.03421728415861506 	 0.035887060216955084 	 0.034628014661629604 	 0.03576397284720172 	 0.033695013102946 	 0.03569744955345279 	 0.0021693851210842266 	 
-2.352 	 0.02204716157922157 	 0.021345024916619562 	 0.022055285010937037 	 0.023424536621647053 	 0.02239178170328877 	 0.021775065419607328 	 0.022401466800026245 	 0.0018656241750279754 	 
-2.328 	 0.025301907888299422 	 0.024324872569228086 	 0.02529249423803391 	 0.02552960294204354 	 0.025390338090725568 	 0.024276255595380304 	 0.025374454369426366 	 0.001941010791365605 	 
-2.304 	 0.026738243817478087 	 0.02568625714778216 	 0.026725911742288482 	 0.026854950431374813 	 0.026793992693527578 	 0.02560119579446149 	 0.026773958944564642 	 0.0020781018533312643 	 
-2.2800000000000002 	 0.022037934194694405 	 0.021318719495541896 	 0.022042592690458662 	 0.022984723995789026 	 0.022248366739041212 	 0.02152992810483149 	 0.02225242394572963 	 0.0019359332125075855 	 
-2.2560000000000002 	 0.02366777328294561 	 0.022820408572976524 	 0.02366451914283297 	 0.024111714732519458 	 0.023771111710901627 	 0.022824651051384405 	 0.02376372823952594 	 0.0020384580340538803 	 
-2.232 	 0.019786418082351757 	 0.019216728351020226 	 0.019797369496259036 	 0.02092031309782792 	 0.02001509325522877 	 0.019463048528450683 	 0.0200277802496657 	 0.001956751085685873 	 
-2.208 	 0.019366053233061033 	 0.018776406293301566 	 0.01937304451424563 	 0.02020694275469627 	 0.019528542902468273 	 0.01891908588254387 	 0.019535608505680518 	 0.0019033035578405908 	 
-2.184 	 0.02059025689149691 	 0.019912021423138037 	 0.02059191962389895 	 0.02112993780008323 	 0.020689036650336216 	 0.019943080192332655 	 0.020688515311400747 	 0.0020049325203694056 	 
-2.16 	 0.017317643343215665 	 0.0168527208853476 	 0.017329187866799343 	 0.018334481941128588 	 0.017509120083351606 	 0.017064557849673007 	 0.017522732838260672 	 0.0019224205460685382 	 
-2.136 	 0.015468663995373305 	 0.0150925412974082 	 0.015482104876418056 	 0.01648426416182965 	 0.01564919368252046 	 0.015301806860624224 	 0.01566544157531031 	 0.0018424589804204598 	 
-2.112 	 0.010146449873224807 	 0.010099947393411687 	 0.010173918592722387 	 0.011760641196124114 	 0.010429191007080644 	 0.01052207498229614 	 0.010465317483451411 	 0.0017206699157039382 	 
-2.088 	 0.007884096990190237 	 0.007937242318495286 	 0.007912858709920782 	 0.009412189409327818 	 0.00812841065595733 	 0.008315276697286628 	 0.008166211714498122 	 0.0016311711894286267 	 
-2.064 	 0.01155107960808677 	 0.011297801851255704 	 0.011561428935371713 	 0.012125486921235664 	 0.011609515170172724 	 0.011344988820556616 	 0.011621376181624243 	 0.0016913855599155906 	 
-2.04 	 0.007054129047766769 	 0.007106225370497967 	 0.007079738563241723 	 0.00841257409443064 	 0.007270699003642258 	 0.0074471729469350245 	 0.007304402003409295 	 0.0015659553005217383 	 
-2.016 	 0.005000283736537489 	 0.00515117312424775 	 0.005028028562337467 	 0.006349076879978773 	 0.005204378496952106 	 0.005479557777206838 	 0.005240979678569174 	 0.0015076706859435056 	 
-1.992 	 0.006625554092173215 	 0.006621246040812848 	 0.006643234474505576 	 0.007421601295470234 	 0.006717671391124619 	 0.006754307638149359 	 0.0067400631319522765 	 0.001503351453275588 	 
-1.968 	 0.004578955682092588 	 0.004703111267126038 	 0.0046024834467761405 	 0.005676656703627295 	 0.004733331247975359 	 0.0049489176900073175 	 0.004764179501767659 	 0.0014602602607645982 	 
-1.944 	 0.005390820391755591 	 0.005437400936318103 	 0.005408890072455 	 0.006166981251439939 	 0.005481881719676611 	 0.0055664096586220116 	 0.005504989604647208 	 0.0015081753428199788 	 
-1.92 	 0.004570469694245942 	 0.004656315253899273 	 0.0045895017784367605 	 0.005404545967532355 	 0.004678168830929199 	 0.004821036473536836 	 0.004702850911367609 	 0.0015009114460418794 	 
-1.896 	 0.003955151167534016 	 0.00407591118880387 	 0.00397536078478589 	 0.004820927029789221 	 0.004067425079435861 	 0.004247818753092862 	 0.004093755016575908 	 0.001496168553640493 	 
-1.8719999999999999 	 0.002927437829463869 	 0.0030901302126322633 	 0.0029485406746354833 	 0.0038248376028680764 	 0.0030482013698761527 	 0.003281253862728731 	 0.003075948753504731 	 0.0014314689723769532 	 
-1.8479999999999999 	 0.0029249354042401904 	 0.0030774306320254293 	 0.002944667427540966 	 0.0037191289984787297 	 0.003020600701909547 	 0.0032322741986986984 	 0.0030464168030349694 	 0.00147074876339109 	 
-1.824 	 0.0023091981188051477 	 0.002493128745940305 	 0.00232964253129328 	 0.0031299300988008425 	 0.0024097320307759403 	 0.002661187984690704 	 0.002436663075830736 	 0.0014700909447142641 	 
-1.8 	 4.66675164277345E-4 	 7.647371546193121E-4 	 4.92240717465801E-4 	 0.0015189063989346965 	 6.086368355652955E-4 	 0.0010113761702407198 	 6.428738329151584E-4 	 0.0014278454536526064 	 
-1.776 	 0.0012784114872309233 	 0.0014928222420988017 	 0.0012982425865091767 	 0.0020143778397529693 	 0.0013589762929028125 	 0.0016302739979565232 	 0.0013852120227634411 	 0.0014521510790130637 	 
-1.752 	 0.0018925199888950354 	 0.002070288928190518 	 0.0019104140830276796 	 0.002533551607883475 	 0.0019565421410231735 	 0.002178846600757698 	 0.001980104634008375 	 0.0015503061242848077 	 
-1.728 	 0.0012769653052158538 	 0.0014833364287732413 	 0.0012957552738378023 	 0.0019887397977923376 	 0.0013596958230345036 	 0.001629859159588523 	 0.0013847565530417125 	 0.0015357511029129552 	 
-1.704 	 0.0012757188068016775 	 0.0014771746581646685 	 0.0012937170242602967 	 0.0019347033260931235 	 0.0013483594733754056 	 0.0016058156127475914 	 0.001372357561287748 	 0.00158272467657125 	 
-1.68 	 0.0022973364992942688 	 0.0024262289582487094 	 0.0023112723300024846 	 0.0027578501184664884 	 0.0023346650672727226 	 0.002491289249458837 	 0.0023529847210849307 	 0.0016802632441697148 	 
-1.656 	 0.002706387743555015 	 0.002808252658495831 	 0.0027192416270628373 	 0.0031355801589105386 	 0.002742687650493555 	 0.0028657663294792256 	 0.0027595959946440794 	 0.001748681283209519 	 
-1.632 	 0.0012746322242504638 	 0.001465404258537585 	 0.0012917146474846933 	 0.0019309829006693758 	 0.0013584596692462442 	 0.0016123926110420727 	 0.0013815178350808865 	 0.0017057108053361756 	 
-1.6079999999999999 	 8.643188865608366E-4 	 0.0010789142360619656 	 8.820391306727451E-4 	 0.001514293417670155 	 9.446469588436649E-4 	 0.0012171524412677766 	 9.685633889329816E-4 	 0.0017735552575126425 	 
-1.584 	 0.001475652621651798 	 0.0016403980890243753 	 0.0014903113542559623 	 0.00196733040025951 	 0.0015243386572070603 	 0.0017244449027450843 	 0.0015439767722842592 	 0.0018644023970190648 	 
-1.56 	 2.4804042332783165E-4 	 4.887399005274505E-4 	 2.662218077428395E-4 	 9.303035437269477E-4 	 3.355751334364432E-4 	 6.455808872247574E-4 	 3.6032289230873807E-4 	 0.001843180072864879 	 
-1.536 	 6.561638354292217E-4 	 8.706239223057078E-4 	 6.724723418678343E-4 	 0.0012078848751579923 	 7.158698428427947E-4 	 9.727670759347933E-4 	 7.379391540847979E-4 	 0.0020480706379548694 	 
-1.512 	 4.500503075333991E-4 	 6.684674376845099E-4 	 4.6611752864369327E-4 	 0.001001780976469892 	 5.12547603263103E-4 	 7.787536931123183E-4 	 5.343890858943542E-4 	 0.0020694921166170923 	 
-1.488 	 0.0010625195774123576 	 0.0012371612520173615 	 0.001076113584397723 	 0.0014922265484692153 	 0.0011029962184636723 	 0.001304604813923991 	 0.0011213871416643636 	 0.0021867347794968413 	 
-1.464 	 4.023004222523316E-5 	 2.8117702713516415E-4 	 5.690766668867758E-5 	 6.353943147176404E-4 	 1.1691084062009979E-4 	 4.142551901557692E-4 	 1.3975757972378136E-4 	 0.002236652396946897 	 
-1.44 	 6.521126329011059E-4 	 8.466843286753187E-4 	 6.658315838955086E-4 	 0.0010806237157594874 	 6.942340914174783E-4 	 9.21193292024234E-4 	 7.12842018579807E-4 	 0.0023649634732761087 	 
-1.416 	 0.002082714824184835 	 0.0021788286171103735 	 0.002091656219161067 	 0.002287528427928066 	 0.0020853536947739847 	 0.002177032554994436 	 0.0020972558708418584 	 0.0025460098811057453 	 
-1.392 	 6.547591779695705E-4 	 8.534584143921091E-4 	 6.69177301606949E-4 	 0.0011598013906920005 	 7.189790229538189E-4 	 9.64173935540446E-4 	 7.387260716813717E-4 	 0.002623859633419462 	 
-1.3679999999999999 	 6.533896355481226E-4 	 8.460203758963496E-4 	 6.669280534740184E-4 	 0.0010796215795777445 	 6.984752730456156E-4 	 9.269157516468649E-4 	 7.169040621632117E-4 	 0.0027658812396430367 	 
-1.3439999999999999 	 4.483274377961812E-4 	 6.452310429517662E-4 	 4.6167321711753766E-4 	 8.70240582209628E-4 	 4.920863161966348E-4 	 7.301745886364404E-4 	 5.102961142231624E-4 	 0.0028311452855683894 	 
-1.32 	 0.0012679950578583382 	 0.0014119806135830797 	 0.0012785363450494777 	 0.001547286811667647 	 0.0012830004556752272 	 0.0014443604761751549 	 0.001297189147797669 	 0.0030679700949993367 	 
-1.296 	 2.482073087954538E-4 	 4.638147673993351E-4 	 2.624259245248917E-4 	 7.187615763785155E-4 	 2.992265801404264E-4 	 5.688576366250397E-4 	 3.1864696269124417E-4 	 0.003258977902548376 	 
-1.272 	 2.490570456996812E-4 	 4.5705820297981757E-4 	 2.6260492243024774E-4 	 6.610234937201464E-4 	 2.8447536574645533E-4 	 5.356837281631766E-4 	 3.0288403818028045E-4 	 0.0034194353194158056 	 
-1.248 	 4.7058268078553885E-5 	 2.626167987336801E-4 	 6.080978637936299E-5 	 4.735510413713315E-4 	 8.255640173577528E-5 	 3.4538655947950644E-4 	 1.0127175744644331E-4 	 0.003579761079905078 	 
-1.224 	 4.5634730245042686E-4 	 6.445100046567069E-4 	 4.684464541271859E-4 	 7.95108931267957E-4 	 4.7494039815613873E-4 	 6.950349686767505E-4 	 4.912506813688296E-4 	 0.003835348861025756 	 
-1.2 	 4.5963924251775026E-4 	 6.458760458666476E-4 	 4.7167675390187856E-4 	 8.002699679995856E-4 	 4.7867497146865666E-4 	 6.992184735202514E-4 	 4.949238236785479E-4 	 0.003979851451653799 	 
-1.176 	 4.655047872004578E-4 	 6.560865575162056E-4 	 4.777127500298812E-4 	 8.053830992817274E-4 	 4.806087471045587E-4 	 7.054613968205978E-4 	 4.970425520461132E-4 	 0.004411886655635964 	 
-1.152 	 4.6397720196753825E-4 	 6.559621783888094E-4 	 4.75908822816708E-4 	 7.919357760476764E-4 	 4.789553649628671E-4 	 6.997841865457249E-4 	 4.949808094543035E-4 	 0.004578696598362668 	 
-1.128 	 4.662508767852611E-4 	 6.610058401061011E-4 	 4.7805634017611463E-4 	 7.82729322994966E-4 	 4.801189695193912E-4 	 6.990261392686017E-4 	 4.959234105509058E-4 	 0.004883367933888693 	 
-1.1039999999999999 	 6.202130845410713E-5 	 2.846980135554412E-4 	 7.502178575355308E-5 	 4.3278840029839803E-4 	 8.240016143480073E-5 	 3.3987368526875686E-4 	 9.98819160291731E-5 	 0.005240404612575054 	 
-1.08 	 6.732951863961567E-4 	 8.570087657103923E-4 	 6.839190960795941E-4 	 9.156395720578578E-4 	 6.6937349741165E-4 	 8.60764061317771E-4 	 6.834240978753671E-4 	 0.005509961301169291 	 
-1.056 	 4.6838143741901163E-4 	 6.690355902377952E-4 	 4.7967352252602924E-4 	 7.604757492862172E-4 	 4.783947343734216E-4 	 6.909410362761802E-4 	 4.934185714853926E-4 	 0.005779211138370233 	 
-1.032 	 4.707865349626762E-4 	 6.72512716171768E-4 	 4.819711401841714E-4 	 7.504354156767489E-4 	 4.7657819944652696E-4 	 6.87903287007964E-4 	 4.914405442030209E-4 	 0.0060957240895827955 	 
-1.008 	 2.660168381185478E-4 	 4.927392372329036E-4 	 2.779238865417296E-4 	 5.763804630024419E-4 	 2.770789695209426E-4 	 5.141187114426887E-4 	 2.9292603619630463E-4 	 0.006661912883293574 	 
-0.984 	 5.725274507017739E-5 	 2.920229321484386E-4 	 6.90987926682387E-5 	 3.719018477935664E-4 	 7.271692489394813E-5 	 3.144400951225167E-4 	 8.850902714113022E-5 	 0.006688907886442877 	 
-0.96 	 5.9504387011853606E-5 	 3.0249210231080085E-4 	 7.146244035961225E-5 	 3.69604140454135E-4 	 7.006094873648501E-5 	 3.184870409298713E-4 	 8.601067148247893E-5 	 0.00728900001458045 	 
-0.9359999999999999 	 5.813081671284466E-5 	 3.0524232489977354E-4 	 6.993424922054073E-5 	 3.5971418371071284E-4 	 6.918159201605654E-5 	 3.179123988581782E-4 	 8.490656004021938E-5 	 0.00772403685460596 	 
-0.9119999999999999 	 5.4352249711535863E-5 	 3.011744863349582E-4 	 6.575696170450195E-5 	 3.473887362557577E-4 	 6.703883015698771E-5 	 3.105383718592448E-4 	 8.223847732125191E-5 	 0.007988720607905278 	 
-0.8879999999999999 	 5.443587814194965E-5 	 3.0375568300464363E-4 	 6.565829770009984E-5 	 3.384963178077139E-4 	 6.460860776536846E-5 	 3.090062836015078E-4 	 7.957332070379698E-5 	 0.00839244185496619 	 
-0.8639999999999999 	 5.3014912496033653E-5 	 3.059034812487784E-4 	 6.411294134274221E-5 	 3.3168418399020106E-4 	 6.306383912238893E-5 	 3.091504850519657E-4 	 7.788102350829681E-5 	 0.008794354546806627 	 
-0.8399999999999999 	 2.5879178129885333E-4 	 5.112424097170363E-4 	 2.694311348793972E-4 	 5.042821086859566E-4 	 2.632345160403738E-4 	 4.976163798650821E-4 	 2.7739727527137137E-4 	 0.009709561714332425 	 
-0.8159999999999998 	 5.154228755695704E-5 	 3.075460447297238E-4 	 6.220982075676301E-5 	 3.186000389055446E-4 	 6.298261264584272E-5 	 3.0905297207184336E-4 	 7.729936059393334E-5 	 0.009572173869483173 	 
-0.7919999999999998 	 2.5927350351995666E-4 	 5.157686032722556E-4 	 2.6945885512054326E-4 	 4.77416248535443E-4 	 2.6037116431768144E-4 	 4.980088993190211E-4 	 2.739699829137071E-4 	 0.010563351390805543 	 
-0.7679999999999998 	 4.6196000361714416E-4 	 7.027568955848129E-4 	 4.711834451353107E-4 	 6.412580215909019E-4 	 4.588789979561423E-4 	 6.736546776759699E-4 	 4.711956121021974E-4 	 0.010902786135027414 	 
-0.7439999999999998 	 5.5743773093291036E-5 	 3.3449001679766103E-4 	 6.651605498931589E-5 	 3.0106434527804723E-4 	 6.635470779957692E-5 	 3.3141704588010974E-4 	 8.091055520711884E-5 	 0.011465448782084168 	 
-0.7199999999999998 	 2.621583761773048E-4 	 5.328746597456756E-4 	 2.720701353827259E-4 	 4.4153093162355156E-4 	 2.60451345560506E-4 	 5.05027437189479E-4 	 2.7378682868249815E-4 	 0.01215635420634001 	 
-0.6959999999999997 	 6.059302344094748E-5 	 3.5357291472450146E-4 	 7.132621087035896E-5 	 2.651286866623723E-4 	 6.49676809011712E-5 	 3.350757271531342E-4 	 7.950569520170468E-5 	 0.012869170827617285 	 
-0.6720000000000002 	 6.0830321191302435E-5 	 3.627843024849783E-4 	 7.148189124377076E-5 	 2.3878391425785682E-4 	 6.306676879777821E-5 	 3.324217782053801E-4 	 7.750659433339978E-5 	 0.013418265340875597 	 
-0.6480000000000001 	 6.349401225999219E-5 	 3.728024517040111E-4 	 7.390569369148874E-5 	 2.0649947214361215E-4 	 6.258274712048774E-5 	 3.330557682582815E-4 	 7.674570044295323E-5 	 0.014037482449382604 	 
-0.6240000000000001 	 4.7642295940625556E-4 	 7.756453570217959E-4 	 4.857417125404902E-4 	 5.438172203948929E-4 	 4.6276787709620155E-4 	 7.049714301870338E-4 	 4.754066625764518E-4 	 0.014817682902301161 	 
-0.6000000000000001 	 7.067405558789766E-5 	 4.2150375675003904E-4 	 8.163497371356689E-5 	 1.957983380922786E-4 	 7.569782681236154E-5 	 3.7234803563700614E-4 	 9.075002041492342E-5 	 0.01570704993185614 	 
-0.5760000000000001 	 7.362213474955384E-5 	 4.399697716381171E-4 	 8.438855333528122E-5 	 1.562614977319856E-4 	 7.377490989255841E-5 	 3.7487931676657337E-4 	 8.85822408073008E-5 	 0.016321452184334097 	 
-0.552 	 7.714733531969521E-5 	 4.604314518364023E-4 	 8.79501419290784E-5 	 1.42893454826807E-4 	 7.480748195983554E-5 	 3.846144196814988E-4 	 8.974425508646925E-5 	 0.016919596557377767 	 
-0.528 	 8.06142961717672E-5 	 4.965321019402303E-4 	 9.142059441031748E-5 	 1.153438386173441E-4 	 7.959524106853343E-5 	 4.0527633190587555E-4 	 9.465146993257006E-5 	 0.017875101151080413 	 
-0.504 	 8.896650416819508E-5 	 5.425922041155063E-4 	 1.0023385466882462E-4 	 1.1078582624045399E-4 	 8.577357650561349E-5 	 4.4273334448055194E-4 	 1.0155946295404521E-4 	 0.019054294802252302 	 
-0.48 	 2.9338484137744357E-4 	 7.381510771249814E-4 	 3.0319854164768733E-4 	 2.6067553255034424E-4 	 2.817572535700335E-4 	 6.211608581711541E-4 	 2.956527546772123E-4 	 0.018566393710719227 	 
-0.45599999999999996 	 9.982265199707208E-5 	 6.269337512836393E-4 	 1.1133077658944745E-4 	 9.72311086415833E-5 	 9.597394949378791E-5 	 5.042451126758544E-4 	 1.124300165106547E-4 	 0.02058998121152082 	 
-0.43199999999999994 	 1.0517189400515438E-4 	 6.599181398989532E-4 	 1.1619959619431285E-4 	 7.004997301593392E-5 	 9.47253567980809E-5 	 5.208914696069366E-4 	 1.1075854797060251E-4 	 0.020748801013987003 	 
-0.4079999999999999 	 1.1329322128520866E-4 	 7.044875762966595E-4 	 1.2419955730395293E-4 	 6.93900053317447E-5 	 9.637505840667376E-5 	 5.57666048431964E-4 	 1.1260110290455037E-4 	 0.021109789116054888 	 
-0.3839999999999999 	 1.2784006696587612E-4 	 7.978713631694944E-4 	 1.3880883952988816E-4 	 6.409672854214991E-5 	 1.0758372478990063E-4 	 6.458543731070969E-4 	 1.2430961050517172E-4 	 0.022270854070800587 	 
-0.3599999999999999 	 1.4645054900292259E-4 	 8.899115466707849E-4 	 1.574379567903951E-4 	 6.093149145085213E-5 	 1.1690693340820278E-4 	 7.387202401068451E-4 	 1.341687318977135E-4 	 0.02330937172094882 	 
-0.33599999999999985 	 3.6423416688328747E-4 	 0.0011648152264619883 	 3.7388791171607427E-4 	 2.392811501554184E-4 	 3.2435826701293863E-4 	 0.0010242211869116286 	 3.404180496429319E-4 	 0.02334912964064812 	 
-0.31199999999999983 	 1.8436299268949382E-4 	 0.0011244894879602024 	 1.9474747983001843E-4 	 8.462229340744468E-5 	 1.498107986416003E-4 	 0.001030538965046095 	 1.6750434078508547E-4 	 0.024751261371517005 	 
-0.2879999999999998 	 2.0822800335541802E-4 	 0.0012443103717677362 	 2.1824781544841121E-4 	 8.433595894581563E-5 	 1.6386347264947814E-4 	 0.001175886696625883 	 1.817566934655401E-4 	 0.025595012044537332 	 
-0.2639999999999998 	 2.3617423777241015E-4 	 0.0013747488413804654 	 2.453537787983816E-4 	 9.246869101374984E-5 	 1.8131528556226763E-4 	 0.00135836119750386 	 1.9880412929017697E-4 	 0.02588420726114147 	 
-0.23999999999999977 	 2.5777179294006225E-4 	 0.001515121671781622 	 2.6655499960795474E-4 	 1.031032531322372E-4 	 2.0250057723922573E-4 	 0.0015485950189577588 	 2.201887960538179E-4 	 0.02671610727008285 	 
-0.21599999999999975 	 2.8205929765190186E-4 	 0.0016425042720608675 	 2.8991409633965663E-4 	 1.105764224980655E-4 	 2.245247204118701E-4 	 0.0017596904804886404 	 2.4164013996222497E-4 	 0.027032968102971386 	 
-0.19199999999999973 	 3.120682318972666E-4 	 0.0018042147165255658 	 3.1886917615146554E-4 	 1.3313436446480415E-4 	 2.5372270406229583E-4 	 0.0020295422138964674 	 2.7005889016813234E-4 	 0.027435193371422664 	 
-0.16800000000000015 	 3.3489632661658E-4 	 0.0019242383434442583 	 3.4089717470752416E-4 	 1.530463115574637E-4 	 2.7745655390636363E-4 	 0.0022315734143558657 	 2.926427049708541E-4 	 0.027470949152539968 	 
-0.14400000000000013 	 3.208972730333378E-4 	 0.0018477617845270326 	 3.261681039162272E-4 	 1.3910853647946245E-4 	 2.660780240892441E-4 	 0.002159112580278366 	 2.805011024261119E-4 	 0.02588204132746783 	 
-0.1200000000000001 	 3.3336192272571567E-4 	 0.0019063401431623477 	 3.3774655215068963E-4 	 1.5376117697815412E-4 	 2.8125843256755187E-4 	 0.0022994559175356748 	 2.946705757882085E-4 	 0.02546800146237224 	 
-0.09600000000000009 	 3.360134539875067E-4 	 0.001920461054205892 	 3.394300793678244E-4 	 1.6572269104238015E-4 	 2.8994128062171645E-4 	 0.002375446194241484 	 3.015457977178161E-4 	 0.02425740723971242 	 
-0.07200000000000006 	 3.066529307645804E-4 	 0.0017573577988712027 	 3.095153375280274E-4 	 1.4947805065105232E-4 	 2.671043535038323E-4 	 0.0021942967012222635 	 2.77569521005034E-4 	 0.021983783836371614 	 
-0.04800000000000004 	 2.935329245617107E-4 	 0.0016752983656602865 	 2.956452901703629E-4 	 1.48667317989563E-4 	 2.5869631880635685E-4 	 0.0021339774633749985 	 2.677859189386914E-4 	 0.0202609911023455 	 
-0.02400000000000002 	 2.7877392450690165E-4 	 0.0015753989884804203 	 2.8038320970039663E-4 	 1.469187381532253E-4 	 2.4700734477621755E-4 	 0.0020325794642960084 	 2.545195202058971E-4 	 0.01842054699008802 	 
0.0 	 2.3173264424405126E-4 	 0.001320940273912949 	 2.330525805927547E-4 	 1.1760799422120747E-4 	 2.059294031932065E-4 	 0.0016998050174228418 	 2.1252787661109646E-4 	 0.015482474587107239 	 
0.02400000000000002 	 2.103724051322948E-4 	 0.0012001260040886048 	 2.1133715811624663E-4 	 1.0905701267590499E-4 	 1.894784725336624E-4 	 0.0015690542027485955 	 1.9516239092701103E-4 	 0.013865548686513542 	 
0.04800000000000004 	 1.9308498018719085E-4 	 0.0010993639857067744 	 1.9365266704078274E-4 	 1.0627056807410738E-4 	 1.764713264363696E-4 	 0.0014589064105526238 	 1.8092936657292195E-4 	 0.012243309937518675 	 
0.07200000000000006 	 1.603039292818577E-4 	 9.069548053523492E-4 	 1.6076375433512973E-4 	 8.846858008130662E-5 	 1.4645116197767858E-4 	 0.001209012719103239 	 1.5005402507728733E-4 	 0.010081869209389416 	 
0.09600000000000009 	 1.2999472322747528E-4 	 7.459505863205035E-4 	 1.3034501844364237E-4 	 7.121087436571308E-5 	 1.2035819870046478E-4 	 9.970694603525505E-4 	 1.2349522005374603E-4 	 0.008357411761330966 	 
0.1200000000000001 	 1.1698360530300973E-4 	 6.62632586529583E-4 	 1.1709912090333796E-4 	 6.976403532879153E-5 	 1.0954119423492217E-4 	 9.039065412631036E-4 	 1.1165655798596474E-4 	 0.0071104965241174725 	 
0.14400000000000013 	 8.495542653518102E-5 	 4.890139696189883E-4 	 8.51311810688347E-5 	 4.9620344057037895E-5 	 8.007054370662911E-5 	 6.617070289303003E-4 	 8.189978013150656E-5 	 0.005403628138543496 	 
0.16800000000000015 	 7.121802290270993E-5 	 4.038890952406106E-4 	 7.135714842931448E-5 	 4.2858101709689995E-5 	 6.660977428095584E-5 	 5.488139958634912E-4 	 6.797995834411497E-5 	 0.004439286794918063 	 
0.19200000000000017 	 5.314068158168188E-5 	 2.993414549555517E-4 	 5.330414312481988E-5 	 3.074345325496308E-5 	 4.8584939141297106E-5 	 3.998491169469826E-4 	 4.9702012328915286E-5 	 0.0033361059718846494 	 
0.2160000000000002 	 3.999971057353248E-5 	 2.2651365903269004E-4 	 4.0226377887776806E-5 	 2.1814602859944536E-5 	 3.585753669183267E-5 	 2.949433140309503E-4 	 3.690721812917283E-5 	 0.0026532259770205 	 
0.2400000000000002 	 3.232704883691306E-5 	 1.857016465521917E-4 	 3.251697742624978E-5 	 1.7018880005893197E-5 	 2.9134812939811783E-5 	 2.4078268003718055E-4 	 3.0046819889682236E-5 	 0.002193976261676678 	 
0.26400000000000023 	 2.9084797283846956E-5 	 1.6789185431722713E-4 	 2.9249465239142286E-5 	 1.6201027813789215E-5 	 2.659411439376924E-5 	 2.1929049710381652E-4 	 2.7391157730078384E-5 	 0.0019713679301314162 	 
0.28800000000000026 	 2.5475423227157133E-5 	 1.4418477834291128E-4 	 2.5593738943360806E-5 	 1.4353340644512189E-5 	 2.3030397846716032E-5 	 1.891618282997551E-4 	 2.3639794335072634E-5 	 0.0016517360110956194 	 
0.3120000000000003 	 2.018698678530673E-5 	 1.140540513675217E-4 	 2.032506171095476E-5 	 1.0404522450249931E-5 	 1.7749902032435277E-5 	 1.4601454882104525E-4 	 1.8350649052750983E-5 	 0.001359119736801683 	 
0.33599999999999985 	 1.821551584680928E-5 	 1.0280861110685717E-4 	 1.8310832937966808E-5 	 9.715857581911376E-6 	 1.6293315682929245E-5 	 1.334998177728044E-4 	 1.6774772326363313E-5 	 0.001192545220880741 	 
0.3599999999999999 	 1.517030106784022E-5 	 8.704115307434374E-5 	 1.5245178400995483E-5 	 8.093253807855421E-6 	 1.3813475022581554E-5 	 1.1433444316876473E-4 	 1.4236491411041075E-5 	 0.0010141495084305138 	 
0.3839999999999999 	 1.404466748390598E-5 	 8.128147833298209E-5 	 1.4059939316055447E-5 	 8.16934365446629E-6 	 1.3244639551730968E-5 	 1.0970330819522343E-4 	 1.3525763591142146E-5 	 8.7749665103358E-4 	 
0.4079999999999999 	 1.2060161507115395E-5 	 6.644545140046478E-5 	 1.2111243672001012E-5 	 6.62898884759541E-6 	 1.076076377097352E-5 	 8.821273005888916E-5 	 1.10213437014322E-5 	 7.555765224673198E-4 	 
0.43199999999999994 	 8.621634441189918E-6 	 4.882191079240939E-5 	 8.676713965806196E-6 	 4.277005079972498E-6 	 7.444935133405866E-6 	 6.184756352177938E-5 	 7.710185714686551E-6 	 5.689116989388678E-4 	 
0.45599999999999996 	 7.869421918244793E-6 	 4.478699495729619E-5 	 7.907112536628508E-6 	 4.1518149281567525E-6 	 7.142342125830342E-6 	 5.882806694457296E-5 	 7.3494871354577876E-6 	 5.160033084543488E-4 	 
0.48 	 6.4362796404330316E-6 	 3.9374357142638786E-5 	 6.45802476431205E-6 	 3.7103475077739212E-6 	 6.386556174207761E-6 	 5.332138123462948E-5 	 6.5850953037027E-6 	 4.5821236512974756E-4 	 
0.504 	 7.745659547930437E-6 	 4.3196315168987396E-5 	 7.721543954518824E-6 	 5.464931389655792E-6 	 7.533539043819372E-6 	 6.207353870132447E-5 	 7.5864453002691866E-6 	 4.2384128390885465E-4 	 
0.528 	 3.9703190186507204E-6 	 2.2469389794668763E-5 	 3.9883591307872066E-6 	 2.7086342989170016E-6 	 3.7409961882230606E-6 	 3.028312857341781E-5 	 3.8225899306669005E-6 	 2.561347975737701E-4 	 
0.552 	 2.65094679884314E-6 	 1.4528625903734007E-5 	 2.675469750761934E-6 	 1.4892711155978174E-6 	 2.2966960510746254E-6 	 1.8545574032342042E-5 	 2.3675322895919785E-6 	 1.8079326829477163E-4 	 
0.5760000000000001 	 1.6129240539224716E-6 	 9.393775246845125E-6 	 1.6272413653093297E-6 	 7.134380216299897E-7 	 1.3740434537762486E-6 	 1.145966782970646E-5 	 1.4350872515399573E-6 	 1.175216547717469E-4 	 
0.6000000000000001 	 2.0903333262370457E-6 	 1.1547746476093393E-5 	 2.1189676487345693E-6 	 1.1266011498589399E-6 	 1.7626430733754204E-6 	 1.4257020749078585E-5 	 1.837067514280765E-6 	 1.5337244046696987E-4 	 
0.6240000000000001 	 1.5647176797977226E-6 	 9.16743644708055E-6 	 1.5843352626039784E-6 	 6.002058770085471E-7 	 1.2703717204653163E-6 	 1.0560021819300426E-5 	 1.3354009454151218E-6 	 1.1607877990522174E-4 	 
0.6480000000000001 	 1.611435838595581E-6 	 9.147866579312614E-6 	 1.635275786204484E-6 	 7.494760815282749E-7 	 1.3491343180080393E-6 	 1.1024567741498376E-5 	 1.4214963759604934E-6 	 1.2491463968941337E-4 	 
0.6720000000000002 	 1.7226391720267263E-6 	 1.0306873331600906E-5 	 1.733472044073541E-6 	 8.436305219059296E-7 	 1.6078223240079716E-6 	 1.3327453780653203E-5 	 1.6707193501259248E-6 	 1.249969202584421E-4 	 
0.6960000000000002 	 2.124762516314997E-6 	 1.1695484977257598E-5 	 2.1238127718424413E-6 	 1.435681323733194E-6 	 2.002194759561633E-6 	 1.6431473081403074E-5 	 2.027694274688503E-6 	 1.1921109360058004E-4 	 
0.7200000000000002 	 1.1395890623071483E-6 	 6.680462499521487E-6 	 1.1414223892385984E-6 	 6.673091741165883E-7 	 1.1265685548488863E-6 	 9.276347052485956E-6 	 1.1558120986549217E-6 	 7.754848946824955E-5 	 
0.7440000000000002 	 1.3004874097345553E-6 	 7.3007291216210025E-6 	 1.302479622795625E-6 	 9.777815830568285E-7 	 1.2720539838693244E-6 	 1.0392112528295973E-5 	 1.2872715070343157E-6 	 7.948860995710554E-5 	 
0.7680000000000002 	 5.273509128248653E-7 	 3.0601312579264647E-6 	 5.259481507018998E-7 	 3.864473407547521E-7 	 5.196061728579535E-7 	 4.238319948310421E-6 	 5.211267150112509E-7 	 2.9079120382987135E-5 	 
0.7920000000000003 	 3.285616402039718E-7 	 1.5418287388062136E-6 	 3.4353491373167335E-7 	 1.6255401996486309E-9 	 1.7312667009816835E-7 	 1.3194505134292966E-6 	 2.0026648074507471E-7 	 3.482703486022693E-5 	 
0.8160000000000003 	 3.555343555826636E-7 	 2.013829879254466E-6 	 3.6519810703949797E-7 	 6.502160798594523E-8 	 2.163679306273692E-7 	 1.7728758404633256E-6 	 2.3990501007451475E-7 	 2.971318064181872E-5 	 
0.8399999999999999 	 3.084334432767578E-7 	 1.9149238169809223E-6 	 3.1824237512924204E-7 	 4.2363568060230636E-8 	 2.6075237010824443E-7 	 2.038138199127084E-6 	 2.855709811982502E-7 	 3.3402350727152144E-5 	 
0.8639999999999999 	 4.577634059939428E-7 	 3.2411933838567084E-6 	 4.620518747265773E-7 	 2.4740555967203213E-7 	 5.390284345573039E-7 	 4.425582813685857E-6 	 5.64493509908308E-7 	 4.484259566739889E-5 	 
0.8879999999999999 	 9.75421293761711E-7 	 5.14926428073299E-6 	 9.679661912901716E-7 	 7.726956357707717E-7 	 9.591596239134008E-7 	 7.774051492767638E-6 	 9.501707340098607E-7 	 4.32375052708242E-5 	 
0.9119999999999999 	 9.5993342735596E-8 	 5.078904820662248E-7 	 1.0279315956292074E-7 	 3.3224053661282666E-8 	 7.463532714240755E-8 	 3.782323463457344E-7 	 8.521046060998022E-8 	 1.4566073627324895E-5 	 
0.9359999999999999 	 9.585666607236831E-8 	 5.48414169030378E-7 	 1.022663822403732E-7 	 4.279483382748435E-9 	 6.533651860335312E-8 	 3.9871773963857106E-7 	 7.539104708225775E-8 	 1.40602244401865E-5 	 
0.96 	 3.5554224223871834E-8 	 3.120086661870416E-7 	 3.741948839506792E-8 	 1.2606230119724073E-9 	 2.7653183127679088E-8 	 2.2548507601544786E-7 	 3.1807074309504574E-8 	 5.319980180310271E-6 	 
0.984 	 1.6432381887026474E-7 	 7.925813541620201E-7 	 1.7128342333874792E-7 	 8.127700998243154E-10 	 9.080302064191204E-8 	 6.777863073057789E-7 	 1.0367703830174874E-7 	 1.728418740083864E-5 	 
1.008 	 1.929736000999684E-7 	 1.1501224730974536E-6 	 1.995898640718199E-7 	 3.2602033289891676E-8 	 1.211559952764868E-7 	 9.868240412660423E-7 	 1.3561501553769004E-7 	 1.8641304863614266E-5 	 
1.032 	 1.555948089473079E-7 	 9.6953926802052E-7 	 1.5979118001999686E-7 	 3.722155314297476E-8 	 1.2358503909352574E-7 	 1.0346053952005596E-6 	 1.354028581810527E-7 	 1.5955227467122614E-5 	 
1.056 	 2.297455609571922E-7 	 1.647511252005306E-6 	 2.3118670843679064E-7 	 1.4150493309390273E-7 	 2.582185258831488E-7 	 2.2272124344914765E-6 	 2.703009371397223E-7 	 2.1460720625898256E-5 	 
1.08 	 5.191788293845893E-7 	 2.7131503551806087E-6 	 5.168570173784077E-7 	 3.887695410399644E-7 	 4.948598173108052E-7 	 3.986701696488111E-6 	 4.926581676176189E-7 	 2.4798345248457616E-5 	 
1.104 	 6.841607638882128E-8 	 2.812644007636165E-7 	 7.087201420270314E-8 	 3.3215757650983495E-8 	 2.8771426489705E-8 	 2.0822369341439604E-7 	 3.327292106294232E-8 	 6.119889365941264E-6 	 
1.1280000000000001 	 3.62617492414426E-8 	 3.137030303127008E-7 	 3.851686914583464E-8 	 4.279483382748435E-9 	 2.7162258391741996E-8 	 2.1478712157356303E-7 	 3.1504037640214094E-8 	 5.72794117496234E-6 	 
1.1520000000000001 	 3.5554224223871834E-8 	 3.120086661870416E-7 	 3.741948839506792E-8 	 1.2606230119724073E-9 	 2.7653183127679088E-8 	 2.2548507601544786E-7 	 3.1807074309504574E-8 	 5.319980180310271E-6 	 
1.1760000000000002 	 1.3249071555887678E-7 	 5.494659639671806E-7 	 1.3560870066558854E-7 	 8.127700998243154E-10 	 5.744504574619321E-8 	 4.7668338112606713E-7 	 6.48518361011437E-8 	 9.300406844692337E-6 	 
1.2000000000000002 	 1.6256075548269518E-7 	 8.637074061570122E-7 	 1.6560824296767806E-7 	 3.2419574696053565E-8 	 9.52119353508824E-8 	 7.860517991972832E-7 	 1.0428999453682467E-7 	 1.1071875778204456E-5 	 
1.2240000000000002 	 1.212755141742025E-7 	 7.051739939053062E-7 	 1.222991003974643E-7 	 5.142014917255871E-9 	 9.840664051696556E-8 	 8.385217566757085E-7 	 1.0498051151085978E-7 	 8.810285541677095E-6 	 
1.2480000000000002 	 1.988308323157035E-7 	 1.375009848616979E-6 	 1.9717447058187323E-7 	 1.059006265781294E-7 	 2.302276770486064E-7 	 2.0320097298852953E-6 	 2.3741781953944876E-7 	 1.4806540455469855E-5 	 
1.2720000000000002 	 4.5624246437712157E-7 	 2.4361139255523814E-6 	 4.511091739117638E-7 	 3.8392609473080726E-7 	 4.642998066025954E-7 	 3.787349796279526E-6 	 4.575125663922418E-7 	 1.843916002236659E-5 	 
1.2960000000000003 	 0.0 	 0.0 	 0.0 	 0.0 	 0.0 	 0.0 	 0.0 	 0.0 	 
1.3200000000000003 	 0.0 	 0.0 	 0.0 	 0.0 	 0.0 	 0.0 	 0.0 	 0.0 	 
1.3440000000000003 	 0.0 	 0.0 	 0.0 	 0.0 	 0.0 	 0.0 	 0.0 	 0.0 	 
1.3680000000000003 	 0.0 	 0.0 	 0.0 	 0.0 	 0.0 	 0.0 	 0.0 	 0.0 	 
1.3920000000000003 	 0.0 	 0.0 	 0.0 	 0.0 	 0.0 	 0.0 	 0.0 	 0.0 	 
1.4160000000000004 	 0.0 	 0.0 	 0.0 	 0.0 	 0.0 	 0.0 	 0.0 	 0.0 	 
1.4400000000000004 	 0.0 	 0.0 	 0.0 	 0.0 	 0.0 	 0.0 	 0.0 	 0.0 	 
1.4640000000000004 	 0.0 	 0.0 	 0.0 	 0.0 	 0.0 	 0.0 	 0.0 	 0.0 	 
1.4880000000000004 	 0.0 	 0.0 	 0.0 	 0.0 	 0.0 	 0.0 	 0.0 	 0.0 	 
1.5120000000000005 	 0.0 	 0.0 	 0.0 	 0.0 	 0.0 	 0.0 	 0.0 	 0.0 	 
1.5360000000000005 	 0.0 	 0.0 	 0.0 	 0.0 	 0.0 	 0.0 	 0.0 	 0.0 	 
1.5600000000000005 	 0.0 	 0.0 	 0.0 	 0.0 	 0.0 	 0.0 	 0.0 	 0.0 	 
1.5840000000000005 	 0.0 	 0.0 	 0.0 	 0.0 	 0.0 	 0.0 	 0.0 	 0.0 	 
1.6080000000000005 	 0.0 	 0.0 	 0.0 	 0.0 	 0.0 	 0.0 	 0.0 	 0.0 	 
1.6319999999999997 	 0.0 	 0.0 	 0.0 	 0.0 	 0.0 	 0.0 	 0.0 	 0.0 	 
1.6559999999999997 	 0.0 	 0.0 	 0.0 	 0.0 	 0.0 	 0.0 	 0.0 	 0.0 	 
1.6799999999999997 	 0.0 	 0.0 	 0.0 	 0.0 	 0.0 	 0.0 	 0.0 	 0.0 	 
1.7039999999999997 	 0.0 	 0.0 	 0.0 	 0.0 	 0.0 	 0.0 	 0.0 	 0.0 	 
1.7279999999999998 	 0.0 	 0.0 	 0.0 	 0.0 	 0.0 	 0.0 	 0.0 	 0.0 	 
1.7519999999999998 	 0.0 	 0.0 	 0.0 	 0.0 	 0.0 	 0.0 	 0.0 	 0.0 	 
1.7759999999999998 	 0.0 	 0.0 	 0.0 	 0.0 	 0.0 	 0.0 	 0.0 	 0.0 	 
1.7999999999999998 	 0.0 	 0.0 	 0.0 	 0.0 	 0.0 	 0.0 	 0.0 	 0.0 	 
1.8239999999999998 	 0.0 	 0.0 	 0.0 	 0.0 	 0.0 	 0.0 	 0.0 	 0.0 	 
1.8479999999999999 	 0.0 	 0.0 	 0.0 	 0.0 	 0.0 	 0.0 	 0.0 	 0.0 	 
1.8719999999999999 	 0.0 	 0.0 	 0.0 	 0.0 	 0.0 	 0.0 	 0.0 	 0.0 	 
1.896 	 0.0 	 0.0 	 0.0 	 0.0 	 0.0 	 0.0 	 0.0 	 0.0 	 
1.92 	 0.0 	 0.0 	 0.0 	 0.0 	 0.0 	 0.0 	 0.0 	 0.0 	 
1.944 	 0.0 	 0.0 	 0.0 	 0.0 	 0.0 	 0.0 	 0.0 	 0.0 	 
1.968 	 0.0 	 0.0 	 0.0 	 0.0 	 0.0 	 0.0 	 0.0 	 0.0 	 
1.992 	 0.0 	 0.0 	 0.0 	 0.0 	 0.0 	 0.0 	 0.0 	 0.0 	 
2.016 	 0.0 	 0.0 	 0.0 	 0.0 	 0.0 	 0.0 	 0.0 	 0.0 	 
2.04 	 0.0 	 0.0 	 0.0 	 0.0 	 0.0 	 0.0 	 0.0 	 0.0 	 
2.064 	 0.0 	 0.0 	 0.0 	 0.0 	 0.0 	 0.0 	 0.0 	 0.0 	 
2.088 	 0.0 	 0.0 	 0.0 	 0.0 	 0.0 	 0.0 	 0.0 	 0.0 	 
2.112 	 0.0 	 0.0 	 0.0 	 0.0 	 0.0 	 0.0 	 0.0 	 0.0 	 
2.136 	 0.0 	 0.0 	 0.0 	 0.0 	 0.0 	 0.0 	 0.0 	 0.0 	 
2.16 	 0.0 	 0.0 	 0.0 	 0.0 	 0.0 	 0.0 	 0.0 	 0.0 	 
2.184 	 0.0 	 0.0 	 0.0 	 0.0 	 0.0 	 0.0 	 0.0 	 0.0 	 
2.208 	 0.0 	 0.0 	 0.0 	 0.0 	 0.0 	 0.0 	 0.0 	 0.0 	 
2.232 	 0.0 	 0.0 	 0.0 	 0.0 	 0.0 	 0.0 	 0.0 	 0.0 	 
2.2560000000000002 	 0.0 	 0.0 	 0.0 	 0.0 	 0.0 	 0.0 	 0.0 	 0.0 	 
2.2800000000000002 	 0.0 	 0.0 	 0.0 	 0.0 	 0.0 	 0.0 	 0.0 	 0.0 	 
2.3040000000000003 	 0.0 	 0.0 	 0.0 	 0.0 	 0.0 	 0.0 	 0.0 	 0.0 	 
2.3280000000000003 	 0.0 	 0.0 	 0.0 	 0.0 	 0.0 	 0.0 	 0.0 	 0.0 	 
2.3520000000000003 	 0.0 	 0.0 	 0.0 	 0.0 	 0.0 	 0.0 	 0.0 	 0.0 	 
2.3760000000000003 	 0.0 	 0.0 	 0.0 	 0.0 	 0.0 	 0.0 	 0.0 	 0.0 	 
2.4000000000000004 	 0.0 	 0.0 	 0.0 	 0.0 	 0.0 	 0.0 	 0.0 	 0.0 	 
2.4240000000000004 	 0.0 	 0.0 	 0.0 	 0.0 	 0.0 	 0.0 	 0.0 	 0.0 	 
2.4480000000000004 	 0.0 	 0.0 	 0.0 	 0.0 	 0.0 	 0.0 	 0.0 	 0.0 	 
2.4720000000000004 	 0.0 	 0.0 	 0.0 	 0.0 	 0.0 	 0.0 	 0.0 	 0.0 	 
2.4960000000000004 	 0.0 	 0.0 	 0.0 	 0.0 	 0.0 	 0.0 	 0.0 	 0.0 	 
2.5200000000000005 	 0.0 	 0.0 	 0.0 	 0.0 	 0.0 	 0.0 	 0.0 	 0.0 	 
2.5440000000000005 	 0.0 	 0.0 	 0.0 	 0.0 	 0.0 	 0.0 	 0.0 	 0.0 	 
2.5680000000000005 	 0.0 	 0.0 	 0.0 	 0.0 	 0.0 	 0.0 	 0.0 	 0.0 	 
2.5920000000000005 	 0.0 	 0.0 	 0.0 	 0.0 	 0.0 	 0.0 	 0.0 	 0.0 	 
2.6160000000000005 	 0.0 	 0.0 	 0.0 	 0.0 	 0.0 	 0.0 	 0.0 	 0.0 	 
2.6399999999999997 	 0.0 	 0.0 	 0.0 	 0.0 	 0.0 	 0.0 	 0.0 	 0.0 	 
2.6639999999999997 	 0.0 	 0.0 	 0.0 	 0.0 	 0.0 	 0.0 	 0.0 	 0.0 	 
2.6879999999999997 	 0.0 	 0.0 	 0.0 	 0.0 	 0.0 	 0.0 	 0.0 	 0.0 	 
2.7119999999999997 	 0.0 	 0.0 	 0.0 	 0.0 	 0.0 	 0.0 	 0.0 	 0.0 	 
2.7359999999999998 	 0.0 	 0.0 	 0.0 	 0.0 	 0.0 	 0.0 	 0.0 	 0.0 	 
2.76 	 0.0 	 0.0 	 0.0 	 0.0 	 0.0 	 0.0 	 0.0 	 0.0 	 
2.784 	 0.0 	 0.0 	 0.0 	 0.0 	 0.0 	 0.0 	 0.0 	 0.0 	 
2.808 	 0.0 	 0.0 	 0.0 	 0.0 	 0.0 	 0.0 	 0.0 	 0.0 	 
2.832 	 0.0 	 0.0 	 0.0 	 0.0 	 0.0 	 0.0 	 0.0 	 0.0 	 
2.856 	 0.0 	 0.0 	 0.0 	 0.0 	 0.0 	 0.0 	 0.0 	 0.0 	 
2.88 	 0.0 	 0.0 	 0.0 	 0.0 	 0.0 	 0.0 	 0.0 	 0.0 	 
2.904 	 0.0 	 0.0 	 0.0 	 0.0 	 0.0 	 0.0 	 0.0 	 0.0 	 
2.928 	 0.0 	 0.0 	 0.0 	 0.0 	 0.0 	 0.0 	 0.0 	 0.0 	 
2.952 	 0.0 	 0.0 	 0.0 	 0.0 	 0.0 	 0.0 	 0.0 	 0.0 	 
2.976 	 0.0 	 0.0 	 0.0 	 0.0 	 0.0 	 0.0 	 0.0 	 0.0 	 
