-3.0 	 0.0 	 0.0 	 0.0028453142095206897 	 0.0028453142095206897 	 0.0 	 0.0 	 0.0028453142095206897 	 0.0028453142095206897 	 
-2.976 	 0.0 	 0.0 	 0.0023555690370287035 	 0.0023555690370287035 	 0.0 	 0.0 	 0.0023555690370287035 	 0.0023555690370287035 	 
-2.952 	 9.90687537150782E-6 	 9.90687537150782E-6 	 0.003201899153625844 	 0.003201899153625844 	 9.90687537150782E-6 	 9.90687537150782E-6 	 0.003201899153625844 	 0.003201899153625844 	 
-2.928 	 0.0 	 0.0 	 0.004114848693017882 	 0.004114848693017882 	 0.0 	 0.0 	 0.004114848693017882 	 0.004114848693017882 	 
-2.904 	 0.0 	 0.0 	 0.0038597999280805886 	 0.0038597999280805886 	 0.0 	 0.0 	 0.0038597999280805886 	 0.0038597999280805886 	 
-2.88 	 0.0 	 0.0 	 0.0032106656984624417 	 0.0032106656984624417 	 0.0 	 0.0 	 0.0032106656984624417 	 0.0032106656984624417 	 
-2.856 	 0.0 	 0.0 	 0.0041350082917631014 	 0.0041350082917631014 	 0.0 	 0.0 	 0.0041350082917631014 	 0.0041350082917631014 	 
-2.832 	 0.0 	 0.0 	 0.005132121632963532 	 0.005132121632963532 	 0.0 	 0.0 	 0.005132121632963532 	 0.005132121632963532 	 
-2.808 	 9.90687537150782E-6 	 9.90687537150782E-6 	 0.0039012932697497526 	 0.0039012932697497526 	 9.90687537150782E-6 	 9.90687537150782E-6 	 0.0039012932697497526 	 0.0039012932697497526 	 
-2.784 	 0.0 	 0.0 	 0.004701802399841848 	 0.004701802399841848 	 0.0 	 0.0 	 0.004701802399841848 	 0.004701802399841848 	 
-2.76 	 9.90687537150782E-6 	 9.90687537150782E-6 	 0.006042771204453884 	 0.006042771204453884 	 9.90687537150782E-6 	 9.90687537150782E-6 	 0.006042771204453884 	 0.006042771204453884 	 
-2.7359999999999998 	 9.90687537150782E-6 	 9.90687537150782E-6 	 0.004724526889611436 	 0.004724526889611436 	 9.90687537150782E-6 	 9.90687537150782E-6 	 0.004724526889611436 	 0.004724526889611436 	 
-2.7119999999999997 	 9.90687537150782E-6 	 9.90687537150782E-6 	 0.005450132017719202 	 0.005450132017719202 	 9.90687537150782E-6 	 9.90687537150782E-6 	 0.005450132017719202 	 0.005450132017719202 	 
-2.688 	 9.90687537150782E-6 	 9.90687537150782E-6 	 0.0061158618435035806 	 0.0061158618435035806 	 9.90687537150782E-6 	 9.90687537150782E-6 	 0.0061158618435035806 	 0.0061158618435035806 	 
-2.664 	 0.0 	 0.0 	 0.006530628671131906 	 0.006530628671131906 	 0.0 	 0.0 	 0.006530628671131906 	 0.006530628671131906 	 
-2.64 	 9.90687537150782E-6 	 9.90687537150782E-6 	 0.006862312290651222 	 0.006862312290651222 	 9.90687537150782E-6 	 9.90687537150782E-6 	 0.006862312290651222 	 0.006862312290651222 	 
-2.616 	 0.0 	 0.0 	 0.006892781884982391 	 0.006892781884982391 	 0.0 	 0.0 	 0.006892781884982391 	 0.006892781884982391 	 
-2.592 	 0.0 	 0.0 	 0.008073153548439765 	 0.008073153548439765 	 0.0 	 0.0 	 0.008073153548439765 	 0.008073153548439765 	 
-2.568 	 9.90687537150782E-6 	 9.90687537150782E-6 	 0.008195694395228338 	 0.008195694395228338 	 9.90687537150782E-6 	 9.90687537150782E-6 	 0.008195694395228338 	 0.008195694395228338 	 
-2.544 	 9.90687537150782E-6 	 9.90687537150782E-6 	 0.007567621576328031 	 0.007567621576328031 	 9.90687537150782E-6 	 9.90687537150782E-6 	 0.007567621576328031 	 0.007567621576328031 	 
-2.52 	 0.0 	 0.0 	 0.009919602211440903 	 0.009919602211440903 	 0.0 	 0.0 	 0.009919602211440903 	 0.009919602211440903 	 
-2.496 	 9.90687537150782E-6 	 9.90687537150782E-6 	 0.00852073861269064 	 0.00852073861269064 	 9.90687537150782E-6 	 9.90687537150782E-6 	 0.00852073861269064 	 0.00852073861269064 	 
-2.472 	 1.981375074301564E-5 	 1.981375074301564E-5 	 0.010139933493620334 	 0.010139933493620334 	 1.981375074301564E-5 	 1.981375074301564E-5 	 0.010139933493620334 	 0.010139933493620334 	 
-2.448 	 9.90687537150782E-6 	 9.90687537150782E-6 	 0.011474240425935553 	 0.011474240425935553 	 9.90687537150782E-6 	 9.90687537150782E-6 	 0.011474240425935553 	 0.011474240425935553 	 
-2.424 	 9.90687537150782E-6 	 9.90687537150782E-6 	 0.011124940345668714 	 0.011124940345668714 	 9.90687537150782E-6 	 9.90687537150782E-6 	 0.011124940345668714 	 0.011124940345668714 	 
-2.4 	 0.0 	 0.0 	 0.011402477070989557 	 0.011402477070989557 	 0.0 	 0.0 	 0.011402477070989557 	 0.011402477070989557 	 
-2.376 	 0.0 	 0.0 	 0.011247086382725594 	 0.011247086382725594 	 0.0 	 0.0 	 0.011247086382725594 	 0.011247086382725594 	 
-2.352 	 0.0 	 0.0 	 0.013049910402483256 	 0.013049910402483256 	 0.0 	 0.0 	 0.013049910402483256 	 0.013049910402483256 	 
-2.328 	 1.981375074301564E-5 	 1.981375074301564E-5 	 0.013991477078800647 	 0.013991477078800647 	 1.981375074301564E-5 	 1.981375074301564E-5 	 0.013991477078800647 	 0.013991477078800647 	 
-2.304 	 0.0 	 0.0 	 0.013793818737382047 	 0.013793818737382047 	 0.0 	 0.0 	 0.013793818737382047 	 0.013793818737382047 	 
-2.2800000000000002 	 1.981375074301564E-5 	 1.981375074301564E-5 	 0.016003457568552582 	 0.016003457568552582 	 1.981375074301564E-5 	 1.981375074301564E-5 	 0.016003457568552582 	 0.016003457568552582 	 
-2.2560000000000002 	 0.0 	 0.0 	 0.016134211798277776 	 0.016134211798277776 	 0.0 	 0.0 	 0.016134211798277776 	 0.016134211798277776 	 
-2.232 	 1.981375074301564E-5 	 1.981375074301564E-5 	 0.017640429713950894 	 0.017640429713950894 	 1.981375074301564E-5 	 1.981375074301564E-5 	 0.017640429713950894 	 0.017640429713950894 	 
-2.208 	 9.90687537150782E-6 	 9.90687537150782E-6 	 0.017567419088851344 	 0.017567419088851344 	 9.90687537150782E-6 	 9.90687537150782E-6 	 0.017567419088851344 	 0.017567419088851344 	 
-2.184 	 1.981375074301564E-5 	 1.981375074301564E-5 	 0.017528552302228283 	 0.017528552302228283 	 1.981375074301564E-5 	 1.981375074301564E-5 	 0.017528552302228283 	 0.017528552302228283 	 
-2.16 	 0.0 	 0.0 	 0.02000189459936705 	 0.02000189459936705 	 0.0 	 0.0 	 0.02000189459936705 	 0.02000189459936705 	 
-2.136 	 0.0 	 0.0 	 0.0191382092580649 	 0.0191382092580649 	 0.0 	 0.0 	 0.0191382092580649 	 0.0191382092580649 	 
-2.112 	 1.981375074301564E-5 	 1.981375074301564E-5 	 0.021714185724056652 	 0.021714185724056652 	 1.981375074301564E-5 	 1.981375074301564E-5 	 0.021714185724056652 	 0.021714185724056652 	 
-2.088 	 2.9720626114523485E-5 	 2.9720626114523485E-5 	 0.02186329533020191 	 0.02186329533020191 	 2.9720626114523485E-5 	 2.9720626114523485E-5 	 0.02186329533020191 	 0.02186329533020191 	 
-2.064 	 1.981375074301564E-5 	 1.981375074301564E-5 	 0.022806572891161513 	 0.022806572891161513 	 1.981375074301564E-5 	 1.981375074301564E-5 	 0.022806572891161513 	 0.022806572891161513 	 
-2.04 	 2.9720626114523485E-5 	 2.9720626114523485E-5 	 0.02383191014188057 	 0.02383191014188057 	 2.9720626114523485E-5 	 2.9720626114523485E-5 	 0.02383191014188057 	 0.02383191014188057 	 
-2.016 	 0.0 	 0.0 	 0.024954384394844133 	 0.024954384394844133 	 0.0 	 0.0 	 0.024954384394844133 	 0.024954384394844133 	 
-1.992 	 9.90687537150782E-6 	 9.90687537150782E-6 	 0.026177525248482703 	 0.026177525248482703 	 9.90687537150782E-6 	 9.90687537150782E-6 	 0.026177525248482703 	 0.026177525248482703 	 
-1.968 	 5.944125222904697E-5 	 5.944125222904697E-5 	 0.025707178637551998 	 0.025707178637551998 	 5.944125222904697E-5 	 5.944125222904697E-5 	 0.025707178637551998 	 0.025707178637551998 	 
-1.944 	 4.953437685753912E-5 	 4.953437685753912E-5 	 0.026563848779788374 	 0.026563848779788374 	 4.953437685753912E-5 	 4.953437685753912E-5 	 0.026563848779788374 	 0.026563848779788374 	 
-1.92 	 3.962750148603128E-5 	 3.962750148603128E-5 	 0.028388239346290384 	 0.028388239346290384 	 3.962750148603128E-5 	 3.962750148603128E-5 	 0.028388239346290384 	 0.028388239346290384 	 
-1.896 	 9.90687537150782E-6 	 9.90687537150782E-6 	 0.02793818327106749 	 0.02793818327106749 	 9.90687537150782E-6 	 9.90687537150782E-6 	 0.02793818327106749 	 0.02793818327106749 	 
-1.8719999999999999 	 4.953437685753912E-5 	 4.953437685753912E-5 	 0.028981959688331674 	 0.028981959688331674 	 4.953437685753912E-5 	 4.953437685753912E-5 	 0.028981959688331674 	 0.028981959688331674 	 
-1.8479999999999999 	 9.90687537150782E-6 	 9.90687537150782E-6 	 0.030058924476491316 	 0.030058924476491316 	 9.90687537150782E-6 	 9.90687537150782E-6 	 0.030058924476491316 	 0.030058924476491316 	 
-1.824 	 2.9720626114523485E-5 	 2.9720626114523485E-5 	 0.02823001894773272 	 0.02823001894773272 	 2.9720626114523485E-5 	 2.9720626114523485E-5 	 0.02823001894773272 	 0.02823001894773272 	 
-1.8 	 3.962750148603128E-5 	 3.962750148603128E-5 	 0.027386531798835163 	 0.027386531798835163 	 3.962750148603128E-5 	 3.962750148603128E-5 	 0.027386531798835163 	 0.027386531798835163 	 
-1.776 	 3.962750148603128E-5 	 3.962750148603128E-5 	 0.028869238298209664 	 0.028869238298209664 	 3.962750148603128E-5 	 3.962750148603128E-5 	 0.028869238298209664 	 0.028869238298209664 	 
-1.752 	 2.9720626114523485E-5 	 2.9720626114523485E-5 	 0.026270602685817542 	 0.026270602685817542 	 2.9720626114523485E-5 	 2.9720626114523485E-5 	 0.026270602685817542 	 0.026270602685817542 	 
-1.728 	 5.944125222904697E-5 	 5.944125222904697E-5 	 0.02597700955801727 	 0.02597700955801727 	 5.944125222904697E-5 	 5.944125222904697E-5 	 0.02597700955801727 	 0.02597700955801727 	 
-1.704 	 1.981375074301564E-5 	 1.981375074301564E-5 	 0.02542091229788767 	 0.02542091229788767 	 1.981375074301564E-5 	 1.981375074301564E-5 	 0.02542091229788767 	 0.02542091229788767 	 
-1.68 	 1.981375074301564E-5 	 1.981375074301564E-5 	 0.02363888739775282 	 0.02363888739775282 	 1.981375074301564E-5 	 1.981375074301564E-5 	 0.02363888739775282 	 0.02363888739775282 	 
-1.656 	 4.953437685753912E-5 	 4.953437685753912E-5 	 0.021535481954740487 	 0.021535481954740487 	 4.953437685753912E-5 	 4.953437685753912E-5 	 0.021535481954740487 	 0.021535481954740487 	 
-1.632 	 4.953437685753912E-5 	 4.953437685753912E-5 	 0.020124534169537998 	 0.020124534169537998 	 4.953437685753912E-5 	 4.953437685753912E-5 	 0.020124534169537998 	 0.020124534169537998 	 
-1.6079999999999999 	 3.962750148603128E-5 	 3.962750148603128E-5 	 0.01877898905412187 	 0.01877898905412187 	 3.962750148603128E-5 	 3.962750148603128E-5 	 0.01877898905412187 	 0.01877898905412187 	 
-1.584 	 3.962750148603128E-5 	 3.962750148603128E-5 	 0.0159987681047279 	 0.0159987681047279 	 3.962750148603128E-5 	 3.962750148603128E-5 	 0.0159987681047279 	 0.0159987681047279 	 
-1.56 	 2.9720626114523485E-5 	 2.9720626114523485E-5 	 0.014655463870626904 	 0.014655463870626904 	 2.9720626114523485E-5 	 2.9720626114523485E-5 	 0.014655463870626904 	 0.014655463870626904 	 
-1.536 	 2.9720626114523485E-5 	 2.9720626114523485E-5 	 0.012611296992968292 	 0.012611296992968292 	 2.9720626114523485E-5 	 2.9720626114523485E-5 	 0.012611296992968292 	 0.012611296992968292 	 
-1.512 	 8.916187834357045E-5 	 8.916187834357045E-5 	 0.010414480187818254 	 0.010414480187818254 	 8.916187834357045E-5 	 8.916187834357045E-5 	 0.010414480187818254 	 0.010414480187818254 	 
-1.488 	 4.953437685753912E-5 	 4.953437685753912E-5 	 0.009298948018102143 	 0.009298948018102143 	 4.953437685753912E-5 	 4.953437685753912E-5 	 0.009298948018102143 	 0.009298948018102143 	 
-1.464 	 9.90687537150782E-6 	 9.90687537150782E-6 	 0.007287075244236842 	 0.007287075244236842 	 9.90687537150782E-6 	 9.90687537150782E-6 	 0.007287075244236842 	 0.007287075244236842 	 
-1.44 	 4.953437685753912E-5 	 4.953437685753912E-5 	 0.006248248920900205 	 0.006248248920900205 	 4.953437685753912E-5 	 4.953437685753912E-5 	 0.006248248920900205 	 0.006248248920900205 	 
-1.416 	 7.925500297206256E-5 	 7.925500297206256E-5 	 0.0042223979852262575 	 0.0042223979852262575 	 7.925500297206256E-5 	 7.925500297206256E-5 	 0.0042223979852262575 	 0.0042223979852262575 	 
-1.392 	 1.981375074301564E-5 	 1.981375074301564E-5 	 0.003665990342369195 	 0.003665990342369195 	 1.981375074301564E-5 	 1.981375074301564E-5 	 0.003665990342369195 	 0.003665990342369195 	 
-1.3679999999999999 	 9.906875371507825E-5 	 9.906875371507825E-5 	 0.002534292063779373 	 0.002534292063779373 	 9.906875371507825E-5 	 9.906875371507825E-5 	 0.002534292063779373 	 0.002534292063779373 	 
-1.3439999999999999 	 1.0897562908658612E-4 	 1.0897562908658612E-4 	 0.0018521789300318882 	 0.0018521789300318882 	 1.0897562908658612E-4 	 1.0897562908658612E-4 	 0.0018521789300318882 	 0.0018521789300318882 	 
-1.32 	 1.783237566871409E-4 	 1.783237566871409E-4 	 0.0014229727417733216 	 0.0014229727417733216 	 1.783237566871409E-4 	 1.783237566871409E-4 	 0.0014229727417733216 	 0.0014229727417733216 	 
-1.296 	 4.953437685753912E-5 	 4.953437685753912E-5 	 0.0010728640330902933 	 0.0010728640330902933 	 4.953437685753912E-5 	 4.953437685753912E-5 	 0.0010728640330902933 	 0.0010728640330902933 	 
-1.272 	 5.944125222904697E-5 	 5.944125222904697E-5 	 7.341898030412276E-4 	 7.341898030412276E-4 	 5.944125222904697E-5 	 5.944125222904697E-5 	 7.341898030412276E-4 	 7.341898030412276E-4 	 
-1.248 	 1.0897562908658612E-4 	 1.0897562908658612E-4 	 7.005049970281065E-4 	 7.005049970281065E-4 	 1.0897562908658612E-4 	 1.0897562908658612E-4 	 7.005049970281065E-4 	 7.005049970281065E-4 	 
-1.224 	 6.934812760055474E-5 	 6.934812760055474E-5 	 6.308136800637157E-4 	 6.308136800637157E-4 	 6.934812760055474E-5 	 6.934812760055474E-5 	 6.308136800637157E-4 	 6.308136800637157E-4 	 
-1.2 	 5.944125222904697E-5 	 5.944125222904697E-5 	 3.818343534327556E-4 	 3.818343534327556E-4 	 5.944125222904697E-5 	 5.944125222904697E-5 	 3.818343534327556E-4 	 3.818343534327556E-4 	 
-1.176 	 5.944125222904697E-5 	 5.944125222904697E-5 	 4.417270118191875E-4 	 4.417270118191875E-4 	 5.944125222904697E-5 	 5.944125222904697E-5 	 4.417270118191875E-4 	 4.417270118191875E-4 	 
-1.152 	 3.962750148603128E-5 	 3.962750148603128E-5 	 3.9885578813880616E-4 	 3.9885578813880616E-4 	 3.962750148603128E-5 	 3.962750148603128E-5 	 3.9885578813880616E-4 	 3.9885578813880616E-4 	 
-1.128 	 4.953437685753912E-5 	 4.953437685753912E-5 	 2.920742534389276E-4 	 2.920742534389276E-4 	 4.953437685753912E-5 	 4.953437685753912E-5 	 2.920742534389276E-4 	 2.920742534389276E-4 	 
-1.1039999999999999 	 4.953437685753912E-5 	 4.953437685753912E-5 	 2.0787290421296284E-4 	 2.0787290421296284E-4 	 4.953437685753912E-5 	 4.953437685753912E-5 	 2.0787290421296284E-4 	 2.0787290421296284E-4 	 
-1.08 	 8.916187834357045E-5 	 8.916187834357045E-5 	 2.3921311999554334E-4 	 2.3921311999554334E-4 	 8.916187834357045E-5 	 8.916187834357045E-5 	 2.3921311999554334E-4 	 2.3921311999554334E-4 	 
-1.056 	 1.0897562908658612E-4 	 1.0897562908658612E-4 	 1.4953047437524515E-4 	 1.4953047437524515E-4 	 1.0897562908658612E-4 	 1.0897562908658612E-4 	 1.4953047437524515E-4 	 1.4953047437524515E-4 	 
-1.032 	 1.1888250445809394E-4 	 1.1888250445809394E-4 	 2.0626878418087235E-4 	 2.0626878418087235E-4 	 1.1888250445809394E-4 	 1.1888250445809394E-4 	 2.0626878418087235E-4 	 2.0626878418087235E-4 	 
-1.008 	 3.962750148603128E-5 	 3.962750148603128E-5 	 2.040328440740022E-4 	 2.040328440740022E-4 	 3.962750148603128E-5 	 3.962750148603128E-5 	 2.040328440740022E-4 	 2.040328440740022E-4 	 
-0.984 	 5.944125222904697E-5 	 5.944125222904697E-5 	 1.4889583589980325E-4 	 1.4889583589980325E-4 	 5.944125222904697E-5 	 5.944125222904697E-5 	 1.4889583589980325E-4 	 1.4889583589980325E-4 	 
-0.96 	 4.953437685753912E-5 	 4.953437685753912E-5 	 1.295761672008613E-4 	 1.295761672008613E-4 	 4.953437685753912E-5 	 4.953437685753912E-5 	 1.295761672008613E-4 	 1.295761672008613E-4 	 
-0.9359999999999999 	 4.953437685753912E-5 	 4.953437685753912E-5 	 1.3018542574676144E-4 	 1.3018542574676144E-4 	 4.953437685753912E-5 	 4.953437685753912E-5 	 1.3018542574676144E-4 	 1.3018542574676144E-4 	 
-0.9119999999999999 	 9.906875371507825E-5 	 9.906875371507825E-5 	 1.339422418621495E-4 	 1.339422418621495E-4 	 9.906875371507825E-5 	 9.906875371507825E-5 	 1.339422418621495E-4 	 1.339422418621495E-4 	 
-0.8879999999999999 	 8.916187834357045E-5 	 8.916187834357045E-5 	 7.998558407618283E-5 	 7.998558407618283E-5 	 8.916187834357045E-5 	 8.916187834357045E-5 	 7.998558407618283E-5 	 7.998558407618283E-5 	 
-0.8639999999999999 	 9.906875371507825E-5 	 9.906875371507825E-5 	 1.0253004301878683E-4 	 1.0253004301878683E-4 	 9.906875371507825E-5 	 9.906875371507825E-5 	 1.0253004301878683E-4 	 1.0253004301878683E-4 	 
-0.8399999999999999 	 8.916187834357045E-5 	 8.916187834357045E-5 	 1.077979202233016E-4 	 1.077979202233016E-4 	 8.916187834357045E-5 	 8.916187834357045E-5 	 1.077979202233016E-4 	 1.077979202233016E-4 	 
-0.8159999999999998 	 2.9720626114523485E-5 	 2.9720626114523485E-5 	 1.233614261895168E-4 	 1.233614261895168E-4 	 2.9720626114523485E-5 	 2.9720626114523485E-5 	 1.233614261895168E-4 	 1.233614261895168E-4 	 
-0.7919999999999998 	 5.944125222904697E-5 	 5.944125222904697E-5 	 1.2753074972157472E-4 	 1.2753074972157472E-4 	 5.944125222904697E-5 	 5.944125222904697E-5 	 1.2753074972157472E-4 	 1.2753074972157472E-4 	 
-0.7679999999999998 	 7.925500297206256E-5 	 7.925500297206256E-5 	 7.323816844395133E-5 	 7.323816844395133E-5 	 7.925500297206256E-5 	 7.925500297206256E-5 	 7.323816844395133E-5 	 7.323816844395133E-5 	 
-0.7439999999999998 	 7.925500297206256E-5 	 7.925500297206256E-5 	 8.102180736584396E-5 	 8.102180736584396E-5 	 7.925500297206256E-5 	 7.925500297206256E-5 	 8.102180736584396E-5 	 8.102180736584396E-5 	 
-0.7199999999999998 	 9.906875371507825E-5 	 9.906875371507825E-5 	 6.875268732460176E-5 	 6.875268732460176E-5 	 9.906875371507825E-5 	 9.906875371507825E-5 	 6.875268732460176E-5 	 6.875268732460176E-5 	 
-0.6959999999999997 	 1.0897562908658612E-4 	 1.0897562908658612E-4 	 9.607098755190278E-5 	 9.607098755190278E-5 	 1.0897562908658612E-4 	 1.0897562908658612E-4 	 9.607098755190278E-5 	 9.607098755190278E-5 	 
-0.6720000000000002 	 1.386962552011095E-4 	 1.386962552011095E-4 	 7.231477005596268E-5 	 7.231477005596268E-5 	 1.386962552011095E-4 	 1.386962552011095E-4 	 7.231477005596268E-5 	 7.231477005596268E-5 	 
-0.6480000000000001 	 2.4767188428769573E-4 	 2.4767188428769573E-4 	 1.1246740786830768E-4 	 1.1246740786830768E-4 	 2.4767188428769573E-4 	 2.4767188428769573E-4 	 1.1246740786830768E-4 	 1.1246740786830768E-4 	 
-0.6240000000000001 	 3.665543887457893E-4 	 3.665543887457893E-4 	 1.0685905727666537E-4 	 1.0685905727666537E-4 	 3.665543887457893E-4 	 3.665543887457893E-4 	 1.0685905727666537E-4 	 1.0685905727666537E-4 	 
-0.6000000000000001 	 5.646918961759461E-4 	 5.646918961759461E-4 	 1.0524763880699096E-4 	 1.0524763880699096E-4 	 5.646918961759461E-4 	 5.646918961759461E-4 	 1.0524763880699096E-4 	 1.0524763880699096E-4 	 
-0.5760000000000001 	 9.01525658807212E-4 	 9.01525658807212E-4 	 9.401273121414921E-5 	 9.401273121414921E-5 	 9.01525658807212E-4 	 9.01525658807212E-4 	 9.401273121414921E-5 	 9.401273121414921E-5 	 
-0.552 	 0.0011888250445809395 	 0.0011888250445809395 	 9.127544369035511E-5 	 9.127544369035511E-5 	 0.0011888250445809395 	 0.0011888250445809395 	 9.127544369035511E-5 	 9.127544369035511E-5 	 
-0.528 	 0.0013473350505250642 	 0.0013473350505250642 	 1.0806784214098399E-4 	 1.0806784214098399E-4 	 0.0013473350505250642 	 0.0013473350505250642 	 1.0806784214098399E-4 	 1.0806784214098399E-4 	 
-0.504 	 0.0021596988309887048 	 0.0021596988309887048 	 8.373253650737958E-5 	 8.373253650737958E-5 	 0.0021596988309887048 	 0.0021596988309887048 	 8.373253650737958E-5 	 8.373253650737958E-5 	 
-0.48 	 0.0030711313651674245 	 0.0030711313651674245 	 9.582926660903164E-5 	 9.582926660903164E-5 	 0.0030711313651674245 	 0.0030711313651674245 	 9.582926660903164E-5 	 9.582926660903164E-5 	 
-0.45599999999999996 	 0.0044580939171785195 	 0.0044580939171785195 	 1.0020973224065109E-4 	 1.0020973224065109E-4 	 0.0044580939171785195 	 0.0044580939171785195 	 1.0020973224065109E-4 	 1.0020973224065109E-4 	 
-0.43199999999999994 	 0.006191797107192389 	 0.006191797107192389 	 1.1739004340764994E-4 	 1.1739004340764994E-4 	 0.006191797107192389 	 0.006191797107192389 	 1.1739004340764994E-4 	 1.1739004340764994E-4 	 
-0.4079999999999999 	 0.00842084406578165 	 0.00842084406578165 	 1.1084827245702583E-4 	 1.1084827245702583E-4 	 0.00842084406578165 	 0.00842084406578165 	 1.1084827245702583E-4 	 1.1084827245702583E-4 	 
-0.3839999999999999 	 0.010679611650485433 	 0.010679611650485433 	 9.931894632423959E-5 	 9.931894632423959E-5 	 0.010679611650485433 	 0.010679611650485433 	 9.931894632423959E-5 	 9.931894632423959E-5 	 
-0.3599999999999999 	 0.014255993659599757 	 0.014255993659599757 	 1.0586703710508548E-4 	 1.0586703710508548E-4 	 0.014255993659599757 	 0.014255993659599757 	 1.0586703710508548E-4 	 1.0586703710508548E-4 	 
-0.33599999999999985 	 0.018189023182088357 	 0.018189023182088357 	 1.1537702417771909E-4 	 1.1537702417771909E-4 	 0.018189023182088357 	 0.018189023182088357 	 1.1537702417771909E-4 	 1.1537702417771909E-4 	 
-0.31199999999999983 	 0.02348920150584505 	 0.02348920150584505 	 1.2751343128680328E-4 	 1.2751343128680328E-4 	 0.02348920150584505 	 0.02348920150584505 	 1.2751343128680328E-4 	 1.2751343128680328E-4 	 
-0.2879999999999998 	 0.027808599167822447 	 0.027808599167822447 	 1.3905387797114274E-4 	 1.3905387797114274E-4 	 0.027808599167822447 	 0.027808599167822447 	 1.3905387797114274E-4 	 1.3905387797114274E-4 	 
-0.2639999999999998 	 0.03245492371705966 	 0.03245492371705966 	 1.5040562725628483E-4 	 1.5040562725628483E-4 	 0.03245492371705966 	 0.03245492371705966 	 1.5040562725628483E-4 	 1.5040562725628483E-4 	 
-0.23999999999999977 	 0.0376956607885873 	 0.0376956607885873 	 1.6389777881421189E-4 	 1.6389777881421189E-4 	 0.0376956607885873 	 0.0376956607885873 	 1.6389777881421189E-4 	 1.6389777881421189E-4 	 
-0.21599999999999975 	 0.042223102833366326 	 0.042223102833366326 	 1.7403789015686991E-4 	 1.7403789015686991E-4 	 0.042223102833366326 	 0.042223102833366326 	 1.7403789015686991E-4 	 1.7403789015686991E-4 	 
-0.19199999999999973 	 0.048751733703189984 	 0.048751733703189984 	 2.024455720248369E-4 	 2.024455720248369E-4 	 0.048751733703189984 	 0.048751733703189984 	 2.024455720248369E-4 	 2.024455720248369E-4 	 
-0.16800000000000015 	 0.050495343768575396 	 0.050495343768575396 	 1.9339103774178252E-4 	 1.9339103774178252E-4 	 0.050495343768575396 	 0.050495343768575396 	 1.9339103774178252E-4 	 1.9339103774178252E-4 	 
-0.14400000000000013 	 0.05366554388745789 	 0.05366554388745789 	 1.9560596980428712E-4 	 1.9560596980428712E-4 	 0.05366554388745789 	 0.05366554388745789 	 1.9560596980428712E-4 	 1.9560596980428712E-4 	 
-0.1200000000000001 	 0.05320982762036855 	 0.05320982762036855 	 1.9193118392932062E-4 	 1.9193118392932062E-4 	 0.05320982762036855 	 0.05320982762036855 	 1.9193118392932062E-4 	 1.9193118392932062E-4 	 
-0.09600000000000009 	 0.054616603923122675 	 0.054616603923122675 	 1.9123963811038187E-4 	 1.9123963811038187E-4 	 0.054616603923122675 	 0.054616603923122675 	 1.9123963811038187E-4 	 1.9123963811038187E-4 	 
-0.07200000000000006 	 0.054230235783633854 	 0.054230235783633854 	 1.8511964971597202E-4 	 1.8511964971597202E-4 	 0.054230235783633854 	 0.054230235783633854 	 1.8511964971597202E-4 	 1.8511964971597202E-4 	 
-0.04800000000000004 	 0.05089161878343568 	 0.05089161878343568 	 1.7138266418840112E-4 	 1.7138266418840112E-4 	 0.05089161878343568 	 0.05089161878343568 	 1.7138266418840112E-4 	 1.7138266418840112E-4 	 
-0.02400000000000002 	 0.0469486823855756 	 0.0469486823855756 	 1.56239868218935E-4 	 1.56239868218935E-4 	 0.0469486823855756 	 0.0469486823855756 	 1.56239868218935E-4 	 1.56239868218935E-4 	 
0.0 	 0.041688131563304906 	 0.041688131563304906 	 1.390490269900555E-4 	 1.390490269900555E-4 	 0.041688131563304906 	 0.041688131563304906 	 1.390490269900555E-4 	 1.390490269900555E-4 	 
0.02400000000000002 	 0.03818109768179117 	 0.03818109768179117 	 1.2516371506525142E-4 	 1.2516371506525142E-4 	 0.03818109768179117 	 0.03818109768179117 	 1.2516371506525142E-4 	 1.2516371506525142E-4 	 
0.04800000000000004 	 0.031989300574598756 	 0.031989300574598756 	 1.0664251825854052E-4 	 1.0664251825854052E-4 	 0.031989300574598756 	 0.031989300574598756 	 1.0664251825854052E-4 	 1.0664251825854052E-4 	 
0.07200000000000006 	 0.02888844858331683 	 0.02888844858331683 	 9.484754511373412E-5 	 9.484754511373412E-5 	 0.02888844858331683 	 0.02888844858331683 	 9.484754511373412E-5 	 9.484754511373412E-5 	 
0.09600000000000009 	 0.02506439468991481 	 0.02506439468991481 	 8.254645184147273E-5 	 8.254645184147273E-5 	 0.02506439468991481 	 0.02506439468991481 	 8.254645184147273E-5 	 8.254645184147273E-5 	 
0.1200000000000001 	 0.02079453140479493 	 0.02079453140479493 	 6.946680689282164E-5 	 6.946680689282164E-5 	 0.02079453140479493 	 0.02079453140479493 	 6.946680689282164E-5 	 6.946680689282164E-5 	 
0.14400000000000013 	 0.01851595006934813 	 0.01851595006934813 	 6.163268881890791E-5 	 6.163268881890791E-5 	 0.01851595006934813 	 0.01851595006934813 	 6.163268881890791E-5 	 6.163268881890791E-5 	 
0.16800000000000015 	 0.015781652466811975 	 0.015781652466811975 	 5.3368607930281915E-5 	 5.3368607930281915E-5 	 0.015781652466811975 	 0.015781652466811975 	 5.3368607930281915E-5 	 5.3368607930281915E-5 	 
0.19200000000000017 	 0.014741430552803648 	 0.014741430552803648 	 4.923925734562947E-5 	 4.923925734562947E-5 	 0.014741430552803648 	 0.014741430552803648 	 4.923925734562947E-5 	 4.923925734562947E-5 	 
0.2160000000000002 	 0.01302754111353279 	 0.01302754111353279 	 4.3356344269009455E-5 	 4.3356344269009455E-5 	 0.01302754111353279 	 0.01302754111353279 	 4.3356344269009455E-5 	 4.3356344269009455E-5 	 
0.2400000000000002 	 0.011412720427977018 	 0.011412720427977018 	 3.833121722940558E-5 	 3.833121722940558E-5 	 0.011412720427977018 	 0.011412720427977018 	 3.833121722940558E-5 	 3.833121722940558E-5 	 
0.26400000000000023 	 0.010342777887854173 	 0.010342777887854173 	 3.471981451997221E-5 	 3.471981451997221E-5 	 0.010342777887854173 	 0.010342777887854173 	 3.471981451997221E-5 	 3.471981451997221E-5 	 
0.28800000000000026 	 0.00976817911630672 	 0.00976817911630672 	 3.188149371755618E-5 	 3.188149371755618E-5 	 0.00976817911630672 	 0.00976817911630672 	 3.188149371755618E-5 	 3.188149371755618E-5 	 
0.3120000000000003 	 0.00806419655240737 	 0.00806419655240737 	 2.6713065152841296E-5 	 2.6713065152841296E-5 	 0.00806419655240737 	 0.00806419655240737 	 2.6713065152841296E-5 	 2.6713065152841296E-5 	 
0.33599999999999985 	 0.007251832771943729 	 0.007251832771943729 	 2.4081061405278725E-5 	 2.4081061405278725E-5 	 0.007251832771943729 	 0.007251832771943729 	 2.4081061405278725E-5 	 2.4081061405278725E-5 	 
0.3599999999999999 	 0.006429562116108579 	 0.006429562116108579 	 2.1377393030995582E-5 	 2.1377393030995582E-5 	 0.006429562116108579 	 0.006429562116108579 	 2.1377393030995582E-5 	 2.1377393030995582E-5 	 
0.3839999999999999 	 0.005963938973647713 	 0.005963938973647713 	 1.9316526842863206E-5 	 1.9316526842863206E-5 	 0.005963938973647713 	 0.005963938973647713 	 1.9316526842863206E-5 	 1.9316526842863206E-5 	 
0.4079999999999999 	 0.0046760451753516934 	 0.0046760451753516934 	 1.566604018750636E-5 	 1.566604018750636E-5 	 0.0046760451753516934 	 0.0046760451753516934 	 1.566604018750636E-5 	 1.566604018750636E-5 	 
0.43199999999999994 	 0.004428373291063996 	 0.004428373291063996 	 1.4719217645182697E-5 	 1.4719217645182697E-5 	 0.004428373291063996 	 0.004428373291063996 	 1.4719217645182697E-5 	 1.4719217645182697E-5 	 
0.45599999999999996 	 0.004121260154547259 	 0.004121260154547259 	 1.3424937255919803E-5 	 1.3424937255919803E-5 	 0.004121260154547259 	 0.004121260154547259 	 1.3424937255919803E-5 	 1.3424937255919803E-5 	 
0.48 	 0.0035565682583713083 	 0.0035565682583713083 	 1.1364068700066316E-5 	 1.1364068700066316E-5 	 0.0035565682583713083 	 0.0035565682583713083 	 1.1364068700066316E-5 	 1.1364068700066316E-5 	 
0.504 	 0.0026055082227065566 	 0.0026055082227065566 	 8.831969917659037E-6 	 8.831969917659037E-6 	 0.0026055082227065566 	 0.0026055082227065566 	 8.831969917659037E-6 	 8.831969917659037E-6 	 
0.528 	 0.0024073707152764013 	 0.0024073707152764013 	 8.039325063543869E-6 	 8.039325063543869E-6 	 0.0024073707152764013 	 0.0024073707152764013 	 8.039325063543869E-6 	 8.039325063543869E-6 	 
0.552 	 0.0023083019615613245 	 0.0023083019615613245 	 7.607178118436259E-6 	 7.607178118436259E-6 	 0.0023083019615613245 	 0.0023083019615613245 	 7.607178118436259E-6 	 7.607178118436259E-6 	 
0.5760000000000001 	 0.0018823063205864864 	 0.0018823063205864864 	 6.252085089275848E-6 	 6.252085089275848E-6 	 0.0018823063205864864 	 0.0018823063205864864 	 6.252085089275848E-6 	 6.252085089275848E-6 	 
0.6000000000000001 	 0.0016841688131563305 	 0.0016841688131563305 	 5.561513896795358E-6 	 5.561513896795358E-6 	 0.0016841688131563305 	 0.0016841688131563305 	 5.561513896795358E-6 	 5.561513896795358E-6 	 
0.6240000000000001 	 0.00136714880126808 	 0.00136714880126808 	 4.6168616941901114E-6 	 4.6168616941901114E-6 	 0.00136714880126808 	 0.00136714880126808 	 4.6168616941901114E-6 	 4.6168616941901114E-6 	 
0.6480000000000001 	 0.001297800673667525 	 0.001297800673667525 	 4.247684688664363E-6 	 4.247684688664363E-6 	 0.001297800673667525 	 0.001297800673667525 	 4.247684688664363E-6 	 4.247684688664363E-6 	 
0.6720000000000002 	 0.0010897562908658608 	 0.0010897562908658608 	 3.6266016143749555E-6 	 3.6266016143749555E-6 	 0.0010897562908658608 	 0.0010897562908658608 	 3.6266016143749555E-6 	 3.6266016143749555E-6 	 
0.6960000000000002 	 9.01525658807212E-4 	 9.01525658807212E-4 	 3.0055166694668304E-6 	 3.0055166694668304E-6 	 9.01525658807212E-4 	 9.01525658807212E-4 	 3.0055166694668304E-6 	 3.0055166694668304E-6 	 
0.7200000000000002 	 7.033881513770554E-4 	 7.033881513770554E-4 	 2.477815426078925E-6 	 2.477815426078925E-6 	 7.033881513770554E-4 	 7.033881513770554E-4 	 2.477815426078925E-6 	 2.477815426078925E-6 	 
0.7440000000000002 	 7.232019021200712E-4 	 7.232019021200712E-4 	 2.4256931135522704E-6 	 2.4256931135522704E-6 	 7.232019021200712E-4 	 7.232019021200712E-4 	 2.4256931135522704E-6 	 2.4256931135522704E-6 	 
0.7680000000000002 	 7.033881513770554E-4 	 7.033881513770554E-4 	 2.3779214829902797E-6 	 2.3779214829902797E-6 	 7.033881513770554E-4 	 7.033881513770554E-4 	 2.3779214829902797E-6 	 2.3779214829902797E-6 	 
0.7920000000000003 	 6.637606498910246E-4 	 6.637606498910246E-4 	 2.1824741658693625E-6 	 2.1824741658693625E-6 	 6.637606498910246E-4 	 6.637606498910246E-4 	 2.1824741658693625E-6 	 2.1824741658693625E-6 	 
0.8160000000000003 	 5.250643946899146E-4 	 5.250643946899146E-4 	 1.7199186433499879E-6 	 1.7199186433499879E-6 	 5.250643946899146E-4 	 5.250643946899146E-4 	 1.7199186433499879E-6 	 1.7199186433499879E-6 	 
0.8399999999999999 	 3.764612641172972E-4 	 3.764612641172972E-4 	 1.3854902261855487E-6 	 1.3854902261855487E-6 	 3.764612641172972E-4 	 3.764612641172972E-4 	 1.3854902261855487E-6 	 1.3854902261855487E-6 	 
0.8639999999999999 	 4.953437685753915E-4 	 4.953437685753915E-4 	 1.6221943501585925E-6 	 1.6221943501585925E-6 	 4.953437685753915E-4 	 4.953437685753915E-4 	 1.6221943501585925E-6 	 1.6221943501585925E-6 	 
0.8879999999999999 	 4.953437685753915E-4 	 4.953437685753915E-4 	 1.5809359510752958E-6 	 1.5809359510752958E-6 	 4.953437685753915E-4 	 4.953437685753915E-4 	 1.5809359510752958E-6 	 1.5809359510752958E-6 	 
0.9119999999999999 	 3.566475133742818E-4 	 3.566475133742818E-4 	 1.1748429231620833E-6 	 1.1748429231620833E-6 	 3.566475133742818E-4 	 3.566475133742818E-4 	 1.1748429231620833E-6 	 1.1748429231620833E-6 	 
0.9359999999999999 	 3.1702001188825026E-4 	 3.1702001188825026E-4 	 1.0619197842183519E-6 	 1.0619197842183519E-6 	 3.1702001188825026E-4 	 3.1702001188825026E-4 	 1.0619197842183519E-6 	 1.0619197842183519E-6 	 
0.96 	 2.77392510402219E-4 	 2.77392510402219E-4 	 9.555095327172053E-7 	 9.555095327172053E-7 	 2.77392510402219E-4 	 2.77392510402219E-4 	 9.555095327172053E-7 	 9.555095327172053E-7 	 
0.984 	 3.665543887457893E-4 	 3.665543887457893E-4 	 1.0814622976527232E-6 	 1.0814622976527232E-6 	 3.665543887457893E-4 	 3.665543887457893E-4 	 1.0814622976527232E-6 	 1.0814622976527232E-6 	 
1.008 	 2.4767188428769573E-4 	 2.4767188428769573E-4 	 7.709221056362922E-7 	 7.709221056362922E-7 	 2.4767188428769573E-4 	 2.4767188428769573E-4 	 7.709221056362922E-7 	 7.709221056362922E-7 	 
1.032 	 1.5851000594412513E-4 	 1.5851000594412513E-4 	 5.429038541022267E-7 	 5.429038541022267E-7 	 1.5851000594412513E-4 	 1.5851000594412513E-4 	 5.429038541022267E-7 	 5.429038541022267E-7 	 
1.056 	 1.981375074301565E-4 	 1.981375074301565E-4 	 5.863353671592855E-7 	 5.863353671592855E-7 	 1.981375074301565E-4 	 1.981375074301565E-4 	 5.863353671592855E-7 	 5.863353671592855E-7 	 
1.08 	 9.906875371507825E-5 	 9.906875371507825E-5 	 3.5614466853323837E-7 	 3.5614466853323837E-7 	 9.906875371507825E-5 	 9.906875371507825E-5 	 3.5614466853323837E-7 	 3.5614466853323837E-7 	 
1.104 	 1.4860313057261744E-4 	 1.4860313057261744E-4 	 4.4518106699622395E-7 	 4.4518106699622395E-7 	 1.4860313057261744E-4 	 1.4860313057261744E-4 	 4.4518106699622395E-7 	 4.4518106699622395E-7 	 
1.1280000000000001 	 9.906875371507825E-5 	 9.906875371507825E-5 	 3.1271212265239877E-7 	 3.1271212265239877E-7 	 9.906875371507825E-5 	 9.906875371507825E-5 	 3.1271212265239877E-7 	 3.1271212265239877E-7 	 
1.1520000000000001 	 5.944125222904697E-5 	 5.944125222904697E-5 	 2.106470879075727E-7 	 2.106470879075727E-7 	 5.944125222904697E-5 	 5.944125222904697E-5 	 2.106470879075727E-7 	 2.106470879075727E-7 	 
1.1760000000000002 	 5.944125222904697E-5 	 5.944125222904697E-5 	 2.0413140348898095E-7 	 2.0413140348898095E-7 	 5.944125222904697E-5 	 5.944125222904697E-5 	 2.0413140348898095E-7 	 2.0413140348898095E-7 	 
1.2000000000000002 	 6.934812760055474E-5 	 6.934812760055474E-5 	 2.0847479148991547E-7 	 2.0847479148991547E-7 	 6.934812760055474E-5 	 6.934812760055474E-5 	 2.0847479148991547E-7 	 2.0847479148991547E-7 	 
1.2240000000000002 	 6.934812760055474E-5 	 6.934812760055474E-5 	 1.9978808005453393E-7 	 1.9978808005453393E-7 	 6.934812760055474E-5 	 6.934812760055474E-5 	 1.9978808005453393E-7 	 1.9978808005453393E-7 	 
1.2480000000000002 	 1.981375074301564E-5 	 1.981375074301564E-5 	 8.03497300292926E-8 	 8.03497300292926E-8 	 1.981375074301564E-5 	 1.981375074301564E-5 	 8.03497300292926E-8 	 8.03497300292926E-8 	 
1.2720000000000002 	 3.962750148603128E-5 	 3.962750148603128E-5 	 1.2378197468469718E-7 	 1.2378197468469718E-7 	 3.962750148603128E-5 	 3.962750148603128E-5 	 1.2378197468469718E-7 	 1.2378197468469718E-7 	 
1.2960000000000003 	 9.90687537150782E-6 	 9.90687537150782E-6 	 6.9491518266047E-8 	 6.9491518266047E-8 	 9.90687537150782E-6 	 9.90687537150782E-6 	 6.9491518266047E-8 	 6.9491518266047E-8 	 
1.3200000000000003 	 6.934812760055474E-5 	 6.934812760055474E-5 	 1.9544503632719542E-7 	 1.9544503632719542E-7 	 6.934812760055474E-5 	 6.934812760055474E-5 	 1.9544503632719542E-7 	 1.9544503632719542E-7 	 
1.3440000000000003 	 3.962750148603128E-5 	 3.962750148603128E-5 	 1.0640881002872327E-7 	 1.0640881002872327E-7 	 3.962750148603128E-5 	 3.962750148603128E-5 	 1.0640881002872327E-7 	 1.0640881002872327E-7 	 
1.3680000000000003 	 1.981375074301564E-5 	 1.981375074301564E-5 	 5.2118762414345524E-8 	 5.2118762414345524E-8 	 1.981375074301564E-5 	 1.981375074301564E-5 	 5.2118762414345524E-8 	 5.2118762414345524E-8 	 
1.3920000000000003 	 0.0 	 0.0 	 1.520164277311959E-8 	 1.520164277311959E-8 	 0.0 	 0.0 	 1.520164277311959E-8 	 1.520164277311959E-8 	 
1.4160000000000004 	 0.0 	 0.0 	 1.085819024918337E-8 	 1.085819024918337E-8 	 0.0 	 0.0 	 1.085819024918337E-8 	 1.085819024918337E-8 	 
1.4400000000000004 	 9.90687537150782E-6 	 9.90687537150782E-6 	 3.691748539818885E-8 	 3.691748539818885E-8 	 9.90687537150782E-6 	 9.90687537150782E-6 	 3.691748539818885E-8 	 3.691748539818885E-8 	 
1.4640000000000004 	 9.90687537150782E-6 	 9.90687537150782E-6 	 3.9088942719671394E-8 	 3.9088942719671394E-8 	 9.90687537150782E-6 	 9.90687537150782E-6 	 3.9088942719671394E-8 	 3.9088942719671394E-8 	 
1.4880000000000004 	 2.9720626114523485E-5 	 2.9720626114523485E-5 	 8.034964397304363E-8 	 8.034964397304363E-8 	 2.9720626114523485E-5 	 2.9720626114523485E-5 	 8.034964397304363E-8 	 8.034964397304363E-8 	 
1.5120000000000005 	 9.90687537150782E-6 	 9.90687537150782E-6 	 2.388768721757696E-8 	 2.388768721757696E-8 	 9.90687537150782E-6 	 9.90687537150782E-6 	 2.388768721757696E-8 	 2.388768721757696E-8 	 
1.5360000000000005 	 0.0 	 0.0 	 2.171607928870633E-9 	 2.171607928870633E-9 	 0.0 	 0.0 	 2.171607928870633E-9 	 2.171607928870633E-9 	 
1.5600000000000005 	 0.0 	 0.0 	 6.514845300674143E-9 	 6.514845300674143E-9 	 0.0 	 0.0 	 6.514845300674143E-9 	 6.514845300674143E-9 	 
1.5840000000000005 	 9.90687537150782E-6 	 9.90687537150782E-6 	 2.388768721757696E-8 	 2.388768721757696E-8 	 9.90687537150782E-6 	 9.90687537150782E-6 	 2.388768721757696E-8 	 2.388768721757696E-8 	 
1.6080000000000005 	 0.0 	 0.0 	 0.0 	 0.0 	 0.0 	 0.0 	 0.0 	 0.0 	 
1.6319999999999997 	 0.0 	 0.0 	 2.1716294429328775E-9 	 2.1716294429328775E-9 	 0.0 	 0.0 	 2.1716294429328775E-9 	 2.1716294429328775E-9 	 
1.6559999999999997 	 0.0 	 0.0 	 2.1716294429328775E-9 	 2.1716294429328775E-9 	 0.0 	 0.0 	 2.1716294429328775E-9 	 2.1716294429328775E-9 	 
1.6799999999999997 	 0.0 	 0.0 	 0.0 	 0.0 	 0.0 	 0.0 	 0.0 	 0.0 	 
1.7039999999999997 	 0.0 	 0.0 	 2.171607928870633E-9 	 2.171607928870633E-9 	 0.0 	 0.0 	 2.171607928870633E-9 	 2.171607928870633E-9 	 
1.7279999999999998 	 0.0 	 0.0 	 6.514845300674143E-9 	 6.514845300674143E-9 	 0.0 	 0.0 	 6.514845300674143E-9 	 6.514845300674143E-9 	 
1.7519999999999998 	 9.90687537150782E-6 	 9.90687537150782E-6 	 2.388768721757696E-8 	 2.388768721757696E-8 	 9.90687537150782E-6 	 9.90687537150782E-6 	 2.388768721757696E-8 	 2.388768721757696E-8 	 
1.7759999999999998 	 0.0 	 0.0 	 2.171607928870633E-9 	 2.171607928870633E-9 	 0.0 	 0.0 	 2.171607928870633E-9 	 2.171607928870633E-9 	 
1.7999999999999998 	 0.0 	 0.0 	 4.343215857741266E-9 	 4.343215857741266E-9 	 0.0 	 0.0 	 4.343215857741266E-9 	 4.343215857741266E-9 	 
1.8239999999999998 	 9.90687537150782E-6 	 9.90687537150782E-6 	 2.388768721757696E-8 	 2.388768721757696E-8 	 9.90687537150782E-6 	 9.90687537150782E-6 	 2.388768721757696E-8 	 2.388768721757696E-8 	 
1.8479999999999999 	 0.0 	 0.0 	 0.0 	 0.0 	 0.0 	 0.0 	 0.0 	 0.0 	 
1.8719999999999999 	 0.0 	 0.0 	 0.0 	 0.0 	 0.0 	 0.0 	 0.0 	 0.0 	 
1.896 	 0.0 	 0.0 	 0.0 	 0.0 	 0.0 	 0.0 	 0.0 	 0.0 	 
1.92 	 0.0 	 0.0 	 0.0 	 0.0 	 0.0 	 0.0 	 0.0 	 0.0 	 
1.944 	 0.0 	 0.0 	 0.0 	 0.0 	 0.0 	 0.0 	 0.0 	 0.0 	 
1.968 	 0.0 	 0.0 	 0.0 	 0.0 	 0.0 	 0.0 	 0.0 	 0.0 	 
1.992 	 0.0 	 0.0 	 0.0 	 0.0 	 0.0 	 0.0 	 0.0 	 0.0 	 
2.016 	 0.0 	 0.0 	 0.0 	 0.0 	 0.0 	 0.0 	 0.0 	 0.0 	 
2.04 	 0.0 	 0.0 	 0.0 	 0.0 	 0.0 	 0.0 	 0.0 	 0.0 	 
2.064 	 0.0 	 0.0 	 0.0 	 0.0 	 0.0 	 0.0 	 0.0 	 0.0 	 
2.088 	 0.0 	 0.0 	 0.0 	 0.0 	 0.0 	 0.0 	 0.0 	 0.0 	 
2.112 	 0.0 	 0.0 	 0.0 	 0.0 	 0.0 	 0.0 	 0.0 	 0.0 	 
2.136 	 0.0 	 0.0 	 0.0 	 0.0 	 0.0 	 0.0 	 0.0 	 0.0 	 
2.16 	 0.0 	 0.0 	 0.0 	 0.0 	 0.0 	 0.0 	 0.0 	 0.0 	 
2.184 	 0.0 	 0.0 	 0.0 	 0.0 	 0.0 	 0.0 	 0.0 	 0.0 	 
2.208 	 0.0 	 0.0 	 0.0 	 0.0 	 0.0 	 0.0 	 0.0 	 0.0 	 
2.232 	 0.0 	 0.0 	 0.0 	 0.0 	 0.0 	 0.0 	 0.0 	 0.0 	 
2.2560000000000002 	 0.0 	 0.0 	 0.0 	 0.0 	 0.0 	 0.0 	 0.0 	 0.0 	 
2.2800000000000002 	 0.0 	 0.0 	 0.0 	 0.0 	 0.0 	 0.0 	 0.0 	 0.0 	 
2.3040000000000003 	 0.0 	 0.0 	 0.0 	 0.0 	 0.0 	 0.0 	 0.0 	 0.0 	 
2.3280000000000003 	 0.0 	 0.0 	 0.0 	 0.0 	 0.0 	 0.0 	 0.0 	 0.0 	 
2.3520000000000003 	 0.0 	 0.0 	 0.0 	 0.0 	 0.0 	 0.0 	 0.0 	 0.0 	 
2.3760000000000003 	 0.0 	 0.0 	 0.0 	 0.0 	 0.0 	 0.0 	 0.0 	 0.0 	 
2.4000000000000004 	 0.0 	 0.0 	 0.0 	 0.0 	 0.0 	 0.0 	 0.0 	 0.0 	 
2.4240000000000004 	 0.0 	 0.0 	 0.0 	 0.0 	 0.0 	 0.0 	 0.0 	 0.0 	 
2.4480000000000004 	 0.0 	 0.0 	 0.0 	 0.0 	 0.0 	 0.0 	 0.0 	 0.0 	 
2.4720000000000004 	 0.0 	 0.0 	 0.0 	 0.0 	 0.0 	 0.0 	 0.0 	 0.0 	 
2.4960000000000004 	 0.0 	 0.0 	 0.0 	 0.0 	 0.0 	 0.0 	 0.0 	 0.0 	 
2.5200000000000005 	 0.0 	 0.0 	 0.0 	 0.0 	 0.0 	 0.0 	 0.0 	 0.0 	 
2.5440000000000005 	 0.0 	 0.0 	 0.0 	 0.0 	 0.0 	 0.0 	 0.0 	 0.0 	 
2.5680000000000005 	 0.0 	 0.0 	 0.0 	 0.0 	 0.0 	 0.0 	 0.0 	 0.0 	 
2.5920000000000005 	 0.0 	 0.0 	 0.0 	 0.0 	 0.0 	 0.0 	 0.0 	 0.0 	 
2.6160000000000005 	 0.0 	 0.0 	 0.0 	 0.0 	 0.0 	 0.0 	 0.0 	 0.0 	 
2.6399999999999997 	 0.0 	 0.0 	 0.0 	 0.0 	 0.0 	 0.0 	 0.0 	 0.0 	 
2.6639999999999997 	 0.0 	 0.0 	 0.0 	 0.0 	 0.0 	 0.0 	 0.0 	 0.0 	 
2.6879999999999997 	 0.0 	 0.0 	 0.0 	 0.0 	 0.0 	 0.0 	 0.0 	 0.0 	 
2.7119999999999997 	 0.0 	 0.0 	 0.0 	 0.0 	 0.0 	 0.0 	 0.0 	 0.0 	 
2.7359999999999998 	 0.0 	 0.0 	 0.0 	 0.0 	 0.0 	 0.0 	 0.0 	 0.0 	 
2.76 	 0.0 	 0.0 	 0.0 	 0.0 	 0.0 	 0.0 	 0.0 	 0.0 	 
2.784 	 0.0 	 0.0 	 0.0 	 0.0 	 0.0 	 0.0 	 0.0 	 0.0 	 
2.808 	 0.0 	 0.0 	 0.0 	 0.0 	 0.0 	 0.0 	 0.0 	 0.0 	 
2.832 	 0.0 	 0.0 	 0.0 	 0.0 	 0.0 	 0.0 	 0.0 	 0.0 	 
2.856 	 0.0 	 0.0 	 0.0 	 0.0 	 0.0 	 0.0 	 0.0 	 0.0 	 
2.88 	 0.0 	 0.0 	 0.0 	 0.0 	 0.0 	 0.0 	 0.0 	 0.0 	 
2.904 	 0.0 	 0.0 	 0.0 	 0.0 	 0.0 	 0.0 	 0.0 	 0.0 	 
2.928 	 0.0 	 0.0 	 0.0 	 0.0 	 0.0 	 0.0 	 0.0 	 0.0 	 
2.952 	 0.0 	 0.0 	 0.0 	 0.0 	 0.0 	 0.0 	 0.0 	 0.0 	 
2.976 	 0.0 	 0.0 	 0.0 	 0.0 	 0.0 	 0.0 	 0.0 	 0.0 	 
