-3.0 	 6.004003648502851E-6 	 5.73417598437684E-5 	 6.365675366928323E-6 	 7.448271770526739E-4 	 6.004003648502851E-6 	 5.73417598437684E-5 	 6.365675366928323E-6 	 7.448271770526739E-4 	 
-2.976 	 1.3386917765318178E-5 	 7.231636358096539E-5 	 1.3320252731964235E-5 	 9.79987057825517E-4 	 1.3386917765318178E-5 	 7.231636358096539E-5 	 1.3320252731964235E-5 	 9.79987057825517E-4 	 
-2.952 	 7.81083025244115E-6 	 7.803152175700078E-5 	 8.089209335635342E-6 	 0.0011292982905355062 	 7.81083025244115E-6 	 7.803152175700078E-5 	 8.089209335635342E-6 	 0.0011292982905355062 	 
-2.928 	 1.4644367521905706E-5 	 8.972246902382373E-5 	 1.4397385566310668E-5 	 0.001324831533057258 	 1.4644367521905706E-5 	 8.972246902382373E-5 	 1.4397385566310668E-5 	 0.001324831533057258 	 
-2.904 	 8.370728910428985E-6 	 9.474247916430948E-5 	 8.484001943600822E-6 	 0.0014601993094821462 	 8.370728910428985E-6 	 9.474247916430948E-5 	 8.484001943600822E-6 	 0.0014601993094821462 	 
-2.88 	 1.0190928466888634E-5 	 1.0691924105302589E-4 	 1.0298502354233343E-5 	 0.0016536269925164324 	 1.0190928466888634E-5 	 1.0691924105302589E-4 	 1.0298502354233343E-5 	 0.0016536269925164324 	 
-2.856 	 1.504171240491743E-5 	 9.562504203422187E-5 	 1.4844414257118923E-5 	 0.0013719473525849847 	 1.504171240491743E-5 	 9.562504203422187E-5 	 1.4844414257118923E-5 	 0.0013719473525849847 	 
-2.832 	 8.65196689853626E-6 	 9.961368371834637E-5 	 8.879494315313783E-6 	 0.0014756119613019217 	 8.65196689853626E-6 	 9.961368371834637E-5 	 8.879494315313783E-6 	 0.0014756119613019217 	 
-2.808 	 9.62380581795754E-6 	 1.0211284029884189E-4 	 9.83741084053422E-6 	 0.0015012309030174075 	 9.62380581795754E-6 	 1.0211284029884189E-4 	 9.83741084053422E-6 	 0.0015012309030174075 	 
-2.784 	 1.666151005312266E-5 	 1.13289016954011E-4 	 1.6545899840100373E-5 	 0.0016339167790213674 	 1.666151005312266E-5 	 1.13289016954011E-4 	 1.6545899840100373E-5 	 0.0016339167790213674 	 
-2.76 	 1.1994310694748585E-5 	 1.35983617999345E-4 	 1.2079352635037375E-5 	 0.00211837706217272 	 1.1994310694748585E-5 	 1.35983617999345E-4 	 1.2079352635037375E-5 	 0.00211837706217272 	 
-2.7359999999999998 	 1.2784783887455457E-5 	 1.363288081262234E-4 	 1.2912735470106223E-5 	 0.0020693615077330323 	 1.2784783887455457E-5 	 1.363288081262234E-4 	 1.2912735470106223E-5 	 0.0020693615077330323 	 
-2.7119999999999997 	 1.9301095731805184E-5 	 1.3418677464734224E-4 	 1.9245745303468308E-5 	 0.0019183544585696217 	 1.9301095731805184E-5 	 1.3418677464734224E-4 	 1.9245745303468308E-5 	 0.0019183544585696217 	 
-2.688 	 1.7839351723639244E-5 	 1.2737169998930226E-4 	 1.7821209479111477E-5 	 0.001793237653298763 	 1.7839351723639244E-5 	 1.2737169998930226E-4 	 1.7821209479111477E-5 	 0.001793237653298763 	 
-2.664 	 1.2494288241896046E-5 	 1.4510485221028274E-4 	 1.2655562739327667E-5 	 0.0021973600114127455 	 1.2494288241896046E-5 	 1.4510485221028274E-4 	 1.2655562739327667E-5 	 0.0021973600114127455 	 
-2.64 	 1.553182601626683E-5 	 1.7150130752723546E-4 	 1.5555296691260917E-5 	 0.0026776896645718867 	 1.553182601626683E-5 	 1.7150130752723546E-4 	 1.5555296691260917E-5 	 0.0026776896645718867 	 
-2.616 	 2.1546610225726144E-5 	 1.7090045363991085E-4 	 2.137119956437905E-5 	 0.002545396252084204 	 2.1546610225726144E-5 	 1.7090045363991085E-4 	 2.137119956437905E-5 	 0.002545396252084204 	 
-2.592 	 1.4033012282376892E-5 	 1.6110118409715386E-4 	 1.4320504776867071E-5 	 0.0023908192376781907 	 1.4033012282376892E-5 	 1.6110118409715386E-4 	 1.4320504776867071E-5 	 0.0023908192376781907 	 
-2.568 	 1.644727894404173E-5 	 1.857240198168231E-4 	 1.6636423771589442E-5 	 0.0028240894271110532 	 1.644727894404173E-5 	 1.857240198168231E-4 	 1.6636423771589442E-5 	 0.0028240894271110532 	 
-2.544 	 2.0092946697793773E-5 	 2.13047668069164E-4 	 2.0190057423928644E-5 	 0.003273971493629611 	 2.0092946697793773E-5 	 2.13047668069164E-4 	 2.0190057423928644E-5 	 0.003273971493629611 	 
-2.52 	 2.614583893430035E-5 	 1.9135126480389962E-4 	 2.6233971630565137E-5 	 0.0027225815316419665 	 2.614583893430035E-5 	 1.9135126480389962E-4 	 2.6233971630565137E-5 	 0.0027225815316419665 	 
-2.496 	 3.547091828101752E-5 	 2.278159238182452E-4 	 3.5062910191123206E-5 	 0.003322306760494269 	 3.547091828101752E-5 	 2.278159238182452E-4 	 3.5062910191123206E-5 	 0.003322306760494269 	 
-2.472 	 3.12966472078479E-5 	 2.519399228345876E-4 	 3.1069970655060794E-5 	 0.0038085631562510963 	 3.12966472078479E-5 	 2.519399228345876E-4 	 3.1069970655060794E-5 	 0.0038085631562510963 	 
-2.448 	 3.710805434288239E-5 	 2.3132830898578373E-4 	 3.687647110701424E-5 	 0.0032568035829348228 	 3.710805434288239E-5 	 2.3132830898578373E-4 	 3.687647110701424E-5 	 0.0032568035829348228 	 
-2.424 	 4.556420907106326E-5 	 2.7683185587088274E-4 	 4.473270327904433E-5 	 0.004073633806134875 	 4.556420907106326E-5 	 2.7683185587088274E-4 	 4.473270327904433E-5 	 0.004073633806134875 	 
-2.4 	 2.5663206999607354E-5 	 2.682830729064679E-4 	 2.578610964902664E-5 	 0.004043817065693775 	 2.5663206999607354E-5 	 2.682830729064679E-4 	 2.578610964902664E-5 	 0.004043817065693775 	 
-2.376 	 4.1746789489260035E-5 	 2.9327074225990235E-4 	 4.1249380753269846E-5 	 0.004342817902306251 	 4.1746789489260035E-5 	 2.9327074225990235E-4 	 4.1249380753269846E-5 	 0.004342817902306251 	 
-2.352 	 4.443737220797177E-5 	 3.273113515903977E-4 	 4.3741367023841366E-5 	 0.004944633857415197 	 4.443737220797177E-5 	 3.273113515903977E-4 	 4.3741367023841366E-5 	 0.004944633857415197 	 
-2.328 	 4.439037541442823E-5 	 3.258504158850916E-4 	 4.400423996366496E-5 	 0.004774611150045797 	 4.439037541442823E-5 	 3.258504158850916E-4 	 4.400423996366496E-5 	 0.004774611150045797 	 
-2.304 	 4.110878721758574E-5 	 3.530805282003277E-4 	 4.0911270684365495E-5 	 0.005332515718718594 	 4.110878721758574E-5 	 3.530805282003277E-4 	 4.0911270684365495E-5 	 0.005332515718718594 	 
-2.2800000000000002 	 4.797642517352062E-5 	 3.770761077434072E-4 	 4.7719514229304315E-5 	 0.005640466659939602 	 4.797642517352062E-5 	 3.770761077434072E-4 	 4.7719514229304315E-5 	 0.005640466659939602 	 
-2.2560000000000002 	 9.053286380350742E-5 	 4.1913141259659637E-4 	 8.832811350438926E-5 	 0.005937701557242991 	 9.053286380350742E-5 	 4.1913141259659637E-4 	 8.832811350438926E-5 	 0.005937701557242991 	 
-2.232 	 7.679961667366102E-5 	 4.4345747128504015E-4 	 7.48124939734445E-5 	 0.00662529964738856 	 7.679961667366102E-5 	 4.4345747128504015E-4 	 7.48124939734445E-5 	 0.00662529964738856 	 
-2.208 	 6.538826192724861E-5 	 4.071499022498819E-4 	 6.415305579381086E-5 	 0.005885067356784764 	 6.538826192724861E-5 	 4.071499022498819E-4 	 6.415305579381086E-5 	 0.005885067356784764 	 
-2.184 	 5.938849458452112E-5 	 4.413909147799119E-4 	 5.810741786077801E-5 	 0.006641526097467231 	 5.938849458452112E-5 	 4.413909147799119E-4 	 5.810741786077801E-5 	 0.006641526097467231 	 
-2.16 	 5.0907346361737996E-5 	 4.8253915544565703E-4 	 5.008425237193464E-5 	 0.007482708283247137 	 5.0907346361737996E-5 	 4.8253915544565703E-4 	 5.008425237193464E-5 	 0.007482708283247137 	 
-2.136 	 6.491053785143606E-5 	 5.12877542160801E-4 	 6.340667109705778E-5 	 0.007830883136683684 	 6.491053785143606E-5 	 5.12877542160801E-4 	 6.340667109705778E-5 	 0.007830883136683684 	 
-2.112 	 4.689436038588806E-5 	 5.111439958782025E-4 	 4.6469596442309596E-5 	 0.007893540805715424 	 4.689436038588806E-5 	 5.111439958782025E-4 	 4.6469596442309596E-5 	 0.007893540805715424 	 
-2.088 	 7.182550904837927E-5 	 5.614309417684119E-4 	 7.040158893377316E-5 	 0.008494645647373518 	 7.182550904837927E-5 	 5.614309417684119E-4 	 7.040158893377316E-5 	 0.008494645647373518 	 
-2.064 	 7.410253722507488E-5 	 5.928886593612229E-4 	 7.246770371929731E-5 	 0.009043897419177386 	 7.410253722507488E-5 	 5.928886593612229E-4 	 7.246770371929731E-5 	 0.009043897419177386 	 
-2.04 	 7.168209733581162E-5 	 6.187871432141635E-4 	 7.061256578099902E-5 	 0.009425752346605663 	 7.168209733581162E-5 	 6.187871432141635E-4 	 7.061256578099902E-5 	 0.009425752346605663 	 
-2.016 	 8.418425524141568E-5 	 6.62350298759291E-4 	 8.268805895632943E-5 	 0.009999668590415865 	 8.418425524141568E-5 	 6.62350298759291E-4 	 8.268805895632943E-5 	 0.009999668590415865 	 
-1.992 	 1.0747612066772694E-4 	 7.018974511365245E-4 	 1.0458413303916883E-4 	 0.010546131780679363 	 1.0747612066772694E-4 	 7.018974511365245E-4 	 1.0458413303916883E-4 	 0.010546131780679363 	 
-1.968 	 1.1317913596311828E-4 	 7.463077177208354E-4 	 1.0976166389350721E-4 	 0.011289188925629605 	 1.1317913596311828E-4 	 7.463077177208354E-4 	 1.0976166389350721E-4 	 0.011289188925629605 	 
-1.944 	 8.179852722015334E-5 	 7.682250018284244E-4 	 8.006463579409037E-5 	 0.011882374995068109 	 8.179852722015334E-5 	 7.682250018284244E-4 	 8.006463579409037E-5 	 0.011882374995068109 	 
-1.92 	 8.962027069464964E-5 	 7.937505268828456E-4 	 8.757209721693633E-5 	 0.012177762045960201 	 8.962027069464964E-5 	 7.937505268828456E-4 	 8.757209721693633E-5 	 0.012177762045960201 	 
-1.896 	 8.246481632882028E-5 	 8.202132285783558E-4 	 8.10475262399304E-5 	 0.012611238517917569 	 8.246481632882028E-5 	 8.202132285783558E-4 	 8.10475262399304E-5 	 0.012611238517917569 	 
-1.8719999999999999 	 1.2389150217460384E-4 	 9.254454510066786E-4 	 1.2044386840934077E-4 	 0.014152950322598147 	 1.2389150217460384E-4 	 9.254454510066786E-4 	 1.2044386840934077E-4 	 0.014152950322598147 	 
-1.8479999999999999 	 1.0997093962524334E-4 	 9.2158977178275E-4 	 1.0754022627627307E-4 	 0.013974498032959255 	 1.0997093962524334E-4 	 9.2158977178275E-4 	 1.0754022627627307E-4 	 0.013974498032959255 	 
-1.824 	 1.1389660307504863E-4 	 9.667688589650289E-4 	 1.1132012874121663E-4 	 0.01466790925255546 	 1.1389660307504863E-4 	 9.667688589650289E-4 	 1.1132012874121663E-4 	 0.01466790925255546 	 
-1.8 	 1.2296438691172253E-4 	 0.0010547102294137336 	 1.2008293448959918E-4 	 0.01607977354454425 	 1.2296438691172253E-4 	 0.0010547102294137336 	 1.2008293448959918E-4 	 0.01607977354454425 	 
-1.776 	 1.443967293188738E-4 	 0.0010962321513579272 	 1.408682823544721E-4 	 0.016393651574646003 	 1.443967293188738E-4 	 0.0010962321513579272 	 1.408682823544721E-4 	 0.016393651574646003 	 
-1.752 	 1.275400646260839E-4 	 0.001155048889234414 	 1.2495098706702295E-4 	 0.0173858459876925 	 1.275400646260839E-4 	 0.001155048889234414 	 1.2495098706702295E-4 	 0.0173858459876925 	 
-1.728 	 1.222430723731676E-4 	 0.0012089596433755383 	 1.2074557260210269E-4 	 0.018004360531284833 	 1.222430723731676E-4 	 0.0012089596433755383 	 1.2074557260210269E-4 	 0.018004360531284833 	 
-1.704 	 1.5874234435554025E-4 	 0.0013146721561971204 	 1.5609020630912493E-4 	 0.01925171807531264 	 1.5874234435554025E-4 	 0.0013146721561971204 	 1.5609020630912493E-4 	 0.01925171807531264 	 
-1.68 	 1.6269374079715427E-4 	 0.0013630344384882448 	 1.6080609924622955E-4 	 0.019491688372889195 	 1.6269374079715427E-4 	 0.0013630344384882448 	 1.6080609924622955E-4 	 0.019491688372889195 	 
-1.656 	 1.686916953170205E-4 	 0.0014315838689292148 	 1.676013599405475E-4 	 0.020070475148285503 	 1.686916953170205E-4 	 0.0014315838689292148 	 1.676013599405475E-4 	 0.020070475148285503 	 
-1.632 	 1.784048237751343E-4 	 0.0015498574851865801 	 1.7777841569878634E-4 	 0.02157806903939678 	 1.784048237751343E-4 	 0.0015498574851865801 	 1.7777841569878634E-4 	 0.02157806903939678 	 
-1.6079999999999999 	 1.7952555836894747E-4 	 0.0016206210149593194 	 1.8049055534051582E-4 	 0.021998340778077826 	 1.7952555836894747E-4 	 0.0016206210149593194 	 1.8049055534051582E-4 	 0.021998340778077826 	 
-1.584 	 2.0230428758663687E-4 	 0.0017309472845425651 	 2.0358648319445915E-4 	 0.022998960434469418 	 2.0230428758663687E-4 	 0.0017309472845425651 	 2.0358648319445915E-4 	 0.022998960434469418 	 
-1.56 	 2.1026250505942065E-4 	 0.001836669576006072 	 2.125818871777683E-4 	 0.024016962446618894 	 2.1026250505942065E-4 	 0.001836669576006072 	 2.125818871777683E-4 	 0.024016962446618894 	 
-1.536 	 2.077225867141995E-4 	 0.0018891355278433848 	 2.1217772278703557E-4 	 0.023957575764796502 	 2.077225867141995E-4 	 0.0018891355278433848 	 2.1217772278703557E-4 	 0.023957575764796502 	 
-1.512 	 2.1030982473878784E-4 	 0.0019733250616889493 	 2.1695909727810172E-4 	 0.02444904168995859 	 2.1030982473878784E-4 	 0.0019733250616889493 	 2.1695909727810172E-4 	 0.02444904168995859 	 
-1.488 	 2.282935814916015E-4 	 0.0020833534632011277 	 2.3603889831666882E-4 	 0.025367995741977015 	 2.282935814916015E-4 	 0.0020833534632011277 	 2.3603889831666882E-4 	 0.025367995741977015 	 
-1.464 	 2.4463926981190296E-4 	 0.0020969179516805944 	 2.541659415789026E-4 	 0.024343283139742208 	 2.4463926981190296E-4 	 0.0020969179516805944 	 2.541659415789026E-4 	 0.024343283139742208 	 
-1.44 	 2.5561413037443947E-4 	 0.002161193489406747 	 2.665162488730483E-4 	 0.024618770494140362 	 2.5561413037443947E-4 	 0.002161193489406747 	 2.665162488730483E-4 	 0.024618770494140362 	 
-1.416 	 2.445330189792777E-4 	 0.002167111576278736 	 2.5809433412842377E-4 	 0.02395645951442174 	 2.445330189792777E-4 	 0.002167111576278736 	 2.5809433412842377E-4 	 0.02395645951442174 	 
-1.392 	 2.66525849395659E-4 	 0.002207401324254017 	 2.8114607852170706E-4 	 0.02375030038861536 	 2.66525849395659E-4 	 0.002207401324254017 	 2.8114607852170706E-4 	 0.02375030038861536 	 
-1.3679999999999999 	 2.471306570124235E-4 	 0.0022013333944101592 	 2.6480441000592764E-4 	 0.023074821625829776 	 2.471306570124235E-4 	 0.0022013333944101592 	 2.6480441000592764E-4 	 0.023074821625829776 	 
-1.3439999999999999 	 2.5729342187922385E-4 	 0.0021684523372894025 	 2.7655059348273965E-4 	 0.021784560322251286 	 2.5729342187922385E-4 	 0.0021684523372894025 	 2.7655059348273965E-4 	 0.021784560322251286 	 
-1.32 	 2.4138778817827972E-4 	 0.0021280477125902087 	 2.634276850727139E-4 	 0.020644144350859088 	 2.4138778817827972E-4 	 0.0021280477125902087 	 2.634276850727139E-4 	 0.020644144350859088 	 
-1.296 	 2.388058933429136E-4 	 0.0020426412866219 	 2.6307533880469967E-4 	 0.01872108242229239 	 2.388058933429136E-4 	 0.0020426412866219 	 2.6307533880469967E-4 	 0.01872108242229239 	 
-1.272 	 2.657278776870336E-4 	 0.0019949348236994444 	 2.905879972548364E-4 	 0.01717705724594487 	 2.657278776870336E-4 	 0.0019949348236994444 	 2.905879972548364E-4 	 0.01717705724594487 	 
-1.248 	 2.3027676059083954E-4 	 0.0019024392889417593 	 2.582369321369207E-4 	 0.015675777251382382 	 2.3027676059083954E-4 	 0.0019024392889417593 	 2.582369321369207E-4 	 0.015675777251382382 	 
-1.224 	 2.1976658674661428E-4 	 0.0018365641885113397 	 2.498640915281458E-4 	 0.014493310567718711 	 2.1976658674661428E-4 	 0.0018365641885113397 	 2.498640915281458E-4 	 0.014493310567718711 	 
-1.2 	 2.1664411504348079E-4 	 0.0017686571773152847 	 2.4920199624332764E-4 	 0.012925216463987267 	 2.1664411504348079E-4 	 0.0017686571773152847 	 2.4920199624332764E-4 	 0.012925216463987267 	 
-1.176 	 2.1279804949366743E-4 	 0.0016847446885573359 	 2.468277652094614E-4 	 0.011518359091515844 	 2.1279804949366743E-4 	 0.0016847446885573359 	 2.468277652094614E-4 	 0.011518359091515844 	 
-1.152 	 2.2540480065608436E-4 	 0.00163255414046264 	 2.6068660918159876E-4 	 0.010263978604330065 	 2.2540480065608436E-4 	 0.00163255414046264 	 2.6068660918159876E-4 	 0.010263978604330065 	 
-1.128 	 2.3941715660836743E-4 	 0.0015634159118433364 	 2.7535867962300286E-4 	 0.008938340692467336 	 2.3941715660836743E-4 	 0.0015634159118433364 	 2.7535867962300286E-4 	 0.008938340692467336 	 
-1.1039999999999999 	 2.1928949904524884E-4 	 0.0014973067005011316 	 2.5763257786471706E-4 	 0.007894921269222028 	 2.1928949904524884E-4 	 0.0014973067005011316 	 2.5763257786471706E-4 	 0.007894921269222028 	 
-1.08 	 1.9654743262535951E-4 	 0.0014385024119499456 	 2.3764452737950036E-4 	 0.006955168663926769 	 1.9654743262535951E-4 	 0.0014385024119499456 	 2.3764452737950036E-4 	 0.006955168663926769 	 
-1.056 	 2.0299611319074217E-4 	 0.0013869122836266494 	 2.4516703644509224E-4 	 0.006049588634696614 	 2.0299611319074217E-4 	 0.0013869122836266494 	 2.4516703644509224E-4 	 0.006049588634696614 	 
-1.032 	 2.2751535716420014E-4 	 0.0013725199979373556 	 2.703656398483061E-4 	 0.0054096570563717285 	 2.2751535716420014E-4 	 0.0013725199979373556 	 2.703656398483061E-4 	 0.0054096570563717285 	 
-1.008 	 1.9953356987198521E-4 	 0.0013179052155150256 	 2.4430972853150206E-4 	 0.00487501365618736 	 1.9953356987198521E-4 	 0.0013179052155150256 	 2.4430972853150206E-4 	 0.00487501365618736 	 
-0.984 	 1.7141019611311865E-4 	 0.0012752087354772003 	 2.1901746274263672E-4 	 0.004362416299499373 	 1.7141019611311865E-4 	 0.0012752087354772003 	 2.1901746274263672E-4 	 0.004362416299499373 	 
-0.96 	 1.9138904814725125E-4 	 0.001277904467222568 	 2.3992995210602848E-4 	 0.004070743257506056 	 1.9138904814725125E-4 	 0.001277904467222568 	 2.3992995210602848E-4 	 0.004070743257506056 	 
-0.9359999999999999 	 1.7877983172271861E-4 	 0.0012589184037581213 	 2.291389594946866E-4 	 0.0038588853625804893 	 1.7877983172271861E-4 	 0.0012589184037581213 	 2.291389594946866E-4 	 0.0038588853625804893 	 
-0.9119999999999999 	 1.3655488750544017E-4 	 0.0012233248080441362 	 1.9029191783921483E-4 	 0.003629284413549052 	 1.3655488750544017E-4 	 0.0012233248080441362 	 1.9029191783921483E-4 	 0.003629284413549052 	 
-0.8879999999999999 	 1.352323336513798E-4 	 0.001220706255374147 	 1.916391860492084E-4 	 0.0032880656424681175 	 1.352323336513798E-4 	 0.001220706255374147 	 1.916391860492084E-4 	 0.0032880656424681175 	 
-0.8639999999999999 	 1.6781298174420165E-4 	 0.0012389840544324788 	 2.247588646430676E-4 	 0.0031523701523984648 	 1.6781298174420165E-4 	 0.0012389840544324788 	 2.247588646430676E-4 	 0.0031523701523984648 	 
-0.8399999999999999 	 1.8404656049617431E-4 	 0.0012297826056561828 	 2.4101966836101665E-4 	 0.002984892653443855 	 1.8404656049617431E-4 	 0.0012297826056561828 	 2.4101966836101665E-4 	 0.002984892653443855 	 
-0.8159999999999998 	 1.5171375069817142E-4 	 0.0012220890720179016 	 2.128121167356883E-4 	 0.0028027436460655486 	 1.5171375069817142E-4 	 0.0012220890720179016 	 2.128121167356883E-4 	 0.0028027436460655486 	 
-0.7919999999999998 	 1.5998589107126186E-4 	 0.0012327242047898506 	 2.2309810618141343E-4 	 0.0026761160571499324 	 1.5998589107126186E-4 	 0.0012327242047898506 	 2.2309810618141343E-4 	 0.0026761160571499324 	 
-0.7679999999999998 	 1.5035022102348374E-4 	 0.0012326824599747722 	 2.1618515313200575E-4 	 0.0025815837823090567 	 1.5035022102348374E-4 	 0.0012326824599747722 	 2.1618515313200575E-4 	 0.0025815837823090567 	 
-0.7439999999999998 	 1.6569473305313824E-4 	 0.0012403692383407387 	 2.3258736657881762E-4 	 0.0024718057849733577 	 1.6569473305313824E-4 	 0.0012403692383407387 	 2.3258736657881762E-4 	 0.0024718057849733577 	 
-0.7199999999999998 	 1.651835689209715E-4 	 0.001259352813962678 	 2.354454896682525E-4 	 0.002415620188692374 	 1.651835689209715E-4 	 0.001259352813962678 	 2.354454896682525E-4 	 0.002415620188692374 	 
-0.6959999999999997 	 1.8871565144909128E-4 	 0.001292172198668098 	 2.613066909349044E-4 	 0.0023190084730558788 	 1.8871565144909128E-4 	 0.001292172198668098 	 2.613066909349044E-4 	 0.0023190084730558788 	 
-0.6720000000000002 	 1.7144799994814227E-4 	 0.0012913917280128041 	 2.4758644025391064E-4 	 0.0022036506303642765 	 1.7144799994814227E-4 	 0.0012913917280128041 	 2.4758644025391064E-4 	 0.0022036506303642765 	 
-0.6480000000000001 	 1.882494283434825E-4 	 0.0013153115312351733 	 2.666285789870868E-4 	 0.002140772690467819 	 1.882494283434825E-4 	 0.0013153115312351733 	 2.666285789870868E-4 	 0.002140772690467819 	 
-0.6240000000000001 	 1.8449289962698401E-4 	 0.001330116712707704 	 2.663212073266113E-4 	 0.0020793863701302376 	 1.8449289962698401E-4 	 0.001330116712707704 	 2.663212073266113E-4 	 0.0020793863701302376 	 
-0.6000000000000001 	 1.8976492980653492E-4 	 0.0013632240936086444 	 2.7556146360052495E-4 	 0.0020411466909598993 	 1.8976492980653492E-4 	 0.0013632240936086444 	 2.7556146360052495E-4 	 0.0020411466909598993 	 
-0.5760000000000001 	 1.9231878091314613E-4 	 0.0013825306277223854 	 2.8153728572692633E-4 	 0.0019554172302329426 	 1.9231878091314613E-4 	 0.0013825306277223854 	 2.8153728572692633E-4 	 0.0019554172302329426 	 
-0.552 	 1.7895598396495607E-4 	 0.0013951135205565225 	 2.7233422190201835E-4 	 0.0019457103002095198 	 1.7895598396495607E-4 	 0.0013951135205565225 	 2.7233422190201835E-4 	 0.0019457103002095198 	 
-0.528 	 2.144306322463749E-4 	 0.0014517089722524943 	 3.111039485685562E-4 	 0.0019261796367005092 	 2.144306322463749E-4 	 0.0014517089722524943 	 3.111039485685562E-4 	 0.0019261796367005092 	 
-0.504 	 2.169192878789841E-4 	 0.001464440469199975 	 3.1664099550198E-4 	 0.0018222774229264826 	 2.169192878789841E-4 	 0.001464440469199975 	 3.1664099550198E-4 	 0.0018222774229264826 	 
-0.48 	 2.142180803426146E-4 	 0.0014773406006138047 	 3.172381955938813E-4 	 0.0017580943756549513 	 2.142180803426146E-4 	 0.0014773406006138047 	 3.172381955938813E-4 	 0.0017580943756549513 	 
-0.45599999999999996 	 2.2598429177464075E-4 	 0.0015127767200785868 	 3.3278461822325826E-4 	 0.0017442512790655739 	 2.2598429177464075E-4 	 0.0015127767200785868 	 3.3278461822325826E-4 	 0.0017442512790655739 	 
-0.43199999999999994 	 2.1835333018893765E-4 	 0.0015381794276320409 	 3.300342513523606E-4 	 0.001716818359613887 	 2.1835333018893765E-4 	 0.0015381794276320409 	 3.300342513523606E-4 	 0.001716818359613887 	 
-0.4079999999999999 	 2.3060710053643285E-4 	 0.0015660162987319243 	 3.4566846649385796E-4 	 0.0016686311335088258 	 2.3060710053643285E-4 	 0.0015660162987319243 	 3.4566846649385796E-4 	 0.0016686311335088258 	 
-0.3839999999999999 	 2.2747810886164572E-4 	 0.00157096826100898 	 3.4530579855567614E-4 	 0.0016036032764766253 	 2.2747810886164572E-4 	 0.00157096826100898 	 3.4530579855567614E-4 	 0.0016036032764766253 	 
-0.3599999999999999 	 2.3796766588277858E-4 	 0.0016194077104747235 	 3.6107087277113304E-4 	 0.0015959794301545918 	 2.3796766588277858E-4 	 0.0016194077104747235 	 3.6107087277113304E-4 	 0.0015959794301545918 	 
-0.33599999999999985 	 2.608660779705378E-4 	 0.001670477977591372 	 3.8880885865294414E-4 	 0.0015376372825350742 	 2.608660779705378E-4 	 0.001670477977591372 	 3.8880885865294414E-4 	 0.0015376372825350742 	 
-0.31199999999999983 	 2.669365482511253E-4 	 0.0016893169540064543 	 3.982789466880212E-4 	 0.0014590155897419347 	 2.669365482511253E-4 	 0.0016893169540064543 	 3.982789466880212E-4 	 0.0014590155897419347 	 
-0.2879999999999998 	 2.899857951455461E-4 	 0.001734958839782285 	 4.251925814153556E-4 	 0.0014484695037685043 	 2.899857951455461E-4 	 0.001734958839782285 	 4.251925814153556E-4 	 0.0014484695037685043 	 
-0.2639999999999998 	 2.5513585279883695E-4 	 0.0017512255426341413 	 3.973897233701653E-4 	 0.001405066322945261 	 2.5513585279883695E-4 	 0.0017512255426341413 	 3.973897233701653E-4 	 0.001405066322945261 	 
-0.23999999999999977 	 2.627053833421348E-4 	 0.0018069340773661075 	 4.117211969388055E-4 	 0.0013755336867856422 	 2.627053833421348E-4 	 0.0018069340773661075 	 4.117211969388055E-4 	 0.0013755336867856422 	 
-0.21599999999999975 	 3.0013731382703425E-4 	 0.0018668754532081243 	 4.5322968661116314E-4 	 0.0013636319626417742 	 3.0013731382703425E-4 	 0.0018668754532081243 	 4.5322968661116314E-4 	 0.0013636319626417742 	 
-0.19199999999999973 	 3.1037777341224725E-4 	 0.001912186469252709 	 4.69049352306205E-4 	 0.0013297892399684722 	 3.1037777341224725E-4 	 0.001912186469252709 	 4.69049352306205E-4 	 0.0013297892399684722 	 
-0.16800000000000015 	 3.280972412114032E-4 	 0.001979992927164171 	 4.938380014684734E-4 	 0.0012942809296829815 	 3.280972412114032E-4 	 0.001979992927164171 	 4.938380014684734E-4 	 0.0012942809296829815 	 
-0.14400000000000013 	 3.253446482123392E-4 	 0.0020254696399442176 	 4.977797066240527E-4 	 0.0012798298136722952 	 3.253446482123392E-4 	 0.0020254696399442176 	 4.977797066240527E-4 	 0.0012798298136722952 	 
-0.1200000000000001 	 3.3635023859231465E-4 	 0.002073383183199051 	 5.143156384948438E-4 	 0.001265898992238066 	 3.3635023859231465E-4 	 0.002073383183199051 	 5.143156384948438E-4 	 0.001265898992238066 	 
-0.09600000000000009 	 3.489119149279628E-4 	 0.0021400056317172054 	 5.343675367206546E-4 	 0.0012399285135223745 	 3.489119149279628E-4 	 0.0021400056317172054 	 5.343675367206546E-4 	 0.0012399285135223745 	 
-0.07200000000000006 	 4.026007382151048E-4 	 0.0022251156465630494 	 5.932434257967234E-4 	 0.0012245611619834708 	 4.026007382151048E-4 	 0.0022251156465630494 	 5.932434257967234E-4 	 0.0012245611619834708 	 
-0.04800000000000004 	 3.877596649340012E-4 	 0.0022682438105205453 	 5.86006197078597E-4 	 0.0012124515274741703 	 3.877596649340012E-4 	 0.0022682438105205453 	 5.86006197078597E-4 	 0.0012124515274741703 	 
-0.02400000000000002 	 4.037109405046674E-4 	 0.0023223789662755088 	 6.078440630679735E-4 	 0.0011606225939815142 	 4.037109405046674E-4 	 0.0023223789662755088 	 6.078440630679735E-4 	 0.0011606225939815142 	 
0.0 	 4.356474819602924E-4 	 0.0024218419629220824 	 6.48603517856487E-4 	 0.0011435696677876723 	 4.356474819602924E-4 	 0.0024218419629220824 	 6.48603517856487E-4 	 0.0011435696677876723 	 
0.02400000000000002 	 4.2717642927496673E-4 	 0.002485813891957953 	 6.493545244256483E-4 	 0.0011110822478898187 	 4.2717642927496673E-4 	 0.002485813891957953 	 6.493545244256483E-4 	 0.0011110822478898187 	 
0.04800000000000004 	 4.4886562778407094E-4 	 0.002555891435850653 	 6.777739276636776E-4 	 0.0010907277004978924 	 4.4886562778407094E-4 	 0.002555891435850653 	 6.777739276636776E-4 	 0.0010907277004978924 	 
0.07200000000000006 	 4.884230673329106E-4 	 0.002669903191121381 	 7.268911822345324E-4 	 0.0010738916517584777 	 4.884230673329106E-4 	 0.002669903191121381 	 7.268911822345324E-4 	 0.0010738916517584777 	 
0.09600000000000009 	 5.070137563040799E-4 	 0.0027867443937936937 	 7.575188348549341E-4 	 0.0010600681461772085 	 5.070137563040799E-4 	 0.0027867443937936937 	 7.575188348549341E-4 	 0.0010600681461772085 	 
0.1200000000000001 	 5.498705085488678E-4 	 0.0029217493951721003 	 8.118864949500315E-4 	 0.0010389966848128108 	 5.498705085488678E-4 	 0.0029217493951721003 	 8.118864949500315E-4 	 0.0010389966848128108 	 
0.14400000000000013 	 5.903734519367614E-4 	 0.003039068112991278 	 8.620220183148184E-4 	 0.0010245975841093379 	 5.903734519367614E-4 	 0.003039068112991278 	 8.620220183148184E-4 	 0.0010245975841093379 	 
0.16800000000000015 	 6.510404727596126E-4 	 0.003226494604928129 	 9.38035666610381E-4 	 0.001012576950967569 	 6.510404727596126E-4 	 0.003226494604928129 	 9.38035666610381E-4 	 0.001012576950967569 	 
0.19200000000000017 	 6.826114834125647E-4 	 0.0033898695667851156 	 9.849584216953795E-4 	 0.0010144904183883362 	 6.826114834125647E-4 	 0.0033898695667851156 	 9.849584216953795E-4 	 0.0010144904183883362 	 
0.2160000000000002 	 7.215896943429444E-4 	 0.003539329562163754 	 0.0010371536125796334 	 9.861127306945556E-4 	 7.215896943429444E-4 	 0.003539329562163754 	 0.0010371536125796334 	 9.861127306945556E-4 	 
0.2400000000000002 	 8.372243511774022E-4 	 0.0038090776680793138 	 0.0011711746069674284 	 9.911503683464207E-4 	 8.372243511774022E-4 	 0.0038090776680793138 	 0.0011711746069674284 	 9.911503683464207E-4 	 
0.26400000000000023 	 8.724908962837185E-4 	 0.004005422282077359 	 0.0012248644599935762 	 9.966631769010796E-4 	 8.724908962837185E-4 	 0.004005422282077359 	 0.0012248644599935762 	 9.966631769010796E-4 	 
0.28800000000000026 	 9.92173929908122E-4 	 0.00429595968528048 	 0.0013647901688158299 	 9.756341807241181E-4 	 9.92173929908122E-4 	 0.00429595968528048 	 0.0013647901688158299 	 9.756341807241181E-4 	 
0.3120000000000003 	 0.0011089100502467372 	 0.004579975078405374 	 0.0015012297220141774 	 9.624300434181137E-4 	 0.0011089100502467372 	 0.004579975078405374 	 0.0015012297220141774 	 9.624300434181137E-4 	 
0.33599999999999985 	 0.0012774706274283672 	 0.00492819325623937 	 0.0016912085011548934 	 9.708414809589183E-4 	 0.0012774706274283672 	 0.00492819325623937 	 0.0016912085011548934 	 9.708414809589183E-4 	 
0.3599999999999999 	 0.001636499335900673 	 0.0054708853818046625 	 0.002073587471427695 	 9.72370939787583E-4 	 0.001636499335900673 	 0.0054708853818046625 	 0.002073587471427695 	 9.72370939787583E-4 	 
0.3839999999999999 	 0.0018978563312255525 	 0.005942218744766145 	 0.00236051154001548 	 9.503813114334428E-4 	 0.0018978563312255525 	 0.005942218744766145 	 0.00236051154001548 	 9.503813114334428E-4 	 
0.4079999999999999 	 0.00243802842537904 	 0.006662880316075218 	 0.0029252765611073595 	 9.64042831136676E-4 	 0.00243802842537904 	 0.006662880316075218 	 0.0029252765611073595 	 9.64042831136676E-4 	 
0.43199999999999994 	 0.003103886488167101 	 0.007493370788022999 	 0.0036150900309801738 	 9.655155888205622E-4 	 0.003103886488167101 	 0.007493370788022999 	 0.0036150900309801738 	 9.655155888205622E-4 	 
0.45599999999999996 	 0.004077606176828385 	 0.008538731615423841 	 0.00460519371415861 	 9.623926681601246E-4 	 0.004077606176828385 	 0.008538731615423841 	 0.00460519371415861 	 9.623926681601246E-4 	 
0.48 	 0.005457818950721978 	 0.009981853934276504 	 0.006004435996655905 	 9.909817751215903E-4 	 0.005457818950721978 	 0.009981853934276504 	 0.006004435996655905 	 9.909817751215903E-4 	 
0.504 	 0.007271496579441478 	 0.011662956403695728 	 0.007819405839184274 	 0.001005461081919289 	 0.007271496579441478 	 0.011662956403695728 	 0.007819405839184274 	 0.001005461081919289 	 
0.528 	 0.009579398073858927 	 0.01375747170685581 	 0.010124239329880508 	 0.0010455082144931464 	 0.009579398073858927 	 0.01375747170685581 	 0.010124239329880508 	 0.0010455082144931464 	 
0.552 	 0.012891983311295175 	 0.016455209451576826 	 0.013397977772864883 	 0.0010916204395059078 	 0.012891983311295175 	 0.016455209451576826 	 0.013397977772864883 	 0.0010916204395059078 	 
0.5760000000000001 	 0.016794812972585022 	 0.01949518583794296 	 0.017239725454619874 	 0.0011431384309222752 	 0.016794812972585022 	 0.01949518583794296 	 0.017239725454619874 	 0.0011431384309222752 	 
0.6000000000000001 	 0.021579808231992494 	 0.023033316131238962 	 0.02192868980727341 	 0.0012223592179675426 	 0.021579808231992494 	 0.023033316131238962 	 0.02192868980727341 	 0.0012223592179675426 	 
0.6240000000000001 	 0.02708727752426416 	 0.0267774234885185 	 0.02728889575156216 	 0.0012791579130902772 	 0.02708727752426416 	 0.0267774234885185 	 0.02728889575156216 	 0.0012791579130902772 	 
0.6480000000000001 	 0.032386836380868755 	 0.03036795548216972 	 0.032445496395938425 	 0.0013474095258008683 	 0.032386836380868755 	 0.03036795548216972 	 0.032445496395938425 	 0.0013474095258008683 	 
0.6720000000000002 	 0.03754185012766776 	 0.033757563734444655 	 0.03745024038182322 	 0.0014007233908808886 	 0.03754185012766776 	 0.033757563734444655 	 0.03745024038182322 	 0.0014007233908808886 	 
0.6960000000000002 	 0.042525275050942966 	 0.03683132238381206 	 0.042265730048238165 	 0.0014454250705180293 	 0.042525275050942966 	 0.03683132238381206 	 0.042265730048238165 	 0.0014454250705180293 	 
0.7200000000000002 	 0.04730990782311369 	 0.03962540322391619 	 0.04687156192240925 	 0.001483866252028674 	 0.04730990782311369 	 0.03962540322391619 	 0.04687156192240925 	 0.001483866252028674 	 
0.7440000000000002 	 0.0520966595143798 	 0.04205984028865614 	 0.05143833619242862 	 0.0015125135234096366 	 0.0520966595143798 	 0.04205984028865614 	 0.05143833619242862 	 0.0015125135234096366 	 
0.7680000000000002 	 0.05445311687627954 	 0.0429255313342358 	 0.05364966101501801 	 0.0015076681799941177 	 0.05445311687627954 	 0.0429255313342358 	 0.05364966101501801 	 0.0015076681799941177 	 
0.7920000000000003 	 0.055117950713615464 	 0.04274550289466416 	 0.05422687236144492 	 0.0014539651848691933 	 0.055117950713615464 	 0.04274550289466416 	 0.05422687236144492 	 0.0014539651848691933 	 
0.8160000000000003 	 0.05564952585069947 	 0.04231632002874937 	 0.054655894401036825 	 0.0014111361063363621 	 0.05564952585069947 	 0.04231632002874937 	 0.054655894401036825 	 0.0014111361063363621 	 
0.8399999999999999 	 0.05483166463891037 	 0.040907424389751264 	 0.053764868802351005 	 0.0013391812155967692 	 0.05483166463891037 	 0.040907424389751264 	 0.053764868802351005 	 0.0013391812155967692 	 
0.8639999999999999 	 0.05275781480133632 	 0.03870172968653266 	 0.051657542193562674 	 0.0012466239057595657 	 0.05275781480133632 	 0.03870172968653266 	 0.051657542193562674 	 0.0012466239057595657 	 
0.8879999999999999 	 0.048949305644538046 	 0.035556131579462025 	 0.04788920425581383 	 0.001136608546655594 	 0.048949305644538046 	 0.035556131579462025 	 0.04788920425581383 	 0.001136608546655594 	 
0.9119999999999999 	 0.04481487592821533 	 0.03223357267021193 	 0.04380870988003447 	 0.0010202125862955132 	 0.04481487592821533 	 0.03223357267021193 	 0.04380870988003447 	 0.0010202125862955132 	 
0.9359999999999999 	 0.040772560341583025 	 0.028931173536459458 	 0.03981246924883617 	 9.119601450520375E-4 	 0.040772560341583025 	 0.028931173536459458 	 0.03981246924883617 	 9.119601450520375E-4 	 
0.96 	 0.035151323727619414 	 0.024945718716603338 	 0.03432431492434389 	 7.82823558207359E-4 	 0.035151323727619414 	 0.024945718716603338 	 0.03432431492434389 	 7.82823558207359E-4 	 
0.984 	 0.0313599957850678 	 0.021935231645776324 	 0.030585863437954736 	 6.869349827048994E-4 	 0.0313599957850678 	 0.021935231645776324 	 0.030585863437954736 	 6.869349827048994E-4 	 
1.008 	 0.02644066784415025 	 0.01844034375726624 	 0.02578176434449141 	 5.802858822245064E-4 	 0.02644066784415025 	 0.01844034375726624 	 0.02578176434449141 	 5.802858822245064E-4 	 
1.032 	 0.02165579851899443 	 0.01524421750289655 	 0.021132133442936896 	 4.7917223090301317E-4 	 0.02165579851899443 	 0.01524421750289655 	 0.021132133442936896 	 4.7917223090301317E-4 	 
1.056 	 0.018734982286249178 	 0.01304948652516157 	 0.018266113943545298 	 4.109162751421793E-4 	 0.018734982286249178 	 0.01304948652516157 	 0.018266113943545298 	 4.109162751421793E-4 	 
1.08 	 0.015159637356766823 	 0.010701429419435913 	 0.014796394251846222 	 3.390564262242519E-4 	 0.015159637356766823 	 0.010701429419435913 	 0.014796394251846222 	 3.390564262242519E-4 	 
1.104 	 0.01307436892026119 	 0.009190536639386439 	 0.012756559926515396 	 2.918946151188908E-4 	 0.01307436892026119 	 0.009190536639386439 	 0.012756559926515396 	 2.918946151188908E-4 	 
1.1280000000000001 	 0.010839073352228975 	 0.007656416423524629 	 0.010579916968420658 	 2.423244569223129E-4 	 0.010839073352228975 	 0.007656416423524629 	 0.010579916968420658 	 2.423244569223129E-4 	 
1.1520000000000001 	 0.00915773182343033 	 0.006534855433470827 	 0.00894617645539349 	 2.1499427295494454E-4 	 0.00915773182343033 	 0.006534855433470827 	 0.00894617645539349 	 2.1499427295494454E-4 	 
1.1760000000000002 	 0.008119256893671592 	 0.005722680877402388 	 0.007923683842010537 	 1.8308119437123499E-4 	 0.008119256893671592 	 0.005722680877402388 	 0.007923683842010537 	 1.8308119437123499E-4 	 
1.2000000000000002 	 0.0068680585510980455 	 0.004853965820116034 	 0.006704182299993656 	 1.534751556790043E-4 	 0.0068680585510980455 	 0.004853965820116034 	 0.006704182299993656 	 1.534751556790043E-4 	 
1.2240000000000002 	 0.006080622315544781 	 0.00422960193768 	 0.005927752443562996 	 1.3465211136166414E-4 	 0.006080622315544781 	 0.00422960193768 	 0.005927752443562996 	 1.3465211136166414E-4 	 
1.2480000000000002 	 0.004718769410166696 	 0.003386402651249808 	 0.004612007559442553 	 1.080978716435821E-4 	 0.004718769410166696 	 0.003386402651249808 	 0.004612007559442553 	 1.080978716435821E-4 	 
1.2720000000000002 	 0.004400864739839174 	 0.00307398858033569 	 0.004291687516310166 	 9.83111912937197E-5 	 0.004400864739839174 	 0.00307398858033569 	 0.004291687516310166 	 9.83111912937197E-5 	 
1.2960000000000003 	 0.0035345163713971506 	 0.002497614709410242 	 0.0034501024259289263 	 8.007979895763326E-5 	 0.0035345163713971506 	 0.002497614709410242 	 0.0034501024259289263 	 8.007979895763326E-5 	 
1.3200000000000003 	 0.0029797459080014364 	 0.0021279337205067266 	 0.0029111240946427448 	 6.791340746229292E-5 	 0.0029797459080014364 	 0.0021279337205067266 	 0.0029111240946427448 	 6.791340746229292E-5 	 
1.3440000000000003 	 0.0028124569538095284 	 0.001921792401763067 	 0.002737780074279279 	 6.225388241132336E-5 	 0.0028124569538095284 	 0.001921792401763067 	 0.002737780074279279 	 6.225388241132336E-5 	 
1.3680000000000003 	 0.0019435020191605028 	 0.0014049338009421168 	 0.001900609290221212 	 4.596570558634004E-5 	 0.0019435020191605028 	 0.0014049338009421168 	 0.001900609290221212 	 4.596570558634004E-5 	 
1.3920000000000003 	 0.001748729968031453 	 0.0012585045394079596 	 0.0017094598532327264 	 4.1394731450321004E-5 	 0.001748729968031453 	 0.0012585045394079596 	 0.0017094598532327264 	 4.1394731450321004E-5 	 
1.4160000000000004 	 0.0015007742181976384 	 0.0010797546262653467 	 0.0014670399644211862 	 3.572241293547516E-5 	 0.0015007742181976384 	 0.0010797546262653467 	 0.0014670399644211862 	 3.572241293547516E-5 	 
1.4400000000000004 	 0.0012329333607822258 	 9.131065373968855E-4 	 0.0012081703733036048 	 3.0102548697984442E-5 	 0.0012329333607822258 	 9.131065373968855E-4 	 0.0012081703733036048 	 3.0102548697984442E-5 	 
1.4640000000000004 	 0.0011369597257819965 	 8.410075848239252E-4 	 0.0011140060504847885 	 2.799848943876205E-5 	 0.0011369597257819965 	 8.410075848239252E-4 	 0.0011140060504847885 	 2.799848943876205E-5 	 
1.4880000000000004 	 0.001015832852976846 	 7.608267940222115E-4 	 9.964195473337084E-4 	 2.473290409257935E-5 	 0.001015832852976846 	 7.608267940222115E-4 	 9.964195473337084E-4 	 2.473290409257935E-5 	 
1.5120000000000005 	 0.0010433132022919802 	 7.402545570439939E-4 	 0.001018715101153422 	 2.3721404016877972E-5 	 0.0010433132022919802 	 7.402545570439939E-4 	 0.001018715101153422 	 2.3721404016877972E-5 	 
1.5360000000000005 	 8.489728932253524E-4 	 6.213742459949419E-4 	 8.311153495837712E-4 	 2.0157879723131778E-5 	 8.489728932253524E-4 	 6.213742459949419E-4 	 8.311153495837712E-4 	 2.0157879723131778E-5 	 
1.5600000000000005 	 8.122695221922233E-4 	 5.810302927180749E-4 	 7.936487608801601E-4 	 1.8609566422160858E-5 	 8.122695221922233E-4 	 5.810302927180749E-4 	 7.936487608801601E-4 	 1.8609566422160858E-5 	 
1.5840000000000005 	 7.044322697374434E-4 	 4.97615579075778E-4 	 6.875805597537217E-4 	 1.5922385937275405E-5 	 7.044322697374434E-4 	 4.97615579075778E-4 	 6.875805597537217E-4 	 1.5922385937275405E-5 	 
1.6080000000000005 	 5.603222996318479E-4 	 4.111647160968623E-4 	 5.486569766829312E-4 	 1.3108293195649005E-5 	 5.603222996318479E-4 	 4.111647160968623E-4 	 5.486569766829312E-4 	 1.3108293195649005E-5 	 
1.6319999999999997 	 5.507892001469663E-4 	 3.9026281002727485E-4 	 5.377495726669406E-4 	 1.2442254154563333E-5 	 5.507892001469663E-4 	 3.9026281002727485E-4 	 5.377495726669406E-4 	 1.2442254154563333E-5 	 
1.6559999999999997 	 4.7631972032188683E-4 	 3.3682226307887197E-4 	 4.649662285560021E-4 	 1.0673233887508283E-5 	 4.7631972032188683E-4 	 3.3682226307887197E-4 	 4.649662285560021E-4 	 1.0673233887508283E-5 	 
1.6799999999999997 	 3.847505956823221E-4 	 2.7754670646958595E-4 	 3.761967311951535E-4 	 8.869291024768314E-6 	 3.847505956823221E-4 	 2.7754670646958595E-4 	 3.761967311951535E-4 	 8.869291024768314E-6 	 
1.7039999999999997 	 3.1662017634288006E-4 	 2.3802931017124314E-4 	 3.1069160921521363E-4 	 7.530827970999026E-6 	 3.1662017634288006E-4 	 2.3802931017124314E-4 	 3.1069160921521363E-4 	 7.530827970999026E-6 	 
1.7279999999999998 	 3.8411593597369664E-4 	 2.5856274938762286E-4 	 3.734869378838326E-4 	 7.965490323031728E-6 	 3.8411593597369664E-4 	 2.5856274938762286E-4 	 3.734869378838326E-4 	 7.965490323031728E-6 	 
1.7519999999999998 	 2.7540975128460154E-4 	 1.8970269735564416E-4 	 2.6827283067496394E-4 	 6.011050848500446E-6 	 2.7540975128460154E-4 	 1.8970269735564416E-4 	 2.6827283067496394E-4 	 6.011050848500446E-6 	 
1.7759999999999998 	 1.8986371819301105E-4 	 1.4104388707321383E-4 	 1.8611723217843863E-4 	 4.3505990564750545E-6 	 1.8986371819301105E-4 	 1.4104388707321383E-4 	 1.8611723217843863E-4 	 4.3505990564750545E-6 	 
1.7999999999999998 	 2.219657104871175E-4 	 1.4988540540848336E-4 	 2.1587587305993186E-4 	 4.747898072045761E-6 	 2.219657104871175E-4 	 1.4988540540848336E-4 	 2.1587587305993186E-4 	 4.747898072045761E-6 	 
1.8239999999999998 	 1.586000444253293E-4 	 1.1153765046100896E-4 	 1.5475323743801552E-4 	 3.5545672401919885E-6 	 1.586000444253293E-4 	 1.1153765046100896E-4 	 1.5475323743801552E-4 	 3.5545672401919885E-6 	 
1.8479999999999999 	 1.3187690300488165E-4 	 9.309619723016867E-5 	 1.2871754113725733E-4 	 2.9433130494241336E-6 	 1.3187690300488165E-4 	 9.309619723016867E-5 	 1.2871754113725733E-4 	 2.9433130494241336E-6 	 
1.8719999999999999 	 1.0162622602578341E-4 	 7.491587135536015E-5 	 9.95519690924259E-5 	 2.4689512942467565E-6 	 1.0162622602578341E-4 	 7.491587135536015E-5 	 9.95519690924259E-5 	 2.4689512942467565E-6 	 
1.896 	 1.0088529351158089E-4 	 7.159527822508665E-5 	 9.851492101903712E-5 	 2.1913515379519805E-6 	 1.0088529351158089E-4 	 7.159527822508665E-5 	 9.851492101903712E-5 	 2.1913515379519805E-6 	 
1.92 	 1.1247040679020006E-4 	 7.09181293927619E-5 	 1.0880847195068057E-4 	 2.227425904524489E-6 	 1.1247040679020006E-4 	 7.09181293927619E-5 	 1.0880847195068057E-4 	 2.227425904524489E-6 	 
1.944 	 5.1032987663218384E-5 	 3.582199426009546E-5 	 4.9781352626982135E-5 	 1.2507240959967926E-6 	 5.1032987663218384E-5 	 3.582199426009546E-5 	 4.9781352626982135E-5 	 1.2507240959967926E-6 	 
1.968 	 3.059410407367334E-5 	 2.580042419444821E-5 	 3.0331493570274632E-5 	 8.752206882700868E-7 	 3.059410407367334E-5 	 2.580042419444821E-5 	 3.0331493570274632E-5 	 8.752206882700868E-7 	 
1.992 	 3.74393098394262E-5 	 2.959306184229478E-5 	 3.689721200869324E-5 	 1.0563119839184523E-6 	 3.74393098394262E-5 	 2.959306184229478E-5 	 3.689721200869324E-5 	 1.0563119839184523E-6 	 
2.016 	 3.237799091383764E-5 	 2.7666001306879388E-5 	 3.214750879563301E-5 	 8.859308681370874E-7 	 3.237799091383764E-5 	 2.7666001306879388E-5 	 3.214750879563301E-5 	 8.859308681370874E-7 	 
2.04 	 4.62778374612612E-5 	 3.368583376062163E-5 	 4.5287449431924465E-5 	 1.0151409049770228E-6 	 4.62778374612612E-5 	 3.368583376062163E-5 	 4.5287449431924465E-5 	 1.0151409049770228E-6 	 
2.064 	 4.673467597884959E-5 	 3.366656146615329E-5 	 4.56951336160298E-5 	 1.0481281199026167E-6 	 4.673467597884959E-5 	 3.366656146615329E-5 	 4.56951336160298E-5 	 1.0481281199026167E-6 	 
2.088 	 5.610127185352255E-5 	 3.4855293981230395E-5 	 5.421881371130568E-5 	 1.0541638093682536E-6 	 5.610127185352255E-5 	 3.4855293981230395E-5 	 5.421881371130568E-5 	 1.0541638093682536E-6 	 
2.112 	 2.5587038433818053E-5 	 1.7469497270970086E-5 	 2.4906235454474902E-5 	 5.815004851739187E-7 	 2.5587038433818053E-5 	 1.7469497270970086E-5 	 2.4906235454474902E-5 	 5.815004851739187E-7 	 
2.136 	 1.7924288303246263E-5 	 1.2804048695075117E-5 	 1.7510342851562943E-5 	 4.0595334581263247E-7 	 1.7924288303246263E-5 	 1.2804048695075117E-5 	 1.7510342851562943E-5 	 4.0595334581263247E-7 	 
2.16 	 1.657351705803314E-5 	 1.099890474954764E-5 	 1.609567484245638E-5 	 3.4622582493871483E-7 	 1.657351705803314E-5 	 1.099890474954764E-5 	 1.609567484245638E-5 	 3.4622582493871483E-7 	 
2.184 	 9.451265830595375E-6 	 7.699304493930326E-6 	 9.338577227937551E-6 	 2.873796678573087E-7 	 9.451265830595375E-6 	 7.699304493930326E-6 	 9.338577227937551E-6 	 2.873796678573087E-7 	 
2.208 	 8.872521198172263E-6 	 7.130111274485621E-6 	 8.754893355524503E-6 	 2.6584449999652597E-7 	 8.872521198172263E-6 	 7.130111274485621E-6 	 8.754893355524503E-6 	 2.6584449999652597E-7 	 
2.232 	 3.3093074210684906E-6 	 4.642638818500326E-6 	 3.492448857075701E-6 	 1.4009903179312337E-7 	 3.3093074210684906E-6 	 4.642638818500326E-6 	 3.492448857075701E-6 	 1.4009903179312337E-7 	 
2.2560000000000002 	 1.7015218141055277E-5 	 1.1838901180452362E-5 	 1.658695252055451E-5 	 3.7856391964815824E-7 	 1.7015218141055277E-5 	 1.1838901180452362E-5 	 1.658695252055451E-5 	 3.7856391964815824E-7 	 
2.2800000000000002 	 9.840822038295458E-6 	 7.903733685551075E-6 	 9.712488957528793E-6 	 2.51990690346585E-7 	 9.840822038295458E-6 	 7.903733685551075E-6 	 9.712488957528793E-6 	 2.51990690346585E-7 	 
2.3040000000000003 	 1.0237182492172888E-5 	 7.724978425624272E-6 	 1.0050411780928505E-5 	 2.1335602511037533E-7 	 1.0237182492172888E-5 	 7.724978425624272E-6 	 1.0050411780928505E-5 	 2.1335602511037533E-7 	 
2.3280000000000003 	 1.6309622025165705E-5 	 1.0333059641091888E-5 	 1.5784040384955003E-5 	 3.062555155679246E-7 	 1.6309622025165705E-5 	 1.0333059641091888E-5 	 1.5784040384955003E-5 	 3.062555155679246E-7 	 
2.3520000000000003 	 8.722510328014624E-6 	 5.936805578462729E-6 	 8.48960468634317E-6 	 1.760638897895033E-7 	 8.722510328014624E-6 	 5.936805578462729E-6 	 8.48960468634317E-6 	 1.760638897895033E-7 	 
2.3760000000000003 	 8.110299520537779E-6 	 5.520065404891889E-6 	 7.89203876285156E-6 	 1.7175369966408716E-7 	 8.110299520537779E-6 	 5.520065404891889E-6 	 7.89203876285156E-6 	 1.7175369966408716E-7 	 
2.4000000000000004 	 1.2146568581443964E-6 	 1.8964822502991392E-6 	 1.3043429247054855E-6 	 5.6298534728181013E-8 	 1.2146568581443964E-6 	 1.8964822502991392E-6 	 1.3043429247054855E-6 	 5.6298534728181013E-8 	 
2.4240000000000004 	 3.4532810945501723E-6 	 4.055471301099463E-6 	 3.5566050398336195E-6 	 9.711122440500702E-8 	 3.4532810945501723E-6 	 4.055471301099463E-6 	 3.5566050398336195E-6 	 9.711122440500702E-8 	 
2.4480000000000004 	 2.1720043363104223E-5 	 1.1471167529224289E-5 	 2.0762465363341855E-5 	 3.266900881932657E-7 	 2.1720043363104223E-5 	 1.1471167529224289E-5 	 2.0762465363341855E-5 	 3.266900881932657E-7 	 
2.4720000000000004 	 0.0 	 0.0 	 0.0 	 0.0 	 0.0 	 0.0 	 0.0 	 0.0 	 
2.4960000000000004 	 0.0 	 0.0 	 0.0 	 0.0 	 0.0 	 0.0 	 0.0 	 0.0 	 
2.5200000000000005 	 0.0 	 0.0 	 0.0 	 0.0 	 0.0 	 0.0 	 0.0 	 0.0 	 
2.5440000000000005 	 0.0 	 0.0 	 0.0 	 0.0 	 0.0 	 0.0 	 0.0 	 0.0 	 
2.5680000000000005 	 0.0 	 0.0 	 0.0 	 0.0 	 0.0 	 0.0 	 0.0 	 0.0 	 
2.5920000000000005 	 0.0 	 0.0 	 0.0 	 0.0 	 0.0 	 0.0 	 0.0 	 0.0 	 
2.6160000000000005 	 0.0 	 0.0 	 0.0 	 0.0 	 0.0 	 0.0 	 0.0 	 0.0 	 
2.6399999999999997 	 0.0 	 0.0 	 0.0 	 0.0 	 0.0 	 0.0 	 0.0 	 0.0 	 
2.6639999999999997 	 0.0 	 0.0 	 0.0 	 0.0 	 0.0 	 0.0 	 0.0 	 0.0 	 
2.6879999999999997 	 0.0 	 0.0 	 0.0 	 0.0 	 0.0 	 0.0 	 0.0 	 0.0 	 
2.7119999999999997 	 0.0 	 0.0 	 0.0 	 0.0 	 0.0 	 0.0 	 0.0 	 0.0 	 
2.7359999999999998 	 0.0 	 0.0 	 0.0 	 0.0 	 0.0 	 0.0 	 0.0 	 0.0 	 
2.76 	 0.0 	 0.0 	 0.0 	 0.0 	 0.0 	 0.0 	 0.0 	 0.0 	 
2.784 	 0.0 	 0.0 	 0.0 	 0.0 	 0.0 	 0.0 	 0.0 	 0.0 	 
2.808 	 0.0 	 0.0 	 0.0 	 0.0 	 0.0 	 0.0 	 0.0 	 0.0 	 
2.832 	 0.0 	 0.0 	 0.0 	 0.0 	 0.0 	 0.0 	 0.0 	 0.0 	 
2.856 	 0.0 	 0.0 	 0.0 	 0.0 	 0.0 	 0.0 	 0.0 	 0.0 	 
2.88 	 0.0 	 0.0 	 0.0 	 0.0 	 0.0 	 0.0 	 0.0 	 0.0 	 
2.904 	 0.0 	 0.0 	 0.0 	 0.0 	 0.0 	 0.0 	 0.0 	 0.0 	 
2.928 	 0.0 	 0.0 	 0.0 	 0.0 	 0.0 	 0.0 	 0.0 	 0.0 	 
2.952 	 0.0 	 0.0 	 0.0 	 0.0 	 0.0 	 0.0 	 0.0 	 0.0 	 
2.976 	 0.0 	 0.0 	 0.0 	 0.0 	 0.0 	 0.0 	 0.0 	 0.0 	 
