-3.0 	 0.01291732602692713 	 0.01206117060074062 	 0.012875603725813206 	 0.010926384629241094 	 0.01255013749384483 	 0.011363020501033048 	 0.012490958846297046 	 4.657054189750365E-4 	 
-2.976 	 2.4819409554061994E-5 	 1.2303486301279385E-4 	 3.5685239865189487E-5 	 8.475460817516291E-4 	 2.175471979689339E-4 	 4.678154813264728E-4 	 2.3336719391981651E-4 	 1.2251814035740805E-4 	 
-2.952 	 0.0014209783905252452 	 0.0013650656884086113 	 0.0014204120410628868 	 0.001435775488211024 	 0.0014367563709625256 	 0.0013721961122462637 	 0.0014358571202678593 	 1.106462834853695E-4 	 
-2.928 	 2.118613704614086E-4 	 2.401639420442171E-4 	 2.1565062300780478E-4 	 4.466580671238563E-4 	 2.6545030381799336E-4 	 3.253463902613505E-4 	 2.7071478427831956E-4 	 1.086427797630667E-4 	 
-2.904 	 0.0125145278990917 	 0.011690372167077842 	 0.012474605739262219 	 0.010617708258318363 	 0.012164576863959118 	 0.01102606983881993 	 0.01210793237853107 	 4.7235076196108815E-4 	 
-2.88 	 2.2711644813772834E-4 	 3.140106267560442E-4 	 2.375631256810563E-4 	 0.0010311794948728512 	 4.188479596431766E-4 	 6.538112506684669E-4 	 4.340903551945653E-4 	 1.2242349565249447E-4 	 
-2.856 	 6.154404272278234E-4 	 6.213864564892104E-4 	 6.183343027586014E-4 	 8.046498321943728E-4 	 6.689085120485106E-4 	 6.891508520192491E-4 	 6.72878774648641E-4 	 1.2683945480590643E-4 	 
-2.832 	 0.012316360597471633 	 0.011517812141682996 	 0.012278466231842193 	 0.010527508848024864 	 0.011987797109984166 	 0.010890695425819106 	 0.01193398070539379 	 4.954033425567897E-4 	 
-2.808 	 2.2768564384543816E-4 	 3.1790682653916E-4 	 2.3844684929187575E-4 	 0.0010468171554000318 	 4.198686254360592E-4 	 6.621280258384514E-4 	 4.3550874572332004E-4 	 1.264513393843049E-4 	 
-2.784 	 0.001422637739220952 	 0.0013742047611951537 	 0.0014228349133889272 	 0.0014813031963548328 	 0.001450540320455887 	 0.0013955750272202452 	 0.0014506820802087572 	 1.446546610406166E-4 	 
-2.76 	 0.015747569479989763 	 0.014722820519950225 	 0.01569869080232341 	 0.013449077058491648 	 0.015327321876133476 	 0.013918797993059296 	 0.0152579831316859 	 6.238978274951421E-4 	 
-2.7359999999999998 	 0.0018473909718106495 	 0.0018496482923379275 	 0.0018550900622605403 	 0.002597686293670276 	 0.0020406912808181065 	 0.0021854521837579317 	 0.00205216314767461 	 2.058016068502851E-4 	 
-2.7119999999999997 	 4.1812482282226754E-4 	 4.548501646622698E-4 	 4.235879692035919E-4 	 7.754365935005942E-4 	 5.113958520885555E-4 	 5.897435446653532E-4 	 5.190643229666193E-4 	 1.4752151381220116E-4 	 
-2.688 	 0.01252085687045834 	 0.011719971314461545 	 0.012483491308425548 	 0.010770757207362577 	 0.012203939025548423 	 0.011108978073930728 	 0.01215085924053032 	 5.070343833907437E-4 	 
-2.664 	 0.001441021269622573 	 0.0014610932067236325 	 0.0014488347394210565 	 0.002128133194998265 	 0.0016130158350225268 	 0.0017581697679289188 	 0.0016244325228824017 	 2.216636152593678E-4 	 
-2.64 	 0.016155717614902275 	 0.01512747014809248 	 0.01610794991178519 	 0.013948872909733375 	 0.015766716321157483 	 0.014361983299320556 	 0.015698968483630147 	 6.515536506812315E-4 	 
-2.616 	 0.002259379149354977 	 0.0022691517034413066 	 0.0022694129377241676 	 0.003160259140224347 	 0.0024928433954407225 	 0.00265990669511968 	 0.002507548559436181 	 2.8020922206450954E-4 	 
-2.592 	 0.013943854242893277 	 0.013097018367499767 	 0.013906801004398379 	 0.012294138759282513 	 0.01367175519743646 	 0.012533137499988094 	 0.013619104896018993 	 6.404491809289587E-4 	 
-2.568 	 0.013961273940742303 	 0.013174472368499269 	 0.01393127857486234 	 0.012891438617503708 	 0.013814604639116462 	 0.012864927306610386 	 0.013772413069429062 	 6.616654257198224E-4 	 
-2.544 	 0.002262590516453503 	 0.0022932941945002063 	 0.0022746348919558783 	 0.0032460109981271544 	 0.0025095674997500862 	 0.0027046184329531536 	 0.002526877500949314 	 3.0806043590236154E-4 	 
-2.52 	 0.015764002787767583 	 0.014811831898563757 	 0.015722672254076385 	 0.013912713022313514 	 0.01544973906267318 	 0.014172052868695575 	 0.015390919815429626 	 7.378538648201759E-4 	 
-2.496 	 0.01860741170101465 	 0.017533354989426368 	 0.018564082110188136 	 0.01694151481857202 	 0.018352917183764337 	 0.017020033970659036 	 0.018291806139114842 	 8.625946156251624E-4 	 
-2.472 	 0.005900984042064911 	 0.0057106903929772775 	 0.0059037816837977375 	 0.00654188884311653 	 0.006100171688592383 	 0.006020257928076306 	 0.006104573581399066 	 4.3495578086285414E-4 	 
-2.448 	 0.019403270118664773 	 0.018235921804206367 	 0.01935344432972359 	 0.017245010751888497 	 0.01905135638916849 	 0.01750517176765829 	 0.018980656944033836 	 8.366329014966703E-4 	 
-2.424 	 0.013975965054601577 	 0.013251463262509765 	 0.013952984567029402 	 0.013397662427749304 	 0.013951300737270179 	 0.0131374344870822 	 0.01391916886578703 	 7.070653617679143E-4 	 
-2.4 	 0.016997035728419575 	 0.016052427762068066 	 0.01696196572517118 	 0.01574507217849029 	 0.016840070151165617 	 0.01568218443821793 	 0.016790561999979338 	 7.904818194749339E-4 	 
-2.376 	 0.01982854856731056 	 0.018717779188449996 	 0.019786703610201826 	 0.018311506409823274 	 0.019625934878377542 	 0.01826231779251021 	 0.01956687297970141 	 9.246034275377842E-4 	 
-2.352 	 0.020439578874832238 	 0.01931272642552416 	 0.02039840647414949 	 0.019026424332550983 	 0.02026640015675814 	 0.01890516975084486 	 0.020208383069608794 	 9.660577880323756E-4 	 
-2.328 	 0.025486520881104185 	 0.024031283529973926 	 0.025429726158979614 	 0.023347299316893496 	 0.025186490695215558 	 0.023371234121736334 	 0.025106367155098352 	 0.0011297328656317295 	 
-2.304 	 0.02025107181776525 	 0.01918885430636956 	 0.020216283861074796 	 0.019288600967032204 	 0.020188914459097287 	 0.01896605829402239 	 0.02014015704257646 	 0.0010206529497769367 	 
-2.2800000000000002 	 0.023476008762212345 	 0.022187122944075193 	 0.023429215472891653 	 0.02184941968750808 	 0.023280452863855803 	 0.02171109055411375 	 0.023214415407168232 	 0.0011101550700105144 	 
-2.2560000000000002 	 0.02207109343416904 	 0.02090693766948364 	 0.022032189675045222 	 0.0208939850009749 	 0.021967935043443444 	 0.020598688108119413 	 0.021913104906184817 	 0.0011273927781089404 	 
-2.232 	 0.03538789044293835 	 0.03332621264920673 	 0.03530424924502888 	 0.0320296292466109 	 0.034867483398046566 	 0.03223772323951764 	 0.034749088730346815 	 0.0015317292696909192 	 
-2.208 	 0.022499344162044587 	 0.02140941812447925 	 0.022470201303119813 	 0.02206491418869482 	 0.02255971861927385 	 0.021398481958479345 	 0.02251900107786115 	 0.0012301415116834074 	 
-2.184 	 0.022488436011931328 	 0.021368750640496415 	 0.022455401382149527 	 0.021620118629021048 	 0.022446174573270018 	 0.021138647101860104 	 0.022399243431374522 	 0.0012173949978963269 	 
-2.16 	 0.03984289085760365 	 0.037557420113771146 	 0.039752330548335574 	 0.03618974048577506 	 0.03927226818838248 	 0.0363339999715056 	 0.03914367433504996 	 0.0018046942241871128 	 
-2.136 	 0.03483085249303654 	 0.03301631666756227 	 0.034771472344605925 	 0.03307138783040487 	 0.03465692129495312 	 0.03252654500260198 	 0.03457307684027107 	 0.0017660779994962445 	 
-2.112 	 0.021923657520877264 	 0.021021178569703158 	 0.02191132248196624 	 0.022354466175057704 	 0.02215180315695846 	 0.021258548894704955 	 0.0221340759669851 	 0.0014333813234576119 	 
-2.088 	 0.03422154953472405 	 0.03245701531987817 	 0.03416393567903886 	 0.03218923815113448 	 0.03393815871231009 	 0.03173873274159106 	 0.03385534467220942 	 0.001839022697075456 	 
-2.064 	 0.028796674404467777 	 0.0274969849343217 	 0.028767816369744598 	 0.02839093085975674 	 0.02883187733558954 	 0.027380793226570957 	 0.02879003490586737 	 0.0017704570245681691 	 
-2.04 	 0.029401290260644114 	 0.028071613514313216 	 0.02937081899447585 	 0.0288073785740082 	 0.029385773584009064 	 0.02784993574366557 	 0.029341226113316278 	 0.0018529935284042373 	 
-2.016 	 0.03041919630960998 	 0.02906534829400229 	 0.030389781648088057 	 0.029867542182375233 	 0.03039714672521489 	 0.02882346309953274 	 0.03035377956552056 	 0.001953244482503239 	 
-1.992 	 0.035468572082724976 	 0.03380458365688404 	 0.035424992650717184 	 0.03424965565448967 	 0.03531513007064323 	 0.03331213597827467 	 0.03525155418016287 	 0.0021683748266774936 	 
-1.968 	 0.02176237120513445 	 0.02108757892962319 	 0.021771309901076348 	 0.02316859112475721 	 0.022110761764180354 	 0.021527634904833004 	 0.02212165100013044 	 0.0018647553437398938 	 
-1.944 	 0.024975074895003013 	 0.02403148613132939 	 0.02496683810498758 	 0.025250656680866984 	 0.025071685856671775 	 0.024000404005361693 	 0.025057503104150634 	 0.0019401068521217766 	 
-1.92 	 0.026392857204700287 	 0.025376450818228306 	 0.026381799493483724 	 0.026561522913762427 	 0.026457724401214754 	 0.025310288881798076 	 0.026439526525235655 	 0.0020771340700369858 	 
-1.896 	 0.0217532630137416 	 0.021061590782716865 	 0.021758781001886815 	 0.022733584060814105 	 0.02196914667745278 	 0.021285283090390534 	 0.02197446983399318 	 0.0019350316379197466 	 
-1.8719999999999999 	 0.023362048939118436 	 0.02254516773199929 	 0.023359824171987936 	 0.02384826086328143 	 0.023472780990548284 	 0.02256529407355861 	 0.023466896488051447 	 0.002037508713101068 	 
-1.8479999999999999 	 0.01953083046907696 	 0.018984952111990513 	 0.019542466411811708 	 0.020691729710356918 	 0.01976390108292354 	 0.019241889509009305 	 0.019777614070784457 	 0.0019558398161016836 	 
-1.824 	 0.01911589560959478 	 0.01854994085372927 	 0.019123604870117668 	 0.019986153925977416 	 0.019283457003987862 	 0.018704107921799728 	 0.019291590023798703 	 0.0019024171790597497 	 
-1.8 	 0.020324285830251285 	 0.019671859135748 	 0.020326786226867836 	 0.020899063972487596 	 0.02042938639575932 	 0.019716466563253442 	 0.020430095918055065 	 0.00200399881242999 	 
-1.776 	 0.017093945698133325 	 0.016649457343662785 	 0.017106064110936268 	 0.018134152339461956 	 0.01728937821890932 	 0.016870652928986117 	 0.01730385710350331 	 0.001921525264402685 	 
-1.752 	 0.015268850219344099 	 0.01491050758202146 	 0.01528276342918782 	 0.016304150751267496 	 0.015452794150137032 	 0.01512793211556411 	 0.015469765189284047 	 0.0018416009372890386 	 
-1.728 	 0.010015384872196501 	 0.00997813020484126 	 0.010042923248583814 	 0.011632139906928773 	 0.01029830322599222 	 0.010402512428558906 	 0.010334595633452192 	 0.0017198685903999273 	 
-1.704 	 0.0077822555389400454 	 0.00784150988479251 	 0.007810975876833494 	 0.00930934820763824 	 0.008026397984618638 	 0.008220790037703601 	 0.008064207900042182 	 0.0016304115441664337 	 
-1.68 	 0.01140187054682614 	 0.011161537135714364 	 0.011412568557895719 	 0.01199299918731742 	 0.011463814158550188 	 0.011216075480004646 	 0.011476214050002244 	 0.0016905978724947616 	 
-1.656 	 0.006963008563020757 	 0.007020515973977091 	 0.006988582655019066 	 0.008320655074152907 	 0.007179450731470193 	 0.0073625505680642665 	 0.0072131630185879045 	 0.0015652260266524123 	 
-1.632 	 0.004935693441285499 	 0.005089043946402257 	 0.004963289659046741 	 0.006279704423947508 	 0.005139062831245352 	 0.005417293449847845 	 0.00517551481708989 	 0.0015069685555350316 	 
-1.6079999999999999 	 0.0065399696498555804 	 0.0065413860627251364 	 0.0065576988199541825 	 0.007340510025151058 	 0.0066333636915275425 	 0.006677558301986787 	 0.00665587328074962 	 0.0015026513343571735 	 
-1.584 	 0.004519807818684153 	 0.004646386239778973 	 0.004543223693760837 	 0.005614631369075308 	 0.00467392729000936 	 0.004892683036837842 	 0.00470467033167471 	 0.001459580209648046 	 
-1.56 	 0.005321185407202684 	 0.005371819516000553 	 0.005339247347285586 	 0.006099598442285393 	 0.005413083350369679 	 0.005503158431553944 	 0.00543622700604627 	 0.001507472977390063 	 
-1.536 	 0.004511431447109183 	 0.0046001546412511715 	 0.004530409172238695 	 0.005345493819544686 	 0.004619457168881622 	 0.004766254937251812 	 0.004644107794173448 	 0.0015002124634480559 	 
-1.512 	 0.0039040611904172023 	 0.004026750928602245 	 0.00392417561465385 	 0.004768251726792242 	 0.004016378335443031 	 0.004199550701516798 	 0.004042620091137039 	 0.0014954717798373624 	 
-1.488 	 0.002889623160597128 	 0.003052859624959208 	 0.0029105764333394353 	 0.003783045956074758 	 0.003009946023575283 	 0.003243968907817452 	 0.0030375272042113865 	 0.0014308023295194225 	 
-1.464 	 0.002887153060015922 	 0.003040313216160631 	 0.0029067530566396394 	 0.00367849236455559 	 0.0029826917477865805 	 0.0031955458007139263 	 0.0030083641361195934 	 0.0014700638277220276 	 
-1.44 	 0.002279369453843778 	 0.0024630586948059126 	 0.002299646977237548 	 0.003095731278678708 	 0.0023794895624663823 	 0.002630948851063562 	 0.002406226817628244 	 0.0014694063153949243 	 
-1.416 	 4.6064696903170535E-4 	 7.555135293327249E-4 	 4.8590282105000145E-4 	 0.0015023102434041217 	 6.009983595951329E-4 	 9.998838820840187E-4 	 6.348437223248543E-4 	 0.0014271804982873813 	 
-1.392 	 0.0012618978292537942 	 0.0014748170583602704 	 0.0012815269294253102 	 0.00199236797268721 	 0.0013419209535760078 	 0.001611749161095443 	 0.0013679093963937078 	 0.0014514748043863966 	 
-1.3679999999999999 	 0.001868073691186004 	 0.002045318820234791 	 0.001885816348342403 	 0.00250586904853771 	 0.0019319872681408327 	 0.002154088322164683 	 0.0019553712285136156 	 0.0015495841383216578 	 
-1.3439999999999999 	 0.0012604703280433077 	 0.0014654456550475163 	 0.0012790716424062344 	 0.001967010061834181 	 0.0013426314535056152 	 0.001611339036544323 	 0.001367459615925529 	 0.0015350358953021316 	 
-1.32 	 0.0012592399310555394 	 0.0014593582026054563 	 0.0012770596365225832 	 0.0019135640134087595 	 0.0013314373765934172 	 0.0015875686970190624 	 0.001355215499467299 	 0.001581987593112625 	 
-1.296 	 0.0022676610547393283 	 0.0023969657968668187 	 0.0022815133033789363 	 0.0027277167873223274 	 0.0023053646996763753 	 0.0024629806786432345 	 0.0023235936857678944 	 0.0016794807364716002 	 
-1.272 	 0.0026714284507162386 	 0.0027743818440917343 	 0.0026842297494380414 	 0.0031013196040584677 	 0.002708266543377193 	 0.0028332025679261843 	 0.0027251259946425755 	 0.0017478669128598678 	 
-1.248 	 0.001258167384245395 	 0.001447729767776314 	 0.0012750830415568521 	 0.001909884238784176 	 0.001341410813617362 	 0.0015940709607470882 	 0.0013642613526574665 	 0.001704916446570926 	 
-1.224 	 8.531541977119007E-4 	 0.0010659012673972562 	 8.706823443555422E-4 	 0.001497747665347164 	 9.327915096270352E-4 	 0.0012033219131247692 	 9.564651035017902E-4 	 0.0017727293032183669 	 
-1.2 	 0.0014565911356354338 	 0.0016206129678195261 	 0.001471122695830483 	 0.0019458345916134774 	 0.00150520799747193 	 0.0017048499999622907 	 0.001524691021962019 	 0.0018635341347196226 	 
-1.176 	 2.4483640431184937E-4 	 4.8284512520780075E-4 	 2.627940412431731E-4 	 9.201386893862418E-4 	 3.313636193723008E-4 	 6.382451383681477E-4 	 3.558221138895311E-4 	 0.0018423216939167989 	 
-1.152 	 6.476879532399043E-4 	 8.601231786496942E-4 	 6.638138544773747E-4 	 0.0011946870604241742 	 7.068855778874212E-4 	 9.617135037082167E-4 	 7.287215864800539E-4 	 0.00204711684036033 	 
-1.128 	 4.4423686098247193E-4 	 6.604049378775581E-4 	 4.601159840552218E-4 	 9.90835132206726E-4 	 5.061150603700109E-4 	 7.699046989322281E-4 	 5.277140538145378E-4 	 0.0020685283429238573 	 
-1.1039999999999999 	 0.0010487946656209306 	 0.0012222396390961562 	 0.0010622579723210538 	 0.001475921907246677 	 0.001089153464266763 	 0.0012897805626776269 	 0.001107379941027068 	 0.002185716405260168 	 
-1.08 	 3.9710377653732835E-5 	 2.777857030418783E-4 	 5.617494612343352E-5 	 6.284517520438028E-4 	 1.1544359349579666E-4 	 4.0954799993737006E-4 	 1.3801187354699361E-4 	 0.002235610775805275 	 
-1.056 	 6.436890814156453E-4 	 8.364723245421936E-4 	 6.572586002731397E-4 	 0.0010688164054016205 	 6.85521358117275E-4 	 9.107257537615489E-4 	 7.039379382618156E-4 	 0.0023638620969709256 	 
-1.032 	 0.002055811717779728 	 0.0021525493934496332 	 0.0020647248825525167 	 0.0022625340124742023 	 0.0020591822191812757 	 0.002152294889440619 	 0.002071059134069019 	 0.00254482419050735 	 
-1.008 	 6.463014401986156E-4 	 8.431647068554897E-4 	 6.605612398491492E-4 	 0.0011471289546037718 	 7.099557373605587E-4 	 9.532180073443387E-4 	 7.294986747213134E-4 	 0.0026226376877695485 	 
-0.984 	 6.449495886031333E-4 	 8.358163798109624E-4 	 6.583409521438592E-4 	 0.00106782521894525 	 6.897093123328428E-4 	 9.163831889581716E-4 	 7.079492430259883E-4 	 0.002764593153761493 	 
-0.96 	 4.425362461153516E-4 	 6.374488012658322E-4 	 4.5572889572311105E-4 	 8.607319988884316E-4 	 4.8591056526952784E-4 	 7.218775998164314E-4 	 5.03922026460976E-4 	 0.0028298268058669944 	 
-0.9359999999999999 	 0.0012516159522954512 	 0.0013949504745177181 	 0.0012620744177215713 	 0.0015303805608316153 	 0.0012668986235518387 	 0.0014279481784734954 	 0.001280986011536666 	 0.0030665413247008416 	 
-0.9119999999999999 	 2.4500113406547704E-4 	 4.5822061836258966E-4 	 2.590470323133291E-4 	 7.109081109382847E-4 	 2.954712454178513E-4 	 5.623936956379004E-4 	 3.1466675659377045E-4 	 0.003257460178878839 	 
-0.8879999999999999 	 2.4583989464107544E-4 	 4.5154554601921083E-4 	 2.59223725512588E-4 	 6.538008967787958E-4 	 2.8090516079272573E-4 	 5.295967429779888E-4 	 2.9910072612417045E-4 	 0.0034178428698577188 	 
-0.8639999999999999 	 4.6450401087520724E-5 	 2.5944933272153324E-4 	 6.002682366729097E-5 	 4.6837684055173103E-4 	 8.152030754299428E-5 	 3.4146192492335973E-4 	 1.0000677609188767E-4 	 0.00357809396577153 	 
-0.8399999999999999 	 4.5045251556316654E-4 	 6.367364595366593E-4 	 4.62414923217082E-4 	 7.86421265262779E-4 	 4.6897983085789817E-4 	 6.871372720787421E-4 	 4.8511448932463645E-4 	 0.003833562718277516 	 
-0.8159999999999998 	 4.5370193256737926E-4 	 6.380860246905192E-4 	 4.6560363093196014E-4 	 7.915259105219923E-4 	 4.726675347618632E-4 	 6.912732396709401E-4 	 4.887417505649275E-4 	 0.003977998013266048 	 
-0.7919999999999998 	 4.5949171009709475E-4 	 6.481733856171511E-4 	 4.7156190996572805E-4 	 7.965831737650856E-4 	 4.745770412476524E-4 	 6.974452245058383E-4 	 4.90834013983647E-4 	 0.00440983201611253 	 
-0.7679999999999998 	 4.5798385718066274E-4 	 6.480505066476296E-4 	 4.697812094045019E-4 	 7.832827811569236E-4 	 4.7294440927916887E-4 	 6.918325244877075E-4 	 4.887980245337033E-4 	 0.0045765642745449675 	 
-0.7439999999999998 	 4.6022816219948586E-4 	 6.530333359004967E-4 	 4.719010761813945E-4 	 7.741769213513381E-4 	 4.740934104385201E-4 	 6.91083090917335E-4 	 4.897288516387995E-4 	 0.004881093722979032 	 
-0.7199999999999998 	 6.12201589921889E-5 	 2.8126422224425754E-4 	 7.405583496938749E-5 	 4.280595877736641E-4 	 8.136602807927903E-5 	 3.360116936152865E-4 	 9.863429512656346E-5 	 0.005237964127749355 	 
-0.6959999999999997 	 6.645980129611177E-4 	 8.466722367808305E-4 	 6.751132248179571E-4 	 9.056349419118006E-4 	 6.609727679843985E-4 	 8.509831816424652E-4 	 6.748874755942386E-4 	 0.005507395282332993 	 
-0.6720000000000002 	 4.623312016869101E-4 	 6.60966237845971E-4 	 4.7349743633221924E-4 	 7.521664987483063E-4 	 4.723908146807042E-4 	 6.830898591159693E-4 	 4.872553004149701E-4 	 0.005776519728425692 	 
-0.6480000000000001 	 4.647052318014766E-4 	 6.64401425570854E-4 	 4.757654707758817E-4 	 7.422358696856609E-4 	 4.705970775169044E-4 	 6.800866278549647E-4 	 4.8530198058997944E-4 	 0.0060928852778416994 	 
-0.6240000000000001 	 2.625806118919186E-4 	 4.8679622523095965E-4 	 2.7434544871268046E-4 	 5.700827083708976E-4 	 2.736015903568021E-4 	 5.082767699846009E-4 	 2.8926710913316784E-4 	 0.006658810394363083 	 
-0.6000000000000001 	 5.651319269616944E-5 	 2.8850079374446823E-4 	 6.820910399591035E-5 	 3.6783830516024874E-4 	 7.180431748839955E-5 	 3.1086710587529295E-4 	 8.740346452558463E-5 	 0.006685792825793135 	 
-0.5760000000000001 	 5.873574944478912E-5 	 2.988436934594541E-4 	 7.054231829626233E-5 	 3.6556570345497335E-4 	 6.918167419689296E-5 	 3.14868066154472E-4 	 8.493631572464895E-5 	 0.00728560548777475 	 
-0.552 	 5.737992200115338E-5 	 3.015607451445912E-4 	 6.90338035407148E-5 	 3.557838081828964E-4 	 6.8313353524212E-5 	 3.142999537524203E-4 	 8.38459956929764E-5 	 0.007720439728786406 	 
-0.528 	 5.365016398171507E-5 	 2.9754196947468235E-4 	 6.491030112338132E-5 	 3.4359303330756157E-4 	 6.619748362109105E-5 	 3.0700971797345094E-4 	 8.121123988545006E-5 	 0.007985000217427497 	 
-0.504 	 5.373271215642808E-5 	 3.0009203389098064E-4 	 6.48129074776019E-5 	 3.347977768437652E-4 	 6.379776085462724E-5 	 3.05495038865996E-4 	 7.85793736296227E-5 	 0.008388533449315899 	 
-0.48 	 5.233010158703344E-5 	 3.0221392717407695E-4 	 6.328744851631677E-5 	 3.280600750204884E-4 	 6.227237927051329E-5 	 3.0563760175241606E-4 	 7.690821484874724E-5 	 0.00879025896823779 	 
-0.45599999999999996 	 2.5544888348672716E-4 	 5.050762277951063E-4 	 2.65962046355294E-4 	 4.987721284048094E-4 	 2.599308866709416E-4 	 4.919619547390255E-4 	 2.739323173218819E-4 	 0.009705039918826187 	 
-0.43199999999999994 	 5.087649902441027E-5 	 3.038366794166561E-4 	 6.140883175684507E-5 	 3.1511889233757165E-4 	 6.219217219741588E-5 	 3.0554119681428595E-4 	 7.633381746190949E-5 	 0.009567716056240782 	 
-0.4079999999999999 	 2.559243831448461E-4 	 5.095478301576841E-4 	 2.659894096815999E-4 	 4.721998149756958E-4 	 2.5710347040606226E-4 	 4.923500139863624E-4 	 2.7054783513201145E-4 	 0.010558431980820305 	 
-0.3839999999999999 	 4.559927156390217E-4 	 6.942808247763188E-4 	 4.6511667381358507E-4 	 6.34251389800414E-4 	 4.531200034387553E-4 	 6.659999257629214E-4 	 4.653099271028734E-4 	 0.010897708648442405 	 
-0.3599999999999999 	 5.502371260227402E-5 	 3.304556756408204E-4 	 6.565962062386907E-5 	 2.9777480044338887E-4 	 6.552194709332839E-5 	 3.276511471933824E-4 	 7.989990479179573E-5 	 0.011460109260455369 	 
-0.33599999999999985 	 2.587719909615331E-4 	 5.264475675656723E-4 	 2.6856706813390964E-4 	 4.367065948389258E-4 	 2.57182645363265E-4 	 4.992888000671109E-4 	 2.70366968672767E-4 	 0.012150692926311137 	 
-0.31199999999999983 	 5.98103236022036E-5 	 3.4930841148020874E-4 	 7.040784284392844E-5 	 2.622317886556539E-4 	 6.415232757320531E-5 	 3.3126825479609477E-4 	 7.851259283489399E-5 	 0.012863177585025146 	 
-0.2879999999999998 	 6.0044556100151764E-5 	 3.584086991214369E-4 	 7.056151873854431E-5 	 2.3617486936739992E-4 	 6.227527217807363E-5 	 3.286444627246426E-4 	 7.653846265326469E-5 	 0.013412016381993104 	 
-0.2639999999999998 	 6.267383940287224E-5 	 3.6830601773363525E-4 	 7.295411326643582E-5 	 2.0424317948523595E-4 	 6.179732503938315E-5 	 3.292712487355755E-4 	 7.57870730570901E-5 	 0.014030945117737158 	 
-0.23999999999999977 	 4.702688487128921E-4 	 7.662901660450849E-4 	 4.7948749473672106E-4 	 5.378752642768539E-4 	 4.569600766109099E-4 	 6.969608253731762E-4 	 4.694683775189542E-4 	 0.014810782227076904 	 
-0.21599999999999975 	 6.97611357702237E-5 	 4.1641992803102444E-4 	 8.058387414186384E-5 	 1.9365897014051632E-4 	 7.47478086778812E-5 	 3.6811703727454364E-4 	 8.961646564462005E-5 	 0.01569973507358676 	 
-0.19199999999999973 	 7.267113363219558E-5 	 4.346632211632216E-4 	 8.33019997635415E-5 	 1.5455412450502475E-4 	 7.284902462981085E-5 	 3.706195554047417E-4 	 8.747576368286408E-5 	 0.01631385119560631 	 
-0.16800000000000015 	 7.615079803726214E-5 	 4.5487810954585755E-4 	 8.681773075397058E-5 	 1.4133214597836832E-4 	 7.386863777567135E-5 	 3.802440381456652E-4 	 8.862326328949263E-5 	 0.016911717009574122 	 
-0.14400000000000013 	 7.957297502568533E-5 	 4.905433435499856E-4 	 9.024349906431195E-5 	 1.1408354747199798E-4 	 7.859630984926768E-5 	 4.0067116863784583E-4 	 9.346918231690086E-5 	 0.017866776619609625 	 
-0.1200000000000001 	 8.781729482837865E-5 	 5.360479069750383E-4 	 9.89432832761981E-5 	 1.095753376914826E-4 	 8.469710632712929E-5 	 4.3770255641072873E-4 	 1.0029088788183426E-4 	 0.019045421113908143 	 
-0.09600000000000009 	 2.895950937300132E-4 	 7.292481110546577E-4 	 2.992946773751873E-4 	 2.5782729141826715E-4 	 2.782211612978417E-4 	 6.141025946053163E-4 	 2.919597682857451E-4 	 0.01855774724055732 	 
-0.07200000000000006 	 9.853321025635353E-5 	 6.193721963540461E-4 	 1.0989732562759471E-4 	 9.616872415063791E-5 	 9.476946323181363E-5 	 4.985153651229731E-4 	 1.1102565780133169E-4 	 0.020580392345694018 	 
-0.04800000000000004 	 1.0381335436142051E-4 	 6.519587546311096E-4 	 1.1470345624061539E-4 	 6.928458006749391E-5 	 9.353654054611155E-5 	 5.1497256915898E-4 	 1.0937506750602616E-4 	 0.02073913818491755 	 
-0.02400000000000002 	 1.1182977580922696E-4 	 6.959906314528444E-4 	 1.2260041302118583E-4 	 6.863182344406502E-5 	 9.516553817269274E-5 	 5.513292776909018E-4 	 1.1119460716212205E-4 	 0.02109995817287012 	 
0.0 	 1.2618871514157387E-4 	 7.882481005408629E-4 	 1.3702159191846135E-4 	 6.339638303262237E-5 	 1.062335342516875E-4 	 6.385155166247995E-4 	 1.2275686427615248E-4 	 0.02226048241337461 	 
0.02400000000000002 	 1.4455879951462956E-4 	 8.791781716868211E-4 	 1.554108480473603E-4 	 6.026573053922685E-5 	 1.1543973531994616E-4 	 7.303261468739834E-4 	 1.3249283578911937E-4 	 0.023298516420225467 	 
0.04800000000000004 	 3.595292353995103E-4 	 0.001150766191297292 	 3.6907387912694635E-4 	 2.3666667227429327E-4 	 3.2028752616466126E-4 	 0.00101258294056716 	 3.3616590179430555E-4 	 0.023338255824446118 	 
0.07200000000000006 	 1.8198151580562389E-4 	 0.0011109268284071768 	 1.9223998845312637E-4 	 8.369767768146651E-5 	 1.4793065252058563E-4 	 0.0010188289296591633 	 1.6541205095776295E-4 	 0.024739734574969818 	 
0.09600000000000009 	 2.0553825434814027E-4 	 0.0012293025320935765 	 2.154377430626731E-4 	 8.341447182029782E-5 	 1.6180696353750842E-4 	 0.0011625250719852316 	 1.7948637808742313E-4 	 0.025583092308729457 	 
0.1200000000000001 	 2.3312349814394323E-4 	 0.0013581677610714073 	 2.4219470076994285E-4 	 9.145834252957123E-5 	 1.790397537987256E-4 	 0.0013429261113688167 	 1.9632087509273955E-4 	 0.02587215284555408 	 
0.14400000000000013 	 2.5444207065011023E-4 	 0.001496847530817387 	 2.6312294306186847E-4 	 1.0197670733198845E-4 	 1.9995916715229067E-4 	 0.001530998302009545 	 2.1743842686389409E-4 	 0.026703665434153253 	 
0.16800000000000015 	 2.784158457452065E-4 	 0.0016226937478230987 	 2.8618127732066E-4 	 1.0936822197492625E-4 	 2.2170690429993426E-4 	 0.0017396950814833761 	 2.386218229183435E-4 	 0.02702037870323485 	 
0.19200000000000017 	 3.0803714480320333E-4 	 0.0017824537750291871 	 3.147635429989628E-4 	 1.3167968719129223E-4 	 2.505384492410041E-4 	 0.002006480484112251 	 2.666855956849657E-4 	 0.027422416653198962 	 
0.2160000000000002 	 3.3057036158045376E-4 	 0.0019010297765074938 	 3.3650791777474086E-4 	 1.5137406869130028E-4 	 2.739744360062706E-4 	 0.002206215999898981 	 2.889873169863943E-4 	 0.02745815578265524 	 
0.2400000000000002 	 3.1675213833641476E-4 	 0.001825475614414326 	 3.2196849266220205E-4 	 1.3758858310467713E-4 	 2.6273870830283375E-4 	 0.0021345785397646256 	 2.7699737469936655E-4 	 0.025869987920567487 	 
0.26400000000000023 	 3.2905577808490475E-4 	 0.0018833474494726295 	 3.3339786138543773E-4 	 1.520811232174461E-4 	 2.7772860056752603E-4 	 0.0022733271528034963 	 2.909898577528235E-4 	 0.025456140876080748 	 
0.28800000000000026 	 3.316730586529166E-4 	 0.0018972980457990396 	 3.3505971217326303E-4 	 1.6391194117825833E-4 	 2.863024776847727E-4 	 0.002348453950437218 	 2.977792015682492E-4 	 0.0242461104337106 	 
0.3120000000000003 	 3.0269179488078197E-4 	 0.001736162006652478 	 3.055301406949553E-4 	 1.4784479597600985E-4 	 2.637521571421549E-4 	 0.002169362862820927 	 2.741024115411739E-4 	 0.021973545869109438 	 
0.33599999999999985 	 2.8974126407551004E-4 	 0.0016550923062649187 	 2.9183867857072635E-4 	 1.4704292169141143E-4 	 2.5544964443618577E-4 	 0.002109729033709927 	 2.644410160456105E-4 	 0.020251555448995328 	 
0.3599999999999999 	 2.751729108362404E-4 	 0.0015563978325161263 	 2.767731066009228E-4 	 1.4531344751092051E-4 	 2.4390736863728668E-4 	 0.002009483222173235 	 2.513403273534261E-4 	 0.01841196844153425 	 
0.3839999999999999 	 2.2873927812726923E-4 	 0.001305008187915898 	 2.300518879177643E-4 	 1.1632296404087308E-4 	 2.0334496086910653E-4 	 0.001680490098162108 	 2.0987319965065648E-4 	 0.015475264314792878 	 
0.4079999999999999 	 2.0765495618813243E-4 	 0.001185651079610909 	 2.0861606461580236E-4 	 1.0786541380889211E-4 	 1.871004916512414E-4 	 0.001551225007675532 	 1.9272462553359692E-4 	 0.013859091425353168 	 
0.43199999999999994 	 1.9059083854721038E-4 	 0.0010861043691228567 	 1.911592720395188E-4 	 1.051094149725618E-4 	 1.7425658702587213E-4 	 0.0014423288271004267 	 1.786693853009731E-4 	 0.01223760816173458 	 
0.45599999999999996 	 1.5823323116392668E-4 	 8.960158687178345E-4 	 1.5869382394083665E-4 	 8.75019383477355E-5 	 1.446131797587255E-4 	 0.0011952746827900598 	 1.481797064253258E-4 	 0.010077174028265204 	 
0.48 	 1.2831553900576599E-4 	 7.369535490391707E-4 	 1.2866674763852825E-4 	 7.043279696260879E-5 	 1.1884768675826254E-4 	 9.85739739633611E-4 	 1.2195264634234035E-4 	 0.008353519669385107 	 
0.504 	 1.1547248993350554E-4 	 6.546404618578408E-4 	 1.1559139902594552E-4 	 6.900176664550125E-5 	 1.0816643718603402E-4 	 8.936354327037135E-4 	 1.1026186051524294E-4 	 0.007107185127354587 	 
0.528 	 8.385802959286955E-5 	 4.831158887052691E-4 	 8.403506571668195E-5 	 4.907817309243546E-5 	 7.906564737390407E-5 	 6.54188038394888E-4 	 8.087677334836319E-5 	 0.0054011116396372495 	 
0.552 	 7.029807648188255E-5 	 3.990177199591355E-4 	 7.043838206313461E-5 	 4.238981760593082E-5 	 6.577381245529592E-5 	 5.425778111772408E-4 	 6.713082348206568E-5 	 0.004437219395001285 	 
0.5760000000000001 	 5.245424607239824E-5 	 2.9573104659945935E-4 	 5.261782010100068E-5 	 3.0407538459868286E-5 	 4.7975191474943784E-5 	 3.953056232337943E-4 	 4.9081186538336684E-5 	 0.0033345523292552673 	 
0.6000000000000001 	 3.9483021271071494E-5 	 2.2378163914769914E-4 	 3.970843898676899E-5 	 2.1576248118562657E-5 	 3.540751967615962E-5 	 2.915918671069741E-4 	 3.644621158639005E-5 	 0.002651990355305236 	 
0.6240000000000001 	 3.19094698075983E-5 	 1.8346186731228758E-4 	 3.2098301710548184E-5 	 1.683292517698992E-5 	 2.8769167031559718E-5 	 2.380466615076245E-4 	 2.9671506298978133E-5 	 0.002192954515042512 	 
0.6480000000000001 	 2.8709099474904458E-5 	 1.6586688201983263E-4 	 2.887286071553115E-5 	 1.6024009152506733E-5 	 2.626035460160042E-5 	 2.1679869468954423E-4 	 2.704901590611956E-5 	 0.00197044985340356 	 
0.6720000000000002 	 2.5146348879658025E-5 	 1.4244574113328768E-4 	 2.5264204102864185E-5 	 1.419651052391574E-5 	 2.2741363187201818E-5 	 1.8701237856677219E-4 	 2.334451063689833E-5 	 0.0016509667886845357 	 
0.6960000000000002 	 1.992622489549968E-5 	 1.1267842599627258E-4 	 2.0063364270661812E-5 	 1.0290838636074935E-5 	 1.752713832142595E-5 	 1.443553825093427E-4 	 1.8121431850630242E-5 	 0.0013584867873752183 	 
0.7200000000000002 	 1.798022008986741E-5 	 1.0156861890907234E-4 	 1.8075069909167985E-5 	 9.60969838496849E-6 	 1.6088832330877878E-5 	 1.319828566065679E-4 	 1.6565239335578718E-5 	 0.001191989846109004 	 
0.7440000000000002 	 1.4974341343020306E-5 	 8.599133487782904E-5 	 1.5048887525174942E-5 	 8.004823803848729E-6 	 1.3640114011780375E-5 	 1.1303525854706392E-4 	 1.4058663982710107E-5 	 0.0010136772135087868 	 
0.7680000000000002 	 1.3863247935076603E-5 	 8.030112855612773E-5 	 1.387890910901294E-5 	 8.080082263529148E-6 	 1.307841750430034E-5 	 1.0845674725517E-4 	 1.3356813834760454E-5 	 8.770879960880611E-4 	 
0.7920000000000003 	 1.1904376468990605E-5 	 6.564404147548067E-5 	 1.1955304097853566E-5 	 6.556557965743638E-6 	 1.0625714706109027E-5 	 8.721036699877795E-5 	 1.0883676550826721E-5 	 7.552246463863564E-4 	 
0.8160000000000003 	 8.510265978228095E-6 	 4.823306139728808E-5 	 8.564996035140249E-6 	 4.230272877407504E-6 	 7.351500173848872E-6 	 6.114478838954249E-5 	 7.613878102227099E-6 	 5.686467536777536E-4 	 
0.8399999999999999 	 7.767770029683389E-6 	 4.424681137042181E-5 	 7.805303688991473E-6 	 4.10645060134229E-6 	 7.052704750123097E-6 	 5.815960241384566E-5 	 7.257684994107399E-6 	 5.157630029173925E-4 	 
0.8639999999999999 	 6.353140117917093E-6 	 3.8899456303847E-5 	 6.374873796595281E-6 	 3.6698068237958403E-6 	 6.306404016109295E-6 	 5.271548928651701E-5 	 6.502841149265209E-6 	 4.579989731482652E-4 	 
0.8879999999999999 	 7.645606338256248E-6 	 4.267531704241095E-5 	 7.6221244144089925E-6 	 5.405219447320003E-6 	 7.4389920930041965E-6 	 6.136819580848969E-5 	 7.4916833242338445E-6 	 4.236438987261529E-4 	 
0.9119999999999999 	 3.919033113455905E-6 	 2.219838265106076E-5 	 3.9370065991029624E-6 	 2.6790387187470815E-6 	 3.6940461716969146E-6 	 2.993902076260266E-5 	 3.7748421171566728E-6 	 2.5601551421055186E-4 	 
0.9359999999999999 	 2.6167036547624476E-6 	 1.4353393668114755E-5 	 2.6410214624707237E-6 	 1.472998766571578E-6 	 2.2678721998520702E-6 	 1.8334840294409122E-5 	 2.337959541195407E-6 	 1.8070907189001253E-4 	 
0.96 	 1.5920893880612841E-6 	 9.280475321007927E-6 	 1.606289650323356E-6 	 7.056427233965362E-7 	 1.3567990195088402E-6 	 1.1329451389222481E-5 	 1.417161635740127E-6 	 1.1746692430027277E-4 	 
0.984 	 2.0633318091570936E-6 	 1.1408467135791149E-5 	 2.091684660981645E-6 	 1.1142914723718367E-6 	 1.740521660451987E-6 	 1.4095017930023158E-5 	 1.814120779562016E-6 	 1.5330101409032296E-4 	 
1.008 	 1.5445057113876805E-6 	 9.05686643212088E-6 	 1.5639359895938577E-6 	 5.936477967396212E-7 	 1.2544283807051855E-6 	 1.0440028074876364E-5 	 1.3187205071626362E-6 	 1.1602472138839185E-4 	 
1.032 	 1.5906203964969692E-6 	 9.037532599866726E-6 	 1.6142206231988978E-6 	 7.412870175910811E-7 	 1.3322024968193749E-6 	 1.0899295352236707E-5 	 1.4037405232282114E-6 	 1.2485646626480068E-4 	 
1.056 	 1.7003872802149034E-6 	 1.018256037398826E-5 	 1.711152544964275E-6 	 8.344126903386187E-7 	 1.5876439327759997E-6 	 1.3176013650117077E-5 	 1.6498504634797906E-6 	 1.2493870851532253E-4 	 
1.08 	 2.0973162661619647E-6 	 1.1554423737688514E-5 	 2.0964674002043777E-6 	 1.4199945173850682E-6 	 1.9770669400396806E-6 	 1.6244761915916927E-5 	 2.002366428950498E-6 	 1.1915557634828829E-4 	 
1.104 	 1.1248686188526082E-6 	 6.599888301622919E-6 	 1.1267258868709915E-6 	 6.600178974135698E-7 	 1.1124299645892916E-6 	 9.170939730753866E-6 	 1.1413748972965715E-6 	 7.751237471647085E-5 	 
1.1280000000000001 	 1.2836885898691016E-6 	 7.212673782175348E-6 	 1.2857094113115622E-6 	 9.670979653969622E-7 	 1.2560895314721723E-6 	 1.0274026740587909E-5 	 1.27119225161594E-6 	 7.945159168070172E-5 	 
1.1520000000000001 	 5.205389491533095E-7 	 3.0232224927639597E-6 	 5.191762507331379E-7 	 3.8222486847071857E-7 	 5.130850439459362E-7 	 4.190159831847835E-6 	 5.146173426603397E-7 	 2.9065578079045746E-5 	 
1.1760000000000002 	 3.243175023775156E-7 	 1.5232324793503496E-6 	 3.39111694316483E-7 	 1.6077789221969778E-9 	 1.7095390658458496E-7 	 1.3044575701951015E-6 	 1.9776496037579536E-7 	 3.4810815721365686E-5 	 
1.2000000000000002 	 3.5094180239782937E-7 	 1.9895407335199122E-6 	 3.6049596093184036E-7 	 6.431115688787911E-8 	 2.1365248334873722E-7 	 1.7527306159423554E-6 	 2.3690836646665364E-7 	 2.9699343052578838E-5 	 
1.2240000000000002 	 3.044493079323446E-7 	 1.8918275941368972E-6 	 3.141448124183164E-7 	 4.1900687421337556E-8 	 2.5747989201154027E-7 	 2.0149787929864655E-6 	 2.820039258244064E-7 	 3.3386795071412E-5 	 
1.2480000000000002 	 4.51850326835523E-7 	 3.202100797504026E-6 	 4.561026778868289E-7 	 2.4470231136764304E-7 	 5.322635535905182E-7 	 4.375294825444927E-6 	 5.574424447070419E-7 	 4.482171222759567E-5 	 
1.2720000000000002 	 9.62821458896585E-7 	 5.087158125774778E-6 	 9.55503042191135E-7 	 7.642528660530048E-7 	 9.471220387547437E-7 	 7.685714786279236E-6 	 9.383021904743882E-7 	 4.321736933031661E-5 	 
1.2960000000000003 	 9.475336543106587E-8 	 5.017647283155324E-7 	 1.0146963557466431E-7 	 3.286103487203697E-8 	 7.369864352487231E-8 	 3.739344844400542E-7 	 8.4146100253227E-8 	 1.4559290127903458E-5 	 
1.3200000000000003 	 9.461845426485737E-8 	 5.417996521778401E-7 	 1.0094964082817363E-7 	 4.232724101294083E-9 	 6.451653631151194E-8 	 3.941871017889326E-7 	 7.444934061577408E-8 	 1.4053676517472699E-5 	 
1.3440000000000003 	 3.509495871793766E-8 	 3.0824547643525066E-7 	 3.693768989087037E-8 	 1.2468489600711253E-9 	 2.7306131877284268E-8 	 2.2292288447400744E-7 	 3.140977345328346E-8 	 5.31750263671146E-6 	 
1.3680000000000003 	 1.6220119452792803E-7 	 7.830218952345073E-7 	 1.6907804585503752E-7 	 8.038894610984889E-10 	 8.966343024799968E-8 	 6.700846076005441E-7 	 1.023820126830157E-7 	 1.727613806110349E-5 	 
1.3920000000000003 	 1.904808971928875E-7 	 1.1362506497376815E-6 	 1.970200240743423E-7 	 3.224581093447102E-8 	 1.1963547087756339E-7 	 9.756107394542245E-7 	 1.339210539596689E-7 	 1.863262350692251E-5 	 
1.4160000000000004 	 1.5358494007203828E-7 	 9.578454895048089E-7 	 1.5773377210717934E-7 	 3.681485613683691E-8 	 1.220340298607199E-7 	 1.0228491528844167E-6 	 1.3371154665184227E-7 	 1.5947797031230195E-5 	 
1.4400000000000004 	 2.2677786264306918E-7 	 1.627640337728233E-6 	 2.2821003999228347E-7 	 1.3995879576798382E-7 	 2.5497784787985753E-7 	 2.2019045739381953E-6 	 2.6692461925779467E-7 	 2.1450726252007662E-5 	 
1.4640000000000004 	 5.124724271791509E-7 	 2.68042658588132E-6 	 5.102021712397378E-7 	 3.8452169550242856E-7 	 4.88649258563376E-7 	 3.941400723379415E-6 	 4.865043947206154E-7 	 2.478679652469379E-5 	 
1.4880000000000004 	 6.753232362462382E-8 	 2.778720228420919E-7 	 6.995949423257895E-8 	 3.285282950713722E-8 	 2.8410341131365176E-8 	 2.0585764331732754E-7 	 3.2857310375249036E-8 	 6.117039300300016E-6 	 
1.5120000000000005 	 3.5793344404184256E-8 	 3.099194045461305E-7 	 3.802094120195388E-8 	 4.232724101294083E-9 	 2.6821368314282315E-8 	 2.1234649110776487E-7 	 3.1110522002558006E-8 	 5.725273641717589E-6 	 
1.5360000000000005 	 3.509495871793766E-8 	 3.0824547643525066E-7 	 3.693768989087037E-8 	 1.2468489600711253E-9 	 2.7306131877284268E-8 	 2.2292288447400744E-7 	 3.140977345328346E-8 	 5.31750263671146E-6 	 
1.5600000000000005 	 1.3077928979046208E-7 	 5.42838761236473E-7 	 1.3386265677404603E-7 	 8.038894610984889E-10 	 5.6724102523738324E-8 	 4.7126681809383014E-7 	 6.404177448529756E-8 	 9.296075594826091E-6 	 
1.5840000000000005 	 1.6046090520494184E-7 	 8.532900837822308E-7 	 1.6347593685749807E-7 	 3.206534595340809E-8 	 9.401701247117383E-8 	 7.771198764881309E-7 	 1.0298731250698472E-7 	 1.1066719545656326E-5 	 
1.6080000000000005 	 1.1970895881853128E-7 	 6.966687700616098E-7 	 1.2072442564472315E-7 	 5.085831284500641E-9 	 9.717162364817036E-8 	 8.289936167640406E-7 	 1.0366920426191447E-7 	 8.806182543957618E-6 	 
1.6319999999999997 	 1.9626246963047653E-7 	 1.3584256202551134E-6 	 1.9463573023381407E-7 	 1.0474351559965921E-7 	 2.2733828804675808E-7 	 2.008919961666311E-6 	 2.3445224332620406E-7 	 1.4799644969343468E-5 	 
1.6559999999999997 	 4.503490317174342E-7 	 2.4067315398934583E-6 	 4.453008709513971E-7 	 3.797311705505763E-7 	 4.5847278019136764E-7 	 3.7443140628998203E-6 	 4.517977957537728E-7 	 1.8430572805622824E-5 	 
1.6799999999999997 	 0.0 	 0.0 	 0.0 	 0.0 	 0.0 	 0.0 	 0.0 	 0.0 	 
1.7039999999999997 	 0.0 	 0.0 	 0.0 	 0.0 	 0.0 	 0.0 	 0.0 	 0.0 	 
1.7279999999999998 	 0.0 	 0.0 	 0.0 	 0.0 	 0.0 	 0.0 	 0.0 	 0.0 	 
1.7519999999999998 	 0.0 	 0.0 	 0.0 	 0.0 	 0.0 	 0.0 	 0.0 	 0.0 	 
1.7759999999999998 	 0.0 	 0.0 	 0.0 	 0.0 	 0.0 	 0.0 	 0.0 	 0.0 	 
1.7999999999999998 	 0.0 	 0.0 	 0.0 	 0.0 	 0.0 	 0.0 	 0.0 	 0.0 	 
1.8239999999999998 	 0.0 	 0.0 	 0.0 	 0.0 	 0.0 	 0.0 	 0.0 	 0.0 	 
1.8479999999999999 	 0.0 	 0.0 	 0.0 	 0.0 	 0.0 	 0.0 	 0.0 	 0.0 	 
1.8719999999999999 	 0.0 	 0.0 	 0.0 	 0.0 	 0.0 	 0.0 	 0.0 	 0.0 	 
1.896 	 0.0 	 0.0 	 0.0 	 0.0 	 0.0 	 0.0 	 0.0 	 0.0 	 
1.92 	 0.0 	 0.0 	 0.0 	 0.0 	 0.0 	 0.0 	 0.0 	 0.0 	 
1.944 	 0.0 	 0.0 	 0.0 	 0.0 	 0.0 	 0.0 	 0.0 	 0.0 	 
1.968 	 0.0 	 0.0 	 0.0 	 0.0 	 0.0 	 0.0 	 0.0 	 0.0 	 
1.992 	 0.0 	 0.0 	 0.0 	 0.0 	 0.0 	 0.0 	 0.0 	 0.0 	 
2.016 	 0.0 	 0.0 	 0.0 	 0.0 	 0.0 	 0.0 	 0.0 	 0.0 	 
2.04 	 0.0 	 0.0 	 0.0 	 0.0 	 0.0 	 0.0 	 0.0 	 0.0 	 
2.064 	 0.0 	 0.0 	 0.0 	 0.0 	 0.0 	 0.0 	 0.0 	 0.0 	 
2.088 	 0.0 	 0.0 	 0.0 	 0.0 	 0.0 	 0.0 	 0.0 	 0.0 	 
2.112 	 0.0 	 0.0 	 0.0 	 0.0 	 0.0 	 0.0 	 0.0 	 0.0 	 
2.136 	 0.0 	 0.0 	 0.0 	 0.0 	 0.0 	 0.0 	 0.0 	 0.0 	 
2.16 	 0.0 	 0.0 	 0.0 	 0.0 	 0.0 	 0.0 	 0.0 	 0.0 	 
2.184 	 0.0 	 0.0 	 0.0 	 0.0 	 0.0 	 0.0 	 0.0 	 0.0 	 
2.208 	 0.0 	 0.0 	 0.0 	 0.0 	 0.0 	 0.0 	 0.0 	 0.0 	 
2.232 	 0.0 	 0.0 	 0.0 	 0.0 	 0.0 	 0.0 	 0.0 	 0.0 	 
2.2560000000000002 	 0.0 	 0.0 	 0.0 	 0.0 	 0.0 	 0.0 	 0.0 	 0.0 	 
2.2800000000000002 	 0.0 	 0.0 	 0.0 	 0.0 	 0.0 	 0.0 	 0.0 	 0.0 	 
2.3040000000000003 	 0.0 	 0.0 	 0.0 	 0.0 	 0.0 	 0.0 	 0.0 	 0.0 	 
2.3280000000000003 	 0.0 	 0.0 	 0.0 	 0.0 	 0.0 	 0.0 	 0.0 	 0.0 	 
2.3520000000000003 	 0.0 	 0.0 	 0.0 	 0.0 	 0.0 	 0.0 	 0.0 	 0.0 	 
2.3760000000000003 	 0.0 	 0.0 	 0.0 	 0.0 	 0.0 	 0.0 	 0.0 	 0.0 	 
2.4000000000000004 	 0.0 	 0.0 	 0.0 	 0.0 	 0.0 	 0.0 	 0.0 	 0.0 	 
2.4240000000000004 	 0.0 	 0.0 	 0.0 	 0.0 	 0.0 	 0.0 	 0.0 	 0.0 	 
2.4480000000000004 	 0.0 	 0.0 	 0.0 	 0.0 	 0.0 	 0.0 	 0.0 	 0.0 	 
2.4720000000000004 	 0.0 	 0.0 	 0.0 	 0.0 	 0.0 	 0.0 	 0.0 	 0.0 	 
2.4960000000000004 	 0.0 	 0.0 	 0.0 	 0.0 	 0.0 	 0.0 	 0.0 	 0.0 	 
2.5200000000000005 	 0.0 	 0.0 	 0.0 	 0.0 	 0.0 	 0.0 	 0.0 	 0.0 	 
2.5440000000000005 	 0.0 	 0.0 	 0.0 	 0.0 	 0.0 	 0.0 	 0.0 	 0.0 	 
2.5680000000000005 	 0.0 	 0.0 	 0.0 	 0.0 	 0.0 	 0.0 	 0.0 	 0.0 	 
2.5920000000000005 	 0.0 	 0.0 	 0.0 	 0.0 	 0.0 	 0.0 	 0.0 	 0.0 	 
2.6160000000000005 	 0.0 	 0.0 	 0.0 	 0.0 	 0.0 	 0.0 	 0.0 	 0.0 	 
2.6399999999999997 	 0.0 	 0.0 	 0.0 	 0.0 	 0.0 	 0.0 	 0.0 	 0.0 	 
2.6639999999999997 	 0.0 	 0.0 	 0.0 	 0.0 	 0.0 	 0.0 	 0.0 	 0.0 	 
2.6879999999999997 	 0.0 	 0.0 	 0.0 	 0.0 	 0.0 	 0.0 	 0.0 	 0.0 	 
2.7119999999999997 	 0.0 	 0.0 	 0.0 	 0.0 	 0.0 	 0.0 	 0.0 	 0.0 	 
2.7359999999999998 	 0.0 	 0.0 	 0.0 	 0.0 	 0.0 	 0.0 	 0.0 	 0.0 	 
2.76 	 0.0 	 0.0 	 0.0 	 0.0 	 0.0 	 0.0 	 0.0 	 0.0 	 
2.784 	 0.0 	 0.0 	 0.0 	 0.0 	 0.0 	 0.0 	 0.0 	 0.0 	 
2.808 	 0.0 	 0.0 	 0.0 	 0.0 	 0.0 	 0.0 	 0.0 	 0.0 	 
2.832 	 0.0 	 0.0 	 0.0 	 0.0 	 0.0 	 0.0 	 0.0 	 0.0 	 
2.856 	 0.0 	 0.0 	 0.0 	 0.0 	 0.0 	 0.0 	 0.0 	 0.0 	 
2.88 	 0.0 	 0.0 	 0.0 	 0.0 	 0.0 	 0.0 	 0.0 	 0.0 	 
2.904 	 0.0 	 0.0 	 0.0 	 0.0 	 0.0 	 0.0 	 0.0 	 0.0 	 
2.928 	 0.0 	 0.0 	 0.0 	 0.0 	 0.0 	 0.0 	 0.0 	 0.0 	 
2.952 	 0.0 	 0.0 	 0.0 	 0.0 	 0.0 	 0.0 	 0.0 	 0.0 	 
2.976 	 0.0 	 0.0 	 0.0 	 0.0 	 0.0 	 0.0 	 0.0 	 0.0 	 
