-3.0 	 1.42294961688269E-4 	 6.687623008582256E-5 	 1.348662146716548E-4 	 4.570388861450047E-6 	 1.42294961688269E-4 	 6.687623008582256E-5 	 1.348662146716548E-4 	 4.570388861450047E-6 	 
-2.976 	 1.329641573497723E-4 	 7.03283503519816E-5 	 1.3194537185369542E-4 	 5.376630827967724E-6 	 1.329641573497723E-4 	 7.03283503519816E-5 	 1.3194537185369542E-4 	 5.376630827967724E-6 	 
-2.952 	 2.0082122102475956E-4 	 7.509592016802417E-5 	 1.7672578946169518E-4 	 5.751982721755973E-6 	 2.0082122102475956E-4 	 7.509592016802417E-5 	 1.7672578946169518E-4 	 5.751982721755973E-6 	 
-2.928 	 2.346871356645606E-4 	 9.394722551293444E-5 	 2.2695622755970852E-4 	 7.132971511356385E-6 	 2.346871356645606E-4 	 9.394722551293444E-5 	 2.2695622755970852E-4 	 7.132971511356385E-6 	 
-2.904 	 1.7832958359768712E-4 	 9.425320832523183E-5 	 1.7211996580265542E-4 	 8.093632771820383E-6 	 1.7832958359768712E-4 	 9.425320832523183E-5 	 1.7211996580265542E-4 	 8.093632771820383E-6 	 
-2.88 	 1.8825465288653808E-4 	 9.576214004897496E-5 	 1.8137276185375831E-4 	 6.990547404413213E-6 	 1.8825465288653808E-4 	 9.576214004897496E-5 	 1.8137276185375831E-4 	 6.990547404413213E-6 	 
-2.856 	 1.930315747629345E-4 	 9.846902160264308E-5 	 1.84123331280781E-4 	 6.667597178615454E-6 	 1.930315747629345E-4 	 9.846902160264308E-5 	 1.84123331280781E-4 	 6.667597178615454E-6 	 
-2.832 	 1.9343254273209722E-4 	 1.0193332480904396E-4 	 1.8696299872323567E-4 	 6.546613028633738E-6 	 1.9343254273209722E-4 	 1.0193332480904396E-4 	 1.8696299872323567E-4 	 6.546613028633738E-6 	 
-2.808 	 2.5716962489357776E-4 	 1.0588675311916794E-4 	 2.3279319933774829E-4 	 6.5070618131607E-6 	 2.5716962489357776E-4 	 1.0588675311916794E-4 	 2.3279319933774829E-4 	 6.5070618131607E-6 	 
-2.784 	 3.9377242718365463E-4 	 1.2031344178939994E-4 	 3.548828821790276E-4 	 9.512065041502266E-6 	 3.9377242718365463E-4 	 1.2031344178939994E-4 	 3.548828821790276E-4 	 9.512065041502266E-6 	 
-2.76 	 4.072219284020945E-4 	 1.3980930812806477E-4 	 3.850469511642271E-4 	 1.0322744972045563E-5 	 4.072219284020945E-4 	 1.3980930812806477E-4 	 3.850469511642271E-4 	 1.0322744972045563E-5 	 
-2.7359999999999998 	 3.0707193852487936E-4 	 1.420875423629543E-4 	 3.020104860315176E-4 	 1.0321498917071609E-5 	 3.0707193852487936E-4 	 1.420875423629543E-4 	 3.020104860315176E-4 	 1.0321498917071609E-5 	 
-2.7119999999999997 	 2.797154600746365E-4 	 1.4411210377469235E-4 	 2.6849115618814666E-4 	 1.0846392597429207E-5 	 2.797154600746365E-4 	 1.4411210377469235E-4 	 2.6849115618814666E-4 	 1.0846392597429207E-5 	 
-2.688 	 2.8020112815109634E-4 	 1.5231874383090938E-4 	 2.727509857482063E-4 	 1.0723510245009468E-5 	 2.8020112815109634E-4 	 1.5231874383090938E-4 	 2.727509857482063E-4 	 1.0723510245009468E-5 	 
-2.664 	 2.644269398497396E-4 	 1.4196513603113552E-4 	 2.54034758988305E-4 	 1.131931690309169E-5 	 2.644269398497396E-4 	 1.4196513603113552E-4 	 2.54034758988305E-4 	 1.131931690309169E-5 	 
-2.64 	 3.978751514143787E-4 	 1.4681323125075813E-4 	 3.5618808714025623E-4 	 1.0154564641161756E-5 	 3.978751514143787E-4 	 1.4681323125075813E-4 	 3.5618808714025623E-4 	 1.0154564641161756E-5 	 
-2.616 	 5.122502847961187E-4 	 1.6981341108574105E-4 	 4.7514546823745896E-4 	 1.142960296047087E-5 	 5.122502847961187E-4 	 1.6981341108574105E-4 	 4.7514546823745896E-4 	 1.142960296047087E-5 	 
-2.592 	 4.7362070284796994E-4 	 1.835693757851587E-4 	 4.508496692766329E-4 	 1.2900319238571559E-5 	 4.7362070284796994E-4 	 1.835693757851587E-4 	 4.508496692766329E-4 	 1.2900319238571559E-5 	 
-2.568 	 3.6893615749038623E-4 	 1.9962622354102315E-4 	 3.690070189866287E-4 	 1.2745430298225254E-5 	 3.6893615749038623E-4 	 1.9962622354102315E-4 	 3.690070189866287E-4 	 1.2745430298225254E-5 	 
-2.544 	 3.5507724831508066E-4 	 2.0087076204353314E-4 	 3.383181756808461E-4 	 1.4576409336679746E-5 	 3.5507724831508066E-4 	 2.0087076204353314E-4 	 3.383181756808461E-4 	 1.4576409336679746E-5 	 
-2.52 	 4.954694370814228E-4 	 2.095203028810287E-4 	 4.571788725838009E-4 	 1.5380017839256065E-5 	 4.954694370814228E-4 	 2.095203028810287E-4 	 4.571788725838009E-4 	 1.5380017839256065E-5 	 
-2.496 	 5.585421798720291E-4 	 2.2743377901577434E-4 	 5.253345298826533E-4 	 1.8329210652739498E-5 	 5.585421798720291E-4 	 2.2743377901577434E-4 	 5.253345298826533E-4 	 1.8329210652739498E-5 	 
-2.472 	 4.8007055355683733E-4 	 2.1873942581522376E-4 	 4.672890073612871E-4 	 1.8794024842820065E-5 	 4.8007055355683733E-4 	 2.1873942581522376E-4 	 4.672890073612871E-4 	 1.8794024842820065E-5 	 
-2.448 	 4.96574448006688E-4 	 2.1860880835336747E-4 	 4.6339798937667856E-4 	 1.947402609132983E-5 	 4.96574448006688E-4 	 2.1860880835336747E-4 	 4.6339798937667856E-4 	 1.947402609132983E-5 	 
-2.424 	 7.071698938212927E-4 	 2.3851010921432199E-4 	 6.425204438831315E-4 	 2.0872165236647335E-5 	 7.071698938212927E-4 	 2.3851010921432199E-4 	 6.425204438831315E-4 	 2.0872165236647335E-5 	 
-2.4 	 7.482801147056839E-4 	 2.725120283783825E-4 	 7.106093078249251E-4 	 2.210329692414333E-5 	 7.482801147056839E-4 	 2.725120283783825E-4 	 7.106093078249251E-4 	 2.210329692414333E-5 	 
-2.376 	 6.620752517212627E-4 	 2.894539188328857E-4 	 6.344603603127215E-4 	 2.2285926751446523E-5 	 6.620752517212627E-4 	 2.894539188328857E-4 	 6.344603603127215E-4 	 2.2285926751446523E-5 	 
-2.352 	 8.044048822651447E-4 	 3.027859935498615E-4 	 7.410951070290705E-4 	 2.4594773478734877E-5 	 8.044048822651447E-4 	 3.027859935498615E-4 	 7.410951070290705E-4 	 2.4594773478734877E-5 	 
-2.328 	 8.061589835539116E-4 	 3.5157135526278795E-4 	 7.826053871031543E-4 	 2.9340474956115538E-5 	 8.061589835539116E-4 	 3.5157135526278795E-4 	 7.826053871031543E-4 	 2.9340474956115538E-5 	 
-2.304 	 8.156414882229057E-4 	 3.5850501931680847E-4 	 7.605694083572639E-4 	 2.885009975219875E-5 	 8.156414882229057E-4 	 3.5850501931680847E-4 	 7.605694083572639E-4 	 2.885009975219875E-5 	 
-2.2800000000000002 	 9.648133491648036E-4 	 3.806271472331335E-4 	 9.09441373654442E-4 	 3.244471021900302E-5 	 9.648133491648036E-4 	 3.806271472331335E-4 	 9.09441373654442E-4 	 3.244471021900302E-5 	 
-2.2560000000000002 	 9.655418254625602E-4 	 3.9182334641132743E-4 	 9.130204565364076E-4 	 2.5687150141256497E-5 	 9.655418254625602E-4 	 3.9182334641132743E-4 	 9.130204565364076E-4 	 2.5687150141256497E-5 	 
-2.232 	 0.001139087592252519 	 4.157935803506334E-4 	 0.0010509418510069185 	 3.21805587003323E-5 	 0.001139087592252519 	 4.157935803506334E-4 	 0.0010509418510069185 	 3.21805587003323E-5 	 
-2.208 	 0.001215509311920592 	 4.3676828932411754E-4 	 0.0011494784011197425 	 3.370826775117955E-5 	 0.001215509311920592 	 4.3676828932411754E-4 	 0.0011494784011197425 	 3.370826775117955E-5 	 
-2.184 	 0.0012233603254410814 	 4.5919831637607195E-4 	 0.0011453896967040145 	 3.513323692766191E-5 	 0.0012233603254410814 	 4.5919831637607195E-4 	 0.0011453896967040145 	 3.513323692766191E-5 	 
-2.16 	 0.0012715939618600759 	 4.8525635632573334E-4 	 0.0012064549282764935 	 3.578119513629527E-5 	 0.0012715939618600759 	 4.8525635632573334E-4 	 0.0012064549282764935 	 3.578119513629527E-5 	 
-2.136 	 0.0012555585637073032 	 5.002695733185217E-4 	 0.0011893056004365857 	 3.608353329661471E-5 	 0.0012555585637073032 	 5.002695733185217E-4 	 0.0011893056004365857 	 3.608353329661471E-5 	 
-2.112 	 0.0014245275482279419 	 5.386475520774586E-4 	 0.0013276870674878045 	 4.166238865114896E-5 	 0.0014245275482279419 	 5.386475520774586E-4 	 0.0013276870674878045 	 4.166238865114896E-5 	 
-2.088 	 0.00145584644726165 	 5.788465901031268E-4 	 0.0013902148471711926 	 4.410148307669731E-5 	 0.00145584644726165 	 5.788465901031268E-4 	 0.0013902148471711926 	 4.410148307669731E-5 	 
-2.064 	 0.001570699399543946 	 6.048743751124529E-4 	 0.0014589750875665384 	 4.439749157895161E-5 	 0.001570699399543946 	 6.048743751124529E-4 	 0.0014589750875665384 	 4.439749157895161E-5 	 
-2.04 	 0.0018319766621034369 	 6.479860684823517E-4 	 0.001712707318327107 	 4.814697181558414E-5 	 0.0018319766621034369 	 6.479860684823517E-4 	 0.001712707318327107 	 4.814697181558414E-5 	 
-2.016 	 0.0019148214508774913 	 7.002814872991163E-4 	 0.0017984546611452673 	 5.2932624557884076E-5 	 0.0019148214508774913 	 7.002814872991163E-4 	 0.0017984546611452673 	 5.2932624557884076E-5 	 
-1.992 	 0.0019526823021577921 	 7.507536330779639E-4 	 0.001850996550907666 	 5.527708391176855E-5 	 0.0019526823021577921 	 7.507536330779639E-4 	 0.001850996550907666 	 5.527708391176855E-5 	 
-1.968 	 0.002105372990263658 	 7.909385763909E-4 	 0.0019699063799514245 	 5.317427120541058E-5 	 0.002105372990263658 	 7.909385763909E-4 	 0.0019699063799514245 	 5.317427120541058E-5 	 
-1.944 	 0.002276113934540131 	 8.77769005502872E-4 	 0.002149295299885932 	 5.7625492912795505E-5 	 0.002276113934540131 	 8.77769005502872E-4 	 0.002149295299885932 	 5.7625492912795505E-5 	 
-1.92 	 0.0024554102123392455 	 9.263345846643351E-4 	 0.0022958023888632693 	 5.9521606617320884E-5 	 0.0024554102123392455 	 9.263345846643351E-4 	 0.0022958023888632693 	 5.9521606617320884E-5 	 
-1.896 	 0.0028542464469350115 	 9.952842304702496E-4 	 0.0026517356058035303 	 6.30913478642698E-5 	 0.0028542464469350115 	 9.952842304702496E-4 	 0.0026517356058035303 	 6.30913478642698E-5 	 
-1.8719999999999999 	 0.0030338290347655234 	 0.0010835395779477022 	 0.0028578627238370733 	 6.311111421270558E-5 	 0.0030338290347655234 	 0.0010835395779477022 	 0.0028578627238370733 	 6.311111421270558E-5 	 
-1.8479999999999999 	 0.003094351050674075 	 0.001168915845632119 	 0.002918709267411712 	 6.587348033723681E-5 	 0.003094351050674075 	 0.001168915845632119 	 0.002918709267411712 	 6.587348033723681E-5 	 
-1.824 	 0.0036168147888201345 	 0.00128518599547502 	 0.003349457752259461 	 6.554682109557524E-5 	 0.0036168147888201345 	 0.00128518599547502 	 0.003349457752259461 	 6.554682109557524E-5 	 
-1.8 	 0.004101434826234154 	 0.0014343668061351322 	 0.0038392209757197177 	 7.133270351463067E-5 	 0.004101434826234154 	 0.0014343668061351322 	 0.0038392209757197177 	 7.133270351463067E-5 	 
-1.776 	 0.0044290345221974226 	 0.0015653990479535759 	 0.004130940196258777 	 7.914032965559788E-5 	 0.0044290345221974226 	 0.0015653990479535759 	 0.004130940196258777 	 7.914032965559788E-5 	 
-1.752 	 0.004907060984395989 	 0.0017021840889191165 	 0.004581275716281059 	 8.46747948774528E-5 	 0.004907060984395989 	 0.0017021840889191165 	 0.004581275716281059 	 8.46747948774528E-5 	 
-1.728 	 0.004934426937844039 	 0.0018283573452565413 	 0.004679810845350785 	 8.774584863042798E-5 	 0.004934426937844039 	 0.0018283573452565413 	 0.004679810845350785 	 8.774584863042798E-5 	 
-1.704 	 0.005176220612093615 	 0.0019303285089167011 	 0.004847222859327115 	 9.32431182493474E-5 	 0.005176220612093615 	 0.0019303285089167011 	 0.004847222859327115 	 9.32431182493474E-5 	 
-1.68 	 0.006077541916609687 	 0.0020974755528090244 	 0.0056433505659201685 	 9.822339804683445E-5 	 0.006077541916609687 	 0.0020974755528090244 	 0.0056433505659201685 	 9.822339804683445E-5 	 
-1.656 	 0.0064496800079151114 	 0.002327258667941205 	 0.00608517183705665 	 1.0526493386128644E-4 	 0.0064496800079151114 	 0.002327258667941205 	 0.00608517183705665 	 1.0526493386128644E-4 	 
-1.632 	 0.006844889519053626 	 0.002529609881491572 	 0.006402669927990555 	 1.0848222675322313E-4 	 0.006844889519053626 	 0.002529609881491572 	 0.006402669927990555 	 1.0848222675322313E-4 	 
-1.6079999999999999 	 0.007692648105727206 	 0.002735720396475229 	 0.007192795811366686 	 1.2221463473035518E-4 	 0.007692648105727206 	 0.002735720396475229 	 0.007192795811366686 	 1.2221463473035518E-4 	 
-1.584 	 0.008458103446413581 	 0.003012578124715496 	 0.007900213457244324 	 1.237935292063438E-4 	 0.008458103446413581 	 0.003012578124715496 	 0.007900213457244324 	 1.237935292063438E-4 	 
-1.56 	 0.009115155884543083 	 0.0032635759855116856 	 0.008554921951723965 	 1.3830315794427462E-4 	 0.009115155884543083 	 0.0032635759855116856 	 0.008554921951723965 	 1.3830315794427462E-4 	 
-1.536 	 0.00982618901566132 	 0.003531810993469991 	 0.009198536439753708 	 1.4349778522137587E-4 	 0.00982618901566132 	 0.003531810993469991 	 0.009198536439753708 	 1.4349778522137587E-4 	 
-1.512 	 0.010992595966436753 	 0.0038703521997959247 	 0.010255101924857379 	 1.5441840095704377E-4 	 0.010992595966436753 	 0.0038703521997959247 	 0.010255101924857379 	 1.5441840095704377E-4 	 
-1.488 	 0.012237770655159505 	 0.004272104181899582 	 0.011422777295061817 	 1.682706125524687E-4 	 0.012237770655159505 	 0.004272104181899582 	 0.011422777295061817 	 1.682706125524687E-4 	 
-1.464 	 0.013403327982456598 	 0.004718263212181714 	 0.0125306071279672 	 1.7723880440551903E-4 	 0.013403327982456598 	 0.004718263212181714 	 0.0125306071279672 	 1.7723880440551903E-4 	 
-1.44 	 0.014612175958763065 	 0.0051788467712744965 	 0.013669864655321254 	 1.9287512969879585E-4 	 0.014612175958763065 	 0.0051788467712744965 	 0.013669864655321254 	 1.9287512969879585E-4 	 
-1.416 	 0.01597162112247256 	 0.005666134511196559 	 0.014940558642374882 	 1.98508377801498E-4 	 0.01597162112247256 	 0.005666134511196559 	 0.014940558642374882 	 1.98508377801498E-4 	 
-1.392 	 0.01722272222266357 	 0.006277230805356659 	 0.016167558887737188 	 2.1116995886315216E-4 	 0.01722272222266357 	 0.006277230805356659 	 0.016167558887737188 	 2.1116995886315216E-4 	 
-1.3679999999999999 	 0.019249763162407136 	 0.006915868265749771 	 0.01793505926053112 	 2.200727791671347E-4 	 0.019249763162407136 	 0.006915868265749771 	 0.01793505926053112 	 2.200727791671347E-4 	 
-1.3439999999999999 	 0.02103950755563327 	 0.0077379763220507035 	 0.019776798593455946 	 2.46842583777847E-4 	 0.02103950755563327 	 0.0077379763220507035 	 0.019776798593455946 	 2.46842583777847E-4 	 
-1.32 	 0.022361842501125224 	 0.00851570796968344 	 0.020995887704154073 	 2.6303068459362596E-4 	 0.022361842501125224 	 0.00851570796968344 	 0.020995887704154073 	 2.6303068459362596E-4 	 
-1.296 	 0.0243566326889197 	 0.00946276947722255 	 0.022891489731836863 	 2.863501495888696E-4 	 0.0243566326889197 	 0.00946276947722255 	 0.022891489731836863 	 2.863501495888696E-4 	 
-1.272 	 0.025877561192564184 	 0.010485241941749013 	 0.024421687525048454 	 3.010355477496273E-4 	 0.025877561192564184 	 0.010485241941749013 	 0.024421687525048454 	 3.010355477496273E-4 	 
-1.248 	 0.027740543680751104 	 0.011700037787379089 	 0.02615981786290018 	 3.2338149287984807E-4 	 0.027740543680751104 	 0.011700037787379089 	 0.02615981786290018 	 3.2338149287984807E-4 	 
-1.224 	 0.029584480059898277 	 0.013148287483961412 	 0.02804390390533262 	 3.46772120340275E-4 	 0.029584480059898277 	 0.013148287483961412 	 0.02804390390533262 	 3.46772120340275E-4 	 
-1.2 	 0.03098501147630044 	 0.014729519615870223 	 0.029467678296174412 	 3.725984210203923E-4 	 0.03098501147630044 	 0.014729519615870223 	 0.029467678296174412 	 3.725984210203923E-4 	 
-1.176 	 0.032633003810261976 	 0.01672341878672784 	 0.031148597857302562 	 4.059152192490966E-4 	 0.032633003810261976 	 0.01672341878672784 	 0.031148597857302562 	 4.059152192490966E-4 	 
-1.152 	 0.034509728026617406 	 0.018760066034497556 	 0.03300727474021175 	 4.2856589562684217E-4 	 0.034509728026617406 	 0.018760066034497556 	 0.03300727474021175 	 4.2856589562684217E-4 	 
-1.128 	 0.03546595615797371 	 0.021026005483760102 	 0.034256552427938756 	 4.6704257121071407E-4 	 0.03546595615797371 	 0.021026005483760102 	 0.034256552427938756 	 4.6704257121071407E-4 	 
-1.1039999999999999 	 0.035535597796575884 	 0.023289352482728454 	 0.03455259943509656 	 5.007785317941831E-4 	 0.035535597796575884 	 0.023289352482728454 	 0.03455259943509656 	 5.007785317941831E-4 	 
-1.08 	 0.03681112327185502 	 0.025591037520844684 	 0.03577770973995482 	 5.504965714655327E-4 	 0.03681112327185502 	 0.025591037520844684 	 0.03577770973995482 	 5.504965714655327E-4 	 
-1.056 	 0.037335609732743504 	 0.027977955404339252 	 0.036660440718723646 	 5.946620320931946E-4 	 0.037335609732743504 	 0.027977955404339252 	 0.036660440718723646 	 5.946620320931946E-4 	 
-1.032 	 0.037219948530609635 	 0.029989517092224444 	 0.03665478597180769 	 6.418271308961708E-4 	 0.037219948530609635 	 0.029989517092224444 	 0.03665478597180769 	 6.418271308961708E-4 	 
-1.008 	 0.036811529446797615 	 0.03169669215790415 	 0.036602047500953416 	 6.824735648027619E-4 	 0.036811529446797615 	 0.03169669215790415 	 0.036602047500953416 	 6.824735648027619E-4 	 
-0.984 	 0.03476836540665623 	 0.033100061475930406 	 0.03497936265690975 	 7.162482602397146E-4 	 0.03476836540665623 	 0.033100061475930406 	 0.03497936265690975 	 7.162482602397146E-4 	 
-0.96 	 0.03293352115469727 	 0.03411251576926626 	 0.033370109703740464 	 7.611856983621474E-4 	 0.03293352115469727 	 0.03411251576926626 	 0.033370109703740464 	 7.611856983621474E-4 	 
-0.9359999999999999 	 0.030697507156160785 	 0.03458258383325876 	 0.03148003457997941 	 8.030292294055611E-4 	 0.030697507156160785 	 0.03458258383325876 	 0.03148003457997941 	 8.030292294055611E-4 	 
-0.9119999999999999 	 0.028002538248370224 	 0.03453499212303424 	 0.02900568140579126 	 8.357665648422776E-4 	 0.028002538248370224 	 0.03453499212303424 	 0.02900568140579126 	 8.357665648422776E-4 	 
-0.8879999999999999 	 0.025153592593473283 	 0.03393299599912163 	 0.02642655895981315 	 8.8469354935413E-4 	 0.025153592593473283 	 0.03393299599912163 	 0.02642655895981315 	 8.8469354935413E-4 	 
-0.8639999999999999 	 0.02202554060783823 	 0.032778876879395145 	 0.023463607761995037 	 9.238447233151613E-4 	 0.02202554060783823 	 0.032778876879395145 	 0.023463607761995037 	 9.238447233151613E-4 	 
-0.8399999999999999 	 0.019052762009055424 	 0.03136281675242299 	 0.020648102560423046 	 9.803694461135819E-4 	 0.019052762009055424 	 0.03136281675242299 	 0.020648102560423046 	 9.803694461135819E-4 	 
-0.8159999999999998 	 0.015936803957644966 	 0.02963325515198491 	 0.017667334439803502 	 0.0010266106618568058 	 0.015936803957644966 	 0.02963325515198491 	 0.017667334439803502 	 0.0010266106618568058 	 
-0.7919999999999998 	 0.013495239397954838 	 0.027739444359486755 	 0.015178354414772948 	 0.0010994339586686739 	 0.013495239397954838 	 0.027739444359486755 	 0.015178354414772948 	 0.0010994339586686739 	 
-0.7679999999999998 	 0.011207531245892252 	 0.025746605163050298 	 0.012960972740169389 	 0.0011769378988533254 	 0.011207531245892252 	 0.025746605163050298 	 0.012960972740169389 	 0.0011769378988533254 	 
-0.7439999999999998 	 0.009253213850505725 	 0.023729881829224253 	 0.010892377764292372 	 0.0012624683118742962 	 0.009253213850505725 	 0.023729881829224253 	 0.010892377764292372 	 0.0012624683118742962 	 
-0.7199999999999998 	 0.008095405524900673 	 0.02180305205446646 	 0.009641025352171793 	 0.001374559307960403 	 0.008095405524900673 	 0.02180305205446646 	 0.009641025352171793 	 0.001374559307960403 	 
-0.6959999999999997 	 0.00667394751387321 	 0.0199186079489734 	 0.008197772248146435 	 0.0014776693094968485 	 0.00667394751387321 	 0.0199186079489734 	 0.008197772248146435 	 0.0014776693094968485 	 
-0.6720000000000002 	 0.005409858346374531 	 0.018270619258935625 	 0.00687432381741341 	 0.001638154053314769 	 0.005409858346374531 	 0.018270619258935625 	 0.00687432381741341 	 0.001638154053314769 	 
-0.6480000000000001 	 0.0044882922096194985 	 0.01670826862589008 	 0.005877714047942525 	 0.0017607198948941657 	 0.0044882922096194985 	 0.01670826862589008 	 0.005877714047942525 	 0.0017607198948941657 	 
-0.6240000000000001 	 0.0037650237750166595 	 0.015394904872370415 	 0.005076954740136498 	 0.0019744962164996703 	 0.0037650237750166595 	 0.015394904872370415 	 0.005076954740136498 	 0.0019744962164996703 	 
-0.6000000000000001 	 0.003266505300023425 	 0.014013659809017802 	 0.00447638748190929 	 0.0021386740078690454 	 0.003266505300023425 	 0.014013659809017802 	 0.00447638748190929 	 0.0021386740078690454 	 
-0.5760000000000001 	 0.00283764757138167 	 0.012841928566655666 	 0.003972153802401804 	 0.0023724019070457385 	 0.00283764757138167 	 0.012841928566655666 	 0.003972153802401804 	 0.0023724019070457385 	 
-0.552 	 0.002415060444623524 	 0.011871451225003132 	 0.003491963787361829 	 0.0026119715365399473 	 0.002415060444623524 	 0.011871451225003132 	 0.003491963787361829 	 0.0026119715365399473 	 
-0.528 	 0.0020715873537980076 	 0.01086989609633124 	 0.0030664744159436663 	 0.002847620936825224 	 0.0020715873537980076 	 0.01086989609633124 	 0.0030664744159436663 	 0.002847620936825224 	 
-0.504 	 0.0017716980845911092 	 0.009986625973178467 	 0.002699395663184795 	 0.0031527289535627145 	 0.0017716980845911092 	 0.009986625973178467 	 0.002699395663184795 	 0.0031527289535627145 	 
-0.48 	 0.0015497619180024013 	 0.00912817412476909 	 0.002385910666249277 	 0.003410561693974541 	 0.0015497619180024013 	 0.00912817412476909 	 0.002385910666249277 	 0.003410561693974541 	 
-0.45599999999999996 	 0.0013534240144381495 	 0.008441596464007188 	 0.002129268206930905 	 0.0037816853018597173 	 0.0013534240144381495 	 0.008441596464007188 	 0.002129268206930905 	 0.0037816853018597173 	 
-0.43199999999999994 	 0.0011488356547471315 	 0.007744404049384337 	 0.0018460875364217893 	 0.004070770994978315 	 0.0011488356547471315 	 0.007744404049384337 	 0.0018460875364217893 	 0.004070770994978315 	 
-0.4079999999999999 	 9.875550918042335E-4 	 0.0071861427436428985 	 0.001622760406526624 	 0.004495712636023238 	 9.875550918042335E-4 	 0.0071861427436428985 	 0.001622760406526624 	 0.004495712636023238 	 
-0.3839999999999999 	 9.525689449452481E-4 	 0.006590450019578277 	 0.001482449286223033 	 0.004822158945485515 	 9.525689449452481E-4 	 0.006590450019578277 	 0.001482449286223033 	 0.004822158945485515 	 
-0.3599999999999999 	 8.816915377180593E-4 	 0.006151267838075003 	 0.0013738304869780258 	 0.005277317562706535 	 8.816915377180593E-4 	 0.006151267838075003 	 0.0013738304869780258 	 0.005277317562706535 	 
-0.33599999999999985 	 6.989353072472446E-4 	 0.0057161781590298645 	 0.001133350454798388 	 0.00573074853494346 	 6.989353072472446E-4 	 0.0057161781590298645 	 0.001133350454798388 	 0.00573074853494346 	 
-0.31199999999999983 	 6.275446100627859E-4 	 0.005259976672193447 	 9.99523598390023E-4 	 0.006157487184984438 	 6.275446100627859E-4 	 0.005259976672193447 	 9.99523598390023E-4 	 0.006157487184984438 	 
-0.2879999999999998 	 6.410760011086542E-4 	 0.004900055060980662 	 9.382221298930857E-4 	 0.006723502907332189 	 6.410760011086542E-4 	 0.004900055060980662 	 9.382221298930857E-4 	 0.006723502907332189 	 
-0.2639999999999998 	 5.353018985649765E-4 	 0.004606566309365728 	 8.248610874963024E-4 	 0.007191400753327467 	 5.353018985649765E-4 	 0.004606566309365728 	 8.248610874963024E-4 	 0.007191400753327467 	 
-0.23999999999999977 	 4.4545078361897246E-4 	 0.004308879159046928 	 6.73648385586391E-4 	 0.007836933228062766 	 4.4545078361897246E-4 	 0.004308879159046928 	 6.73648385586391E-4 	 0.007836933228062766 	 
-0.21599999999999975 	 4.6749332052447765E-4 	 0.004045593688799686 	 6.659926238833689E-4 	 0.008413454011747992 	 4.6749332052447765E-4 	 0.004045593688799686 	 6.659926238833689E-4 	 0.008413454011747992 	 
-0.19199999999999973 	 3.7703923992629397E-4 	 0.003818752949393209 	 5.517716422432167E-4 	 0.00906117087424157 	 3.7703923992629397E-4 	 0.003818752949393209 	 5.517716422432167E-4 	 0.00906117087424157 	 
-0.16800000000000015 	 3.509598423648646E-4 	 0.003589356621173632 	 4.932425828647985E-4 	 0.009778689258555016 	 3.509598423648646E-4 	 0.003589356621173632 	 4.932425828647985E-4 	 0.009778689258555016 	 
-0.14400000000000013 	 3.1179404448149526E-4 	 0.003398875164696708 	 4.3845682470577567E-4 	 0.010547462430112156 	 3.1179404448149526E-4 	 0.003398875164696708 	 4.3845682470577567E-4 	 0.010547462430112156 	 
-0.1200000000000001 	 2.9067010317114224E-4 	 0.0032293755620902156 	 3.881721072754488E-4 	 0.011416629837969306 	 2.9067010317114224E-4 	 0.0032293755620902156 	 3.881721072754488E-4 	 0.011416629837969306 	 
-0.09600000000000009 	 2.6211451873150727E-4 	 0.00305065972592712 	 3.5117581737930715E-4 	 0.012303711835510208 	 2.6211451873150727E-4 	 0.00305065972592712 	 3.5117581737930715E-4 	 0.012303711835510208 	 
-0.07200000000000006 	 2.358441769889862E-4 	 0.002929771133228757 	 3.038681480324137E-4 	 0.013299895841327774 	 2.358441769889862E-4 	 0.002929771133228757 	 3.038681480324137E-4 	 0.013299895841327774 	 
-0.04800000000000004 	 2.6218074633231034E-4 	 0.002814835302414645 	 3.1657421805710663E-4 	 0.01440551318790264 	 2.6218074633231034E-4 	 0.002814835302414645 	 3.1657421805710663E-4 	 0.01440551318790264 	 
-0.02400000000000002 	 2.5314486488216774E-4 	 0.0026827451049112674 	 2.9468841809232235E-4 	 0.015521742571434075 	 2.5314486488216774E-4 	 0.0026827451049112674 	 2.9468841809232235E-4 	 0.015521742571434075 	 
0.0 	 2.3530387700729184E-4 	 0.0026314437211846335 	 2.7253503325657747E-4 	 0.0169267290127302 	 2.3530387700729184E-4 	 0.0026314437211846335 	 2.7253503325657747E-4 	 0.0169267290127302 	 
0.02400000000000002 	 2.0690685153229257E-4 	 0.0025236337548100777 	 2.3561180564597156E-4 	 0.01834406380828825 	 2.0690685153229257E-4 	 0.0025236337548100777 	 2.3561180564597156E-4 	 0.01834406380828825 	 
0.04800000000000004 	 1.843722489684521E-4 	 0.0024563887241942023 	 2.0727370706590074E-4 	 0.019967140608690648 	 1.843722489684521E-4 	 0.0024563887241942023 	 2.0727370706590074E-4 	 0.019967140608690648 	 
0.07200000000000006 	 1.775854702965393E-4 	 0.0024115154367316967 	 1.9251883730032925E-4 	 0.02176043758151624 	 1.775854702965393E-4 	 0.0024115154367316967 	 1.9251883730032925E-4 	 0.02176043758151624 	 
0.09600000000000009 	 1.7233411160665697E-4 	 0.002364533965197516 	 1.8250448011996757E-4 	 0.023732229811069316 	 1.7233411160665697E-4 	 0.002364533965197516 	 1.8250448011996757E-4 	 0.023732229811069316 	 
0.1200000000000001 	 1.4814878706482558E-4 	 0.002333012035344959 	 1.5660046500861932E-4 	 0.02587056280401752 	 1.4814878706482558E-4 	 0.002333012035344959 	 1.5660046500861932E-4 	 0.02587056280401752 	 
0.14400000000000013 	 1.3942621469209164E-4 	 0.002312073025048608 	 1.4158476857803598E-4 	 0.02813000349742598 	 1.3942621469209164E-4 	 0.002312073025048608 	 1.4158476857803598E-4 	 0.02813000349742598 	 
0.16800000000000015 	 1.423569099731957E-4 	 0.002306866005545978 	 1.4079456964102504E-4 	 0.030404524278691215 	 1.423569099731957E-4 	 0.002306866005545978 	 1.4079456964102504E-4 	 0.030404524278691215 	 
0.19200000000000017 	 1.4933966107908073E-4 	 0.0022850401940442927 	 1.408664850443847E-4 	 0.03254662370907967 	 1.4933966107908073E-4 	 0.0022850401940442927 	 1.408664850443847E-4 	 0.03254662370907967 	 
0.2160000000000002 	 1.486228868664021E-4 	 0.002288594354066013 	 1.4207152670385887E-4 	 0.034661420341344416 	 1.486228868664021E-4 	 0.002288594354066013 	 1.4207152670385887E-4 	 0.034661420341344416 	 
0.2400000000000002 	 1.5902645123556917E-4 	 0.002242986982633373 	 1.4383454997844627E-4 	 0.036096435700644164 	 1.5902645123556917E-4 	 0.002242986982633373 	 1.4383454997844627E-4 	 0.036096435700644164 	 
0.26400000000000023 	 2.1168667134067282E-4 	 0.0022351060207419036 	 1.8953273424433004E-4 	 0.03752914226257434 	 2.1168667134067282E-4 	 0.0022351060207419036 	 1.8953273424433004E-4 	 0.03752914226257434 	 
0.28800000000000026 	 2.0288101985188343E-4 	 0.0021971214633548703 	 1.8881198617977585E-4 	 0.03821306894002095 	 2.0288101985188343E-4 	 0.0021971214633548703 	 1.8881198617977585E-4 	 0.03821306894002095 	 
0.3120000000000003 	 1.6097420102972098E-4 	 0.002130789913609008 	 1.4907148839683417E-4 	 0.038502574861276825 	 1.6097420102972098E-4 	 0.002130789913609008 	 1.4907148839683417E-4 	 0.038502574861276825 	 
0.33599999999999985 	 1.5617115359777342E-4 	 0.0020465553647190994 	 1.4160491190949503E-4 	 0.037980268608894974 	 1.5617115359777342E-4 	 0.0020465553647190994 	 1.4160491190949503E-4 	 0.037980268608894974 	 
0.3599999999999999 	 1.4447121269808922E-4 	 0.0019281941075838238 	 1.316207239005096E-4 	 0.036746869553377436 	 1.4447121269808922E-4 	 0.0019281941075838238 	 1.316207239005096E-4 	 0.036746869553377436 	 
0.3839999999999999 	 1.3591850565397448E-4 	 0.0018088473860382768 	 1.2120616431844786E-4 	 0.0351599700942473 	 1.3591850565397448E-4 	 0.0018088473860382768 	 1.2120616431844786E-4 	 0.0351599700942473 	 
0.4079999999999999 	 1.4531579205983555E-4 	 0.0016730231450838072 	 1.2944574364278914E-4 	 0.03295835992196596 	 1.4531579205983555E-4 	 0.0016730231450838072 	 1.2944574364278914E-4 	 0.03295835992196596 	 
0.43199999999999994 	 1.4011610748792218E-4 	 0.0015466950321397198 	 1.2700941816367212E-4 	 0.03073908865587153 	 1.4011610748792218E-4 	 0.0015466950321397198 	 1.2700941816367212E-4 	 0.03073908865587153 	 
0.45599999999999996 	 1.2645936547069246E-4 	 0.0013916173319950215 	 1.1458830365815416E-4 	 0.02791383220401641 	 1.2645936547069246E-4 	 0.0013916173319950215 	 1.1458830365815416E-4 	 0.02791383220401641 	 
0.48 	 1.0682555166313462E-4 	 0.0012430780320822376 	 9.869095309435835E-5 	 0.02488497261318692 	 1.0682555166313462E-4 	 0.0012430780320822376 	 9.869095309435835E-5 	 0.02488497261318692 	 
0.504 	 9.11072120613153E-5 	 0.0010865378700030245 	 8.261982552939811E-5 	 0.021836451412179325 	 9.11072120613153E-5 	 0.0010865378700030245 	 8.261982552939811E-5 	 0.021836451412179325 	 
0.528 	 9.641539916728849E-5 	 9.412023811749764E-4 	 8.560775707812355E-5 	 0.019067884151370562 	 9.641539916728849E-5 	 9.412023811749764E-4 	 8.560775707812355E-5 	 0.019067884151370562 	 
0.552 	 7.913005316145508E-5 	 8.32412219590628E-4 	 7.474361490094255E-5 	 0.01670514777509124 	 7.913005316145508E-5 	 8.32412219590628E-4 	 7.474361490094255E-5 	 0.01670514777509124 	 
0.5760000000000001 	 5.582389107463068E-5 	 7.154253345570045E-4 	 5.1286991147852685E-5 	 0.014455270822022562 	 5.582389107463068E-5 	 7.154253345570045E-4 	 5.1286991147852685E-5 	 0.014455270822022562 	 
0.6000000000000001 	 5.832446155430228E-5 	 6.161272684326644E-4 	 5.2619816554868784E-5 	 0.012401498934512789 	 5.832446155430228E-5 	 6.161272684326644E-4 	 5.2619816554868784E-5 	 0.012401498934512789 	 
0.6240000000000001 	 4.808709726559786E-5 	 5.397162952040335E-4 	 4.521706405577981E-5 	 0.010811662329234096 	 4.808709726559786E-5 	 5.397162952040335E-4 	 4.521706405577981E-5 	 0.010811662329234096 	 
0.6480000000000001 	 3.27989013658813E-5 	 4.627480089686437E-4 	 3.052997979335168E-5 	 0.009367307744048897 	 3.27989013658813E-5 	 4.627480089686437E-4 	 3.052997979335168E-5 	 0.009367307744048897 	 
0.6720000000000002 	 2.8071630208311558E-5 	 4.0035714241575167E-4 	 2.5855958312384067E-5 	 0.008068306723294975 	 2.8071630208311558E-5 	 4.0035714241575167E-4 	 2.5855958312384067E-5 	 0.008068306723294975 	 
0.6960000000000002 	 3.434009086205219E-5 	 3.483274864637222E-4 	 2.9905917164327005E-5 	 0.007036036700122089 	 3.434009086205219E-5 	 3.483274864637222E-4 	 2.9905917164327005E-5 	 0.007036036700122089 	 
0.7200000000000002 	 3.71399036283601E-5 	 3.076674236602572E-4 	 3.390980845788176E-5 	 0.006243885574361058 	 3.71399036283601E-5 	 3.076674236602572E-4 	 3.390980845788176E-5 	 0.006243885574361058 	 
0.7440000000000002 	 2.488320216634819E-5 	 2.735604967861738E-4 	 2.3911192383450914E-5 	 0.0055240581046881575 	 2.488320216634819E-5 	 2.735604967861738E-4 	 2.3911192383450914E-5 	 0.0055240581046881575 	 
0.7680000000000002 	 1.6966215319237788E-5 	 2.3398598935698667E-4 	 1.589518242262029E-5 	 0.004722272617173104 	 1.6966215319237788E-5 	 2.3398598935698667E-4 	 1.589518242262029E-5 	 0.004722272617173104 	 
0.7920000000000003 	 1.409210741544837E-5 	 1.9366056449417903E-4 	 1.3006722859895053E-5 	 0.003940616952576559 	 1.409210741544837E-5 	 1.9366056449417903E-4 	 1.3006722859895053E-5 	 0.003940616952576559 	 
0.8160000000000003 	 1.1633838063045136E-5 	 1.6374297936139223E-4 	 1.0601445912242432E-5 	 0.003306349194881935 	 1.1633838063045136E-5 	 1.6374297936139223E-4 	 1.0601445912242432E-5 	 0.003306349194881935 	 
0.8399999999999999 	 1.0192927085199362E-5 	 1.4138326032830028E-4 	 9.276539214662327E-6 	 0.0028633432355070617 	 1.0192927085199362E-5 	 1.4138326032830028E-4 	 9.276539214662327E-6 	 0.0028633432355070617 	 
0.8639999999999999 	 8.41474998949262E-6 	 1.1932819524464587E-4 	 7.804632916484418E-6 	 0.0023870246472577476 	 8.41474998949262E-6 	 1.1932819524464587E-4 	 7.804632916484418E-6 	 0.0023870246472577476 	 
0.8879999999999999 	 7.165396523283028E-6 	 1.0361248017195139E-4 	 6.657402974818132E-6 	 0.0020437385015081087 	 7.165396523283028E-6 	 1.0361248017195139E-4 	 6.657402974818132E-6 	 0.0020437385015081087 	 
0.9119999999999999 	 6.176926291547705E-6 	 8.921457010555696E-5 	 5.684887090117205E-6 	 0.0017615537562804438 	 6.176926291547705E-6 	 8.921457010555696E-5 	 5.684887090117205E-6 	 0.0017615537562804438 	 
0.9359999999999999 	 5.495072162752166E-6 	 7.748062247672526E-5 	 4.97786560784748E-6 	 0.001553690328585485 	 5.495072162752166E-6 	 7.748062247672526E-5 	 4.97786560784748E-6 	 0.001553690328585485 	 
0.96 	 4.4888352534553395E-6 	 6.604009055196747E-5 	 4.161981882195344E-6 	 0.001290778703925838 	 4.4888352534553395E-6 	 6.604009055196747E-5 	 4.161981882195344E-6 	 0.001290778703925838 	 
0.984 	 3.888252842937781E-6 	 5.6914059490450534E-5 	 3.5471021059376843E-6 	 0.0011163967065027866 	 3.888252842937781E-6 	 5.6914059490450534E-5 	 3.5471021059376843E-6 	 0.0011163967065027866 	 
1.008 	 8.245261602140286E-6 	 4.895032209417874E-5 	 6.678159811589808E-6 	 9.644368833458352E-4 	 8.245261602140286E-6 	 4.895032209417874E-5 	 6.678159811589808E-6 	 9.644368833458352E-4 	 
1.032 	 7.975993489314129E-6 	 4.2862125407525135E-5 	 7.615602380222012E-6 	 8.314507955105263E-4 	 7.975993489314129E-6 	 4.2862125407525135E-5 	 7.615602380222012E-6 	 8.314507955105263E-4 	 
1.056 	 2.6941360031325344E-6 	 3.8621437163084455E-5 	 2.667456093375889E-6 	 7.604808084765567E-4 	 2.6941360031325344E-6 	 3.8621437163084455E-5 	 2.667456093375889E-6 	 7.604808084765567E-4 	 
1.08 	 2.234657528735276E-6 	 3.366154350787705E-5 	 2.105027595415146E-6 	 6.581483978677306E-4 	 2.234657528735276E-6 	 3.366154350787705E-5 	 2.105027595415146E-6 	 6.581483978677306E-4 	 
1.104 	 2.0164463654939496E-6 	 3.0123279464205168E-5 	 1.871782471557149E-6 	 5.896628163905724E-4 	 2.0164463654939496E-6 	 3.0123279464205168E-5 	 1.871782471557149E-6 	 5.896628163905724E-4 	 
1.1280000000000001 	 1.8752033102662108E-6 	 2.7632159256956824E-5 	 1.7781654645392066E-6 	 5.365126546429545E-4 	 1.8752033102662108E-6 	 2.7632159256956824E-5 	 1.7781654645392066E-6 	 5.365126546429545E-4 	 
1.1520000000000001 	 1.5607888741424682E-6 	 2.3488338015760072E-5 	 1.493885157129735E-6 	 4.569918043955638E-4 	 1.5607888741424682E-6 	 2.3488338015760072E-5 	 1.493885157129735E-6 	 4.569918043955638E-4 	 
1.1760000000000002 	 1.4298986950543637E-6 	 2.1061961929332704E-5 	 1.2967619008383831E-6 	 4.137042530214175E-4 	 1.4298986950543637E-6 	 2.1061961929332704E-5 	 1.2967619008383831E-6 	 4.137042530214175E-4 	 
1.2000000000000002 	 6.22349097921689E-6 	 1.898538146762383E-5 	 4.922061371605323E-6 	 3.6925255969459263E-4 	 6.22349097921689E-6 	 1.898538146762383E-5 	 4.922061371605323E-6 	 3.6925255969459263E-4 	 
1.2240000000000002 	 6.211067002480228E-6 	 1.6156510355239568E-5 	 6.06204422142805E-6 	 3.08740375830915E-4 	 6.211067002480228E-6 	 1.6156510355239568E-5 	 6.06204422142805E-6 	 3.08740375830915E-4 	 
1.2480000000000002 	 9.533324308058316E-7 	 1.3559742861927403E-5 	 1.080602546359887E-6 	 2.674879517033937E-4 	 9.533324308058316E-7 	 1.3559742861927403E-5 	 1.080602546359887E-6 	 2.674879517033937E-4 	 
1.2720000000000002 	 8.773400838098377E-7 	 1.2351203955564496E-5 	 8.660075008819713E-7 	 2.4992283102318914E-4 	 8.773400838098377E-7 	 1.2351203955564496E-5 	 8.660075008819713E-7 	 2.4992283102318914E-4 	 
1.2960000000000003 	 7.448625532870024E-7 	 1.1003076805543096E-5 	 6.950241755229895E-7 	 2.1783603663712162E-4 	 7.448625532870024E-7 	 1.1003076805543096E-5 	 6.950241755229895E-7 	 2.1783603663712162E-4 	 
1.3200000000000003 	 7.227506749807767E-7 	 9.780153060757583E-6 	 6.387139833270619E-7 	 2.0428291132221002E-4 	 7.227506749807767E-7 	 9.780153060757583E-6 	 6.387139833270619E-7 	 2.0428291132221002E-4 	 
1.3440000000000003 	 6.112058911676037E-7 	 8.211651622798898E-6 	 5.486112435091016E-7 	 1.7063602296108586E-4 	 6.112058911676037E-7 	 8.211651622798898E-6 	 5.486112435091016E-7 	 1.7063602296108586E-4 	 
1.3680000000000003 	 4.81286267455594E-7 	 6.881533002680743E-6 	 4.263264411134511E-7 	 1.3967679208930168E-4 	 4.81286267455594E-7 	 6.881533002680743E-6 	 4.263264411134511E-7 	 1.3967679208930168E-4 	 
1.3920000000000003 	 4.3043233707643575E-7 	 5.742552056214861E-6 	 3.588346773288123E-7 	 1.2169138149045003E-4 	 4.3043233707643575E-7 	 5.742552056214861E-6 	 3.588346773288123E-7 	 1.2169138149045003E-4 	 
1.4160000000000004 	 3.302376641318449E-7 	 4.857460443834504E-6 	 2.912189478760893E-7 	 9.916680810705722E-5 	 3.302376641318449E-7 	 4.857460443834504E-6 	 2.912189478760893E-7 	 9.916680810705722E-5 	 
1.4400000000000004 	 3.4451337684180725E-7 	 4.548723961448745E-6 	 2.9360108948006706E-7 	 9.820730639763379E-5 	 3.4451337684180725E-7 	 4.548723961448745E-6 	 2.9360108948006706E-7 	 9.820730639763379E-5 	 
1.4640000000000004 	 2.725747107418287E-7 	 3.847529484212028E-6 	 2.443560150979904E-7 	 7.884048945232873E-5 	 2.725747107418287E-7 	 3.847529484212028E-6 	 2.443560150979904E-7 	 7.884048945232873E-5 	 
1.4880000000000004 	 2.4184483326956904E-7 	 3.2940542938742287E-6 	 2.2451025722457723E-7 	 6.899017575078078E-5 	 2.4184483326956904E-7 	 3.2940542938742287E-6 	 2.2451025722457723E-7 	 6.899017575078078E-5 	 
1.5120000000000005 	 1.8234764640848074E-7 	 2.552472897947119E-6 	 1.452042589710286E-7 	 5.459334015771658E-5 	 1.8234764640848074E-7 	 2.552472897947119E-6 	 1.452042589710286E-7 	 5.459334015771658E-5 	 
1.5360000000000005 	 1.9457506369667893E-7 	 2.6576985515568046E-6 	 1.8550356245746107E-7 	 5.54217827759342E-5 	 1.9457506369667893E-7 	 2.6576985515568046E-6 	 1.8550356245746107E-7 	 5.54217827759342E-5 	 
1.5600000000000005 	 1.605772331509398E-7 	 2.1502607831096363E-6 	 1.3847445766105796E-7 	 4.804414385038428E-5 	 1.605772331509398E-7 	 2.1502607831096363E-6 	 1.3847445766105796E-7 	 4.804414385038428E-5 	 
1.5840000000000005 	 1.371732461625531E-7 	 1.9056575187716297E-6 	 1.2666439715178183E-7 	 3.953216920263364E-5 	 1.371732461625531E-7 	 1.9056575187716297E-6 	 1.2666439715178183E-7 	 3.953216920263364E-5 	 
1.6080000000000005 	 1.1207343712765198E-7 	 1.4539395147753398E-6 	 9.229899304104171E-8 	 3.287040325624067E-5 	 1.1207343712765198E-7 	 1.4539395147753398E-6 	 9.229899304104171E-8 	 3.287040325624067E-5 	 
1.6319999999999997 	 1.1088619015195404E-7 	 1.5159702240145465E-6 	 1.0219755475188986E-7 	 3.2983372205103516E-5 	 1.1088619015195404E-7 	 1.5159702240145465E-6 	 1.0219755475188986E-7 	 3.2983372205103516E-5 	 
1.6559999999999997 	 1.3258996061421799E-7 	 1.5312473687152686E-6 	 1.1474938379642504E-7 	 3.521118979306044E-5 	 1.3258996061421799E-7 	 1.5312473687152686E-6 	 1.1474938379642504E-7 	 3.521118979306044E-5 	 
1.6799999999999997 	 1.289665407812975E-7 	 1.4201582447946712E-6 	 1.3293797404679694E-7 	 3.087573609405743E-5 	 1.289665407812975E-7 	 1.4201582447946712E-6 	 1.3293797404679694E-7 	 3.087573609405743E-5 	 
1.7039999999999997 	 4.309565835789239E-8 	 6.32519274290611E-7 	 3.389390676194534E-8 	 1.2689052794346673E-5 	 4.309565835789239E-8 	 6.32519274290611E-7 	 3.389390676194534E-8 	 1.2689052794346673E-5 	 
1.7279999999999998 	 3.715224880922211E-8 	 5.074569277585645E-7 	 3.021000340034089E-8 	 1.1531991048348106E-5 	 3.715224880922211E-8 	 5.074569277585645E-7 	 3.021000340034089E-8 	 1.1531991048348106E-5 	 
1.7519999999999998 	 5.784421222169541E-8 	 6.61867086729637E-7 	 5.133216738844697E-8 	 1.4193336934466377E-5 	 5.784421222169541E-8 	 6.61867086729637E-7 	 5.133216738844697E-8 	 1.4193336934466377E-5 	 
1.7759999999999998 	 2.617679433960087E-8 	 3.453924621279271E-7 	 2.190843501067143E-8 	 7.856161084321211E-6 	 2.617679433960087E-8 	 3.453924621279271E-7 	 2.190843501067143E-8 	 7.856161084321211E-6 	 
1.7999999999999998 	 3.5418239182094144E-8 	 4.2754612979891234E-7 	 3.0848586550437036E-8 	 8.633638608965415E-6 	 3.5418239182094144E-8 	 4.2754612979891234E-7 	 3.0848586550437036E-8 	 8.633638608965415E-6 	 
1.8239999999999998 	 1.6972042585581797E-8 	 2.0333948519421195E-7 	 1.4294394112843237E-8 	 4.630678577270286E-6 	 1.6972042585581797E-8 	 2.0333948519421195E-7 	 1.4294394112843237E-8 	 4.630678577270286E-6 	 
1.8479999999999999 	 1.6283066591914947E-8 	 2.424841751256974E-7 	 1.4245277972436015E-8 	 4.578019028519958E-6 	 1.6283066591914947E-8 	 2.424841751256974E-7 	 1.4245277972436015E-8 	 4.578019028519958E-6 	 
1.8719999999999999 	 1.3774741792640668E-8 	 1.5653610168312552E-7 	 1.1936731958621582E-8 	 3.5681140481542594E-6 	 1.3774741792640668E-8 	 1.5653610168312552E-7 	 1.1936731958621582E-8 	 3.5681140481542594E-6 	 
1.896 	 1.0826428463856232E-8 	 1.533521712413762E-7 	 9.333123391062397E-9 	 2.6154612172474463E-6 	 1.0826428463856232E-8 	 1.533521712413762E-7 	 9.333123391062397E-9 	 2.6154612172474463E-6 	 
1.92 	 4.3805475461650296E-9 	 8.884085262441296E-8 	 2.5543084767886325E-9 	 1.3078266179608146E-6 	 4.3805475461650296E-9 	 8.884085262441296E-8 	 2.5543084767886325E-9 	 1.3078266179608146E-6 	 
1.944 	 4.380667839818772E-9 	 5.747154781508728E-8 	 3.48767394668687E-9 	 1.3581554275406084E-6 	 4.380667839818772E-9 	 5.747154781508728E-8 	 3.48767394668687E-9 	 1.3581554275406084E-6 	 
1.968 	 9.641931333091922E-9 	 1.344447540328757E-7 	 8.891055666078373E-9 	 2.429267728859025E-6 	 9.641931333091922E-9 	 1.344447540328757E-7 	 8.891055666078373E-9 	 2.429267728859025E-6 	 
1.992 	 1.3292944747598654E-9 	 2.3437456756642256E-8 	 6.877651235135408E-10 	 5.2464424418358E-7 	 1.3292944747598654E-9 	 2.3437456756642256E-8 	 6.877651235135408E-10 	 5.2464424418358E-7 	 
2.016 	 1.7226263119499999E-9 	 5.3983575989558293E-8 	 9.824192375625195E-10 	 6.992493470188164E-7 	 1.7226263119499999E-9 	 5.3983575989558293E-8 	 9.824192375625195E-10 	 6.992493470188164E-7 	 
2.04 	 3.4445929221021474E-9 	 6.364001879281285E-8 	 2.3086377711301167E-9 	 1.0656752644141691E-6 	 3.4445929221021474E-9 	 6.364001879281285E-8 	 2.3086377711301167E-9 	 1.0656752644141691E-6 	 
2.064 	 3.691235578814302E-9 	 4.2879122763291255E-8 	 3.0456047511411368E-9 	 1.0723559863450858E-6 	 3.691235578814302E-9 	 4.2879122763291255E-8 	 3.0456047511411368E-9 	 1.0723559863450858E-6 	 
2.088 	 8.705491220865577E-9 	 1.0029389766124636E-7 	 8.105146302655239E-9 	 1.9200823314633037E-6 	 8.705491220865577E-9 	 1.0029389766124636E-7 	 8.105146302655239E-9 	 1.9200823314633037E-6 	 
2.112 	 2.9509400977964864E-10 	 2.6458299713108383E-8 	 4.4207159601382857E-10 	 2.5643284358114313E-7 	 2.9509400977964864E-10 	 2.6458299713108383E-8 	 4.4207159601382857E-10 	 2.5643284358114313E-7 	 
2.136 	 0.0 	 0.0 	 0.0 	 0.0 	 0.0 	 0.0 	 0.0 	 0.0 	 
2.16 	 5.911564374088843E-10 	 2.4401147674609734E-8 	 3.4388202051972767E-10 	 2.7706556891167124E-7 	 5.911564374088843E-10 	 2.4401147674609734E-8 	 3.4388202051972767E-10 	 2.7706556891167124E-7 	 
2.184 	 7.890504822663109E-10 	 2.2805119203342292E-8 	 3.438603327030955E-10 	 2.764828040187133E-7 	 7.890504822663109E-10 	 2.2805119203342292E-8 	 3.438603327030955E-10 	 2.764828040187133E-7 	 
2.208 	 5.904536974554248E-10 	 2.077195662823029E-8 	 2.4563375812549237E-10 	 2.861999099375486E-7 	 5.904536974554248E-10 	 2.077195662823029E-8 	 2.4563375812549237E-10 	 2.861999099375486E-7 	 
2.232 	 4.431503806110287E-10 	 1.988146431433246E-8 	 3.438352111355781E-10 	 2.9944998414277454E-7 	 4.431503806110287E-10 	 1.988146431433246E-8 	 3.438352111355781E-10 	 2.9944998414277454E-7 	 
2.2560000000000002 	 6.399104499733751E-10 	 1.859417068460668E-8 	 3.438568987356245E-10 	 2.972483051838276E-7 	 6.399104499733751E-10 	 1.859417068460668E-8 	 3.438568987356245E-10 	 2.972483051838276E-7 	 
2.2800000000000002 	 3.944013075375401E-10 	 1.719212664394735E-8 	 4.420800393457564E-10 	 2.935119292619115E-7 	 3.944013075375401E-10 	 1.719212664394735E-8 	 4.420800393457564E-10 	 2.935119292619115E-7 	 
2.3040000000000003 	 7.875730280827646E-10 	 1.6043462630622576E-8 	 2.947670160306049E-10 	 2.960614041343369E-7 	 7.875730280827646E-10 	 1.6043462630622576E-8 	 2.947670160306049E-10 	 2.960614041343369E-7 	 
2.3280000000000003 	 6.894322610044698E-10 	 1.4592425051796029E-8 	 4.4206919554573317E-10 	 2.8579944119552254E-7 	 6.894322610044698E-10 	 1.4592425051796029E-8 	 4.4206919554573317E-10 	 2.8579944119552254E-7 	 
2.3520000000000003 	 7.873143351440747E-10 	 2.6628382011959663E-8 	 7.368071658381201E-10 	 5.57548143136662E-7 	 7.873143351440747E-10 	 2.6628382011959663E-8 	 7.368071658381201E-10 	 5.57548143136662E-7 	 
2.3760000000000003 	 1.3292944747598654E-9 	 2.3437456756642256E-8 	 6.877651235135408E-10 	 5.2464424418358E-7 	 1.3292944747598654E-9 	 2.3437456756642256E-8 	 6.877651235135408E-10 	 5.2464424418358E-7 	 
2.4000000000000004 	 1.181645688730578E-9 	 2.0461921356376208E-8 	 7.367889642634657E-10 	 4.819759082282633E-7 	 1.181645688730578E-9 	 2.0461921356376208E-8 	 7.367889642634657E-10 	 4.819759082282633E-7 	 
2.4240000000000004 	 2.7049740704838963E-9 	 3.3008707915932815E-8 	 1.9647922585361297E-9 	 8.304818191220993E-7 	 2.7049740704838963E-9 	 3.3008707915932815E-8 	 1.9647922585361297E-9 	 8.304818191220993E-7 	 
2.4480000000000004 	 3.691235578814302E-9 	 4.2879122763291255E-8 	 3.0456047511411368E-9 	 1.0723559863450858E-6 	 3.691235578814302E-9 	 4.2879122763291255E-8 	 3.0456047511411368E-9 	 1.0723559863450858E-6 	 
2.4720000000000004 	 8.114301289093125E-9 	 7.162535147858531E-8 	 7.859505185231277E-9 	 1.6738655124417658E-6 	 8.114301289093125E-9 	 7.162535147858531E-8 	 7.859505185231277E-9 	 1.6738655124417658E-6 	 
2.4960000000000004 	 0.0 	 0.0 	 0.0 	 0.0 	 0.0 	 0.0 	 0.0 	 0.0 	 
2.5200000000000005 	 0.0 	 0.0 	 0.0 	 0.0 	 0.0 	 0.0 	 0.0 	 0.0 	 
2.5440000000000005 	 0.0 	 0.0 	 0.0 	 0.0 	 0.0 	 0.0 	 0.0 	 0.0 	 
2.5680000000000005 	 0.0 	 0.0 	 0.0 	 0.0 	 0.0 	 0.0 	 0.0 	 0.0 	 
2.5920000000000005 	 0.0 	 0.0 	 0.0 	 0.0 	 0.0 	 0.0 	 0.0 	 0.0 	 
2.6160000000000005 	 0.0 	 0.0 	 0.0 	 0.0 	 0.0 	 0.0 	 0.0 	 0.0 	 
2.6399999999999997 	 0.0 	 0.0 	 0.0 	 0.0 	 0.0 	 0.0 	 0.0 	 0.0 	 
2.6639999999999997 	 0.0 	 0.0 	 0.0 	 0.0 	 0.0 	 0.0 	 0.0 	 0.0 	 
2.6879999999999997 	 0.0 	 0.0 	 0.0 	 0.0 	 0.0 	 0.0 	 0.0 	 0.0 	 
2.7119999999999997 	 0.0 	 0.0 	 0.0 	 0.0 	 0.0 	 0.0 	 0.0 	 0.0 	 
2.7359999999999998 	 0.0 	 0.0 	 0.0 	 0.0 	 0.0 	 0.0 	 0.0 	 0.0 	 
2.76 	 0.0 	 0.0 	 0.0 	 0.0 	 0.0 	 0.0 	 0.0 	 0.0 	 
2.784 	 0.0 	 0.0 	 0.0 	 0.0 	 0.0 	 0.0 	 0.0 	 0.0 	 
2.808 	 0.0 	 0.0 	 0.0 	 0.0 	 0.0 	 0.0 	 0.0 	 0.0 	 
2.832 	 0.0 	 0.0 	 0.0 	 0.0 	 0.0 	 0.0 	 0.0 	 0.0 	 
2.856 	 0.0 	 0.0 	 0.0 	 0.0 	 0.0 	 0.0 	 0.0 	 0.0 	 
2.88 	 0.0 	 0.0 	 0.0 	 0.0 	 0.0 	 0.0 	 0.0 	 0.0 	 
2.904 	 0.0 	 0.0 	 0.0 	 0.0 	 0.0 	 0.0 	 0.0 	 0.0 	 
2.928 	 0.0 	 0.0 	 0.0 	 0.0 	 0.0 	 0.0 	 0.0 	 0.0 	 
2.952 	 0.0 	 0.0 	 0.0 	 0.0 	 0.0 	 0.0 	 0.0 	 0.0 	 
2.976 	 0.0 	 0.0 	 0.0 	 0.0 	 0.0 	 0.0 	 0.0 	 0.0 	 
