-3.0 	 0.0 	 0.0 	 0.0 	 0.0 	 0.0 	 0.0 	 0.0 	 0.0 	 0.0 	 0.0 	 0.0 	 0.0 	 0.0 	 0.0 	 0.0 	 0.0 	 
-2.976 	 6.469073656448669E-9 	 1.3675121166178553E-5 	 6.469073656448669E-9 	 1.3675121166178553E-5 	 6.469073656448669E-9 	 1.3675121166178553E-5 	 6.469073656448669E-9 	 1.3675121166178553E-5 	 6.469073656448669E-9 	 1.3675121166178553E-5 	 6.469073656448669E-9 	 1.3675121166178553E-5 	 6.469073656448669E-9 	 1.3675121166178553E-5 	 6.469073656448669E-9 	 1.3675121166178553E-5 	 
-2.952 	 3.88144841325222E-8 	 1.3427985066063911E-5 	 3.88144841325222E-8 	 1.3427985066063911E-5 	 3.88144841325222E-8 	 1.3427985066063911E-5 	 3.88144841325222E-8 	 1.3427985066063911E-5 	 3.88144841325222E-8 	 1.3427985066063911E-5 	 3.88144841325222E-8 	 1.3427985066063911E-5 	 3.88144841325222E-8 	 1.3427985066063911E-5 	 3.88144841325222E-8 	 1.3427985066063911E-5 	 
-2.928 	 2.0808853594909888E-6 	 1.2304598203539182E-5 	 2.0808853594909888E-6 	 1.2304598203539182E-5 	 2.0808853594909888E-6 	 1.2304598203539182E-5 	 2.0808853594909888E-6 	 1.2304598203539182E-5 	 2.0808853594909888E-6 	 1.2304598203539182E-5 	 2.0808853594909888E-6 	 1.2304598203539182E-5 	 2.0808853594909888E-6 	 1.2304598203539182E-5 	 2.0808853594909888E-6 	 1.2304598203539182E-5 	 
-2.904 	 7.696041377676095E-6 	 1.53691448108471E-5 	 7.696041377676095E-6 	 1.53691448108471E-5 	 7.696041377676095E-6 	 1.53691448108471E-5 	 7.696041377676095E-6 	 1.53691448108471E-5 	 7.696041377676095E-6 	 1.53691448108471E-5 	 7.696041377676095E-6 	 1.53691448108471E-5 	 7.696041377676095E-6 	 1.53691448108471E-5 	 7.696041377676095E-6 	 1.53691448108471E-5 	 
-2.88 	 2.085198117455785E-6 	 2.101133367550166E-5 	 2.085198117455785E-6 	 2.101133367550166E-5 	 2.085198117455785E-6 	 2.101133367550166E-5 	 2.085198117455785E-6 	 2.101133367550166E-5 	 2.085198117455785E-6 	 2.101133367550166E-5 	 2.085198117455785E-6 	 2.101133367550166E-5 	 2.085198117455785E-6 	 2.101133367550166E-5 	 2.085198117455785E-6 	 2.101133367550166E-5 	 
-2.856 	 7.665852325085502E-6 	 2.79362360390405E-5 	 7.665852325085502E-6 	 2.79362360390405E-5 	 7.665852325085502E-6 	 2.79362360390405E-5 	 7.665852325085502E-6 	 2.79362360390405E-5 	 7.665852325085502E-6 	 2.79362360390405E-5 	 7.665852325085502E-6 	 2.79362360390405E-5 	 7.665852325085502E-6 	 2.79362360390405E-5 	 7.665852325085502E-6 	 2.79362360390405E-5 	 
-2.832 	 3.8814610714012764E-8 	 3.470115237307006E-5 	 3.8814610714012764E-8 	 3.470115237307006E-5 	 3.8814610714012764E-8 	 3.470115237307006E-5 	 3.8814610714012764E-8 	 3.470115237307006E-5 	 3.8814610714012764E-8 	 3.470115237307006E-5 	 3.8814610714012764E-8 	 3.470115237307006E-5 	 3.8814610714012764E-8 	 3.470115237307006E-5 	 3.8814610714012764E-8 	 3.470115237307006E-5 	 
-2.808 	 2.0808854438786494E-6 	 3.763709272757177E-5 	 2.0808854438786494E-6 	 3.763709272757177E-5 	 2.0808854438786494E-6 	 3.763709272757177E-5 	 2.0808854438786494E-6 	 3.763709272757177E-5 	 2.0808854438786494E-6 	 3.763709272757177E-5 	 2.0808854438786494E-6 	 3.763709272757177E-5 	 2.0808854438786494E-6 	 3.763709272757177E-5 	 2.0808854438786494E-6 	 3.763709272757177E-5 	 
-2.784 	 7.668008725164815E-6 	 3.8052572977500435E-5 	 7.668008725164815E-6 	 3.8052572977500435E-5 	 7.668008725164815E-6 	 3.8052572977500435E-5 	 7.668008725164815E-6 	 3.8052572977500435E-5 	 7.668008725164815E-6 	 3.8052572977500435E-5 	 7.668008725164815E-6 	 3.8052572977500435E-5 	 7.668008725164815E-6 	 3.8052572977500435E-5 	 7.668008725164815E-6 	 3.8052572977500435E-5 	 
-2.76 	 2.3720105515632528E-8 	 3.432278242679841E-5 	 2.3720105515632528E-8 	 3.432278242679841E-5 	 2.3720105515632528E-8 	 3.432278242679841E-5 	 2.3720105515632528E-8 	 3.432278242679841E-5 	 2.3720105515632528E-8 	 3.432278242679841E-5 	 2.3720105515632528E-8 	 3.432278242679841E-5 	 2.3720105515632528E-8 	 3.432278242679841E-5 	 2.3720105515632528E-8 	 3.432278242679841E-5 	 
-2.7359999999999998 	 2.3720063321802342E-8 	 3.474947211186498E-5 	 2.3720063321802342E-8 	 3.474947211186498E-5 	 2.3720063321802342E-8 	 3.474947211186498E-5 	 2.3720063321802342E-8 	 3.474947211186498E-5 	 2.3720063321802342E-8 	 3.474947211186498E-5 	 2.3720063321802342E-8 	 3.474947211186498E-5 	 2.3720063321802342E-8 	 3.474947211186498E-5 	 2.3720063321802342E-8 	 3.474947211186498E-5 	 
-2.7119999999999997 	 7.762892607121424E-8 	 3.122264277464592E-5 	 7.762892607121424E-8 	 3.122264277464592E-5 	 7.762892607121424E-8 	 3.122264277464592E-5 	 7.762892607121424E-8 	 3.122264277464592E-5 	 7.762892607121424E-8 	 3.122264277464592E-5 	 7.762892607121424E-8 	 3.122264277464592E-5 	 7.762892607121424E-8 	 3.122264277464592E-5 	 7.762892607121424E-8 	 3.122264277464592E-5 	 
-2.688 	 4.209210719044091E-6 	 3.2615414904670535E-5 	 4.209210719044091E-6 	 3.2615414904670535E-5 	 4.209210719044091E-6 	 3.2615414904670535E-5 	 4.209210719044091E-6 	 3.2615414904670535E-5 	 4.209210719044091E-6 	 3.2615414904670535E-5 	 4.209210719044091E-6 	 3.2615414904670535E-5 	 4.209210719044091E-6 	 3.2615414904670535E-5 	 4.209210719044091E-6 	 3.2615414904670535E-5 	 
-2.664 	 1.7451404535988332E-5 	 3.302770050674187E-5 	 1.7451404535988332E-5 	 3.302770050674187E-5 	 1.7451404535988332E-5 	 3.302770050674187E-5 	 1.7451404535988332E-5 	 3.302770050674187E-5 	 1.7451404535988332E-5 	 3.302770050674187E-5 	 1.7451404535988332E-5 	 3.302770050674187E-5 	 1.7451404535988332E-5 	 3.302770050674187E-5 	 1.7451404535988332E-5 	 3.302770050674187E-5 	 
-2.64 	 9.813584779026454E-6 	 3.574189901815714E-5 	 9.813584779026454E-6 	 3.574189901815714E-5 	 9.813584779026454E-6 	 3.574189901815714E-5 	 9.813584779026454E-6 	 3.574189901815714E-5 	 9.813584779026454E-6 	 3.574189901815714E-5 	 9.813584779026454E-6 	 3.574189901815714E-5 	 9.813584779026454E-6 	 3.574189901815714E-5 	 9.813584779026454E-6 	 3.574189901815714E-5 	 
-2.616 	 1.187721948640274E-5 	 3.894607152122258E-5 	 1.187721948640274E-5 	 3.894607152122258E-5 	 1.187721948640274E-5 	 3.894607152122258E-5 	 1.187721948640274E-5 	 3.894607152122258E-5 	 1.187721948640274E-5 	 3.894607152122258E-5 	 1.187721948640274E-5 	 3.894607152122258E-5 	 1.187721948640274E-5 	 3.894607152122258E-5 	 1.187721948640274E-5 	 3.894607152122258E-5 	 
-2.592 	 1.7455717251759296E-5 	 4.1807654535944794E-5 	 1.7455717251759296E-5 	 4.1807654535944794E-5 	 1.7455717251759296E-5 	 4.1807654535944794E-5 	 1.7455717251759296E-5 	 4.1807654535944794E-5 	 1.7455717251759296E-5 	 4.1807654535944794E-5 	 1.7455717251759296E-5 	 4.1807654535944794E-5 	 1.7455717251759296E-5 	 4.1807654535944794E-5 	 1.7455717251759296E-5 	 4.1807654535944794E-5 	 
-2.568 	 9.820054063652055E-6 	 4.560304960917686E-5 	 9.820054063652055E-6 	 4.560304960917686E-5 	 9.820054063652055E-6 	 4.560304960917686E-5 	 9.820054063652055E-6 	 4.560304960917686E-5 	 9.820054063652055E-6 	 4.560304960917686E-5 	 9.820054063652055E-6 	 4.560304960917686E-5 	 9.820054063652055E-6 	 4.560304960917686E-5 	 9.820054063652055E-6 	 4.560304960917686E-5 	 
-2.544 	 1.1898783107451392E-5 	 4.954524141211356E-5 	 1.1898783107451392E-5 	 4.954524141211356E-5 	 1.1898783107451392E-5 	 4.954524141211356E-5 	 1.1898783107451392E-5 	 4.954524141211356E-5 	 1.1898783107451392E-5 	 4.954524141211356E-5 	 1.1898783107451392E-5 	 4.954524141211356E-5 	 1.1898783107451392E-5 	 4.954524141211356E-5 	 1.1898783107451392E-5 	 4.954524141211356E-5 	 
-2.52 	 1.951288292767296E-5 	 5.129549027264421E-5 	 1.951288292767296E-5 	 5.129549027264421E-5 	 1.951288292767296E-5 	 5.129549027264421E-5 	 1.951288292767296E-5 	 5.129549027264421E-5 	 1.951288292767296E-5 	 5.129549027264421E-5 	 1.951288292767296E-5 	 5.129549027264421E-5 	 1.951288292767296E-5 	 5.129549027264421E-5 	 1.951288292767296E-5 	 5.129549027264421E-5 	 
-2.496 	 1.5392082924127496E-5 	 5.651785693546536E-5 	 1.5392082924127496E-5 	 5.651785693546536E-5 	 1.5392082924127496E-5 	 5.651785693546536E-5 	 1.5392082924127496E-5 	 5.651785693546536E-5 	 1.5392082924127496E-5 	 5.651785693546536E-5 	 1.5392082924127496E-5 	 5.651785693546536E-5 	 1.5392082924127496E-5 	 5.651785693546536E-5 	 1.5392082924127496E-5 	 5.651785693546536E-5 	 
-2.472 	 2.1843906645756574E-6 	 6.0990086311252596E-5 	 2.1843906645756574E-6 	 6.0990086311252596E-5 	 2.1843906645756574E-6 	 6.0990086311252596E-5 	 2.1843906645756574E-6 	 6.0990086311252596E-5 	 2.1843906645756574E-6 	 6.0990086311252596E-5 	 2.1843906645756574E-6 	 6.0990086311252596E-5 	 2.1843906645756574E-6 	 6.0990086311252596E-5 	 2.1843906645756574E-6 	 6.0990086311252596E-5 	 
-2.448 	 1.1913877823618932E-5 	 6.636146784934004E-5 	 1.1913877823618932E-5 	 6.636146784934004E-5 	 1.1913877823618932E-5 	 6.636146784934004E-5 	 1.1913877823618932E-5 	 6.636146784934004E-5 	 1.1913877823618932E-5 	 6.636146784934004E-5 	 1.1913877823618932E-5 	 6.636146784934004E-5 	 1.1913877823618932E-5 	 6.636146784934004E-5 	 1.1913877823618932E-5 	 6.636146784934004E-5 	 
-2.424 	 1.761097523048323E-5 	 7.038806934387541E-5 	 1.761097523048323E-5 	 7.038806934387541E-5 	 1.761097523048323E-5 	 7.038806934387541E-5 	 1.761097523048323E-5 	 7.038806934387541E-5 	 1.761097523048323E-5 	 7.038806934387541E-5 	 1.761097523048323E-5 	 7.038806934387541E-5 	 1.761097523048323E-5 	 7.038806934387541E-5 	 1.761097523048323E-5 	 7.038806934387541E-5 	 
-2.4 	 1.8171628238514948E-5 	 7.76876006893128E-5 	 1.8171628238514948E-5 	 7.76876006893128E-5 	 1.8171628238514948E-5 	 7.76876006893128E-5 	 1.8171628238514948E-5 	 7.76876006893128E-5 	 1.8171628238514948E-5 	 7.76876006893128E-5 	 1.8171628238514948E-5 	 7.76876006893128E-5 	 1.8171628238514948E-5 	 7.76876006893128E-5 	 1.8171628238514948E-5 	 7.76876006893128E-5 	 
-2.376 	 4.2689417480843086E-5 	 8.521634275191263E-5 	 4.2689417480843086E-5 	 8.521634275191263E-5 	 4.2689417480843086E-5 	 8.521634275191263E-5 	 4.2689417480843086E-5 	 8.521634275191263E-5 	 4.2689417480843086E-5 	 8.521634275191263E-5 	 4.2689417480843086E-5 	 8.521634275191263E-5 	 4.2689417480843086E-5 	 8.521634275191263E-5 	 4.2689417480843086E-5 	 8.521634275191263E-5 	 
-2.352 	 2.58461061639177E-5 	 9.121373169740008E-5 	 2.58461061639177E-5 	 9.121373169740008E-5 	 2.58461061639177E-5 	 9.121373169740008E-5 	 2.58461061639177E-5 	 9.121373169740008E-5 	 2.58461061639177E-5 	 9.121373169740008E-5 	 2.58461061639177E-5 	 9.121373169740008E-5 	 2.58461061639177E-5 	 9.121373169740008E-5 	 2.58461061639177E-5 	 9.121373169740008E-5 	 
-2.328 	 4.274117007009466E-5 	 9.767710290778407E-5 	 4.274117007009466E-5 	 9.767710290778407E-5 	 4.274117007009466E-5 	 9.767710290778407E-5 	 4.274117007009466E-5 	 9.767710290778407E-5 	 4.274117007009466E-5 	 9.767710290778407E-5 	 4.274117007009466E-5 	 9.767710290778407E-5 	 4.274117007009466E-5 	 9.767710290778407E-5 	 4.274117007009466E-5 	 9.767710290778407E-5 	 
-2.304 	 3.208876215800299E-5 	 1.0237904801408575E-4 	 3.208876215800299E-5 	 1.0237904801408575E-4 	 3.208876215800299E-5 	 1.0237904801408575E-4 	 3.208876215800299E-5 	 1.0237904801408575E-4 	 3.208876215800299E-5 	 1.0237904801408575E-4 	 3.208876215800299E-5 	 1.0237904801408575E-4 	 3.208876215800299E-5 	 1.0237904801408575E-4 	 3.208876215800299E-5 	 1.0237904801408575E-4 	 
-2.2800000000000002 	 6.763200922661133E-5 	 1.1230741999176639E-4 	 6.763200922661133E-5 	 1.1230741999176639E-4 	 6.763200922661133E-5 	 1.1230741999176639E-4 	 6.763200922661133E-5 	 1.1230741999176639E-4 	 6.763200922661133E-5 	 1.1230741999176639E-4 	 6.763200922661133E-5 	 1.1230741999176639E-4 	 6.763200922661133E-5 	 1.1230741999176639E-4 	 6.763200922661133E-5 	 1.1230741999176639E-4 	 
-2.2560000000000002 	 2.5270358270943125E-5 	 1.1872784797131239E-4 	 2.5270358270943125E-5 	 1.1872784797131239E-4 	 2.5270358270943125E-5 	 1.1872784797131239E-4 	 2.5270358270943125E-5 	 1.1872784797131239E-4 	 2.5270358270943125E-5 	 1.1872784797131239E-4 	 2.5270358270943125E-5 	 1.1872784797131239E-4 	 2.5270358270943125E-5 	 1.1872784797131239E-4 	 2.5270358270943125E-5 	 1.1872784797131239E-4 	 
-2.232 	 1.6248157004664214E-5 	 1.2467613805754096E-4 	 1.6248157004664214E-5 	 1.2467613805754096E-4 	 1.6248157004664214E-5 	 1.2467613805754096E-4 	 1.6248157004664214E-5 	 1.2467613805754096E-4 	 1.6248157004664214E-5 	 1.2467613805754096E-4 	 1.6248157004664214E-5 	 1.2467613805754096E-4 	 1.6248157004664214E-5 	 1.2467613805754096E-4 	 1.6248157004664214E-5 	 1.2467613805754096E-4 	 
-2.208 	 4.3416110257026097E-5 	 1.295273539406322E-4 	 4.3416110257026097E-5 	 1.295273539406322E-4 	 4.3416110257026097E-5 	 1.295273539406322E-4 	 4.3416110257026097E-5 	 1.295273539406322E-4 	 4.3416110257026097E-5 	 1.295273539406322E-4 	 4.3416110257026097E-5 	 1.295273539406322E-4 	 4.3416110257026097E-5 	 1.295273539406322E-4 	 4.3416110257026097E-5 	 1.295273539406322E-4 	 
-2.184 	 6.0746758245101476E-5 	 1.325152996444074E-4 	 6.0746758245101476E-5 	 1.325152996444074E-4 	 6.0746758245101476E-5 	 1.325152996444074E-4 	 6.0746758245101476E-5 	 1.325152996444074E-4 	 6.0746758245101476E-5 	 1.325152996444074E-4 	 6.0746758245101476E-5 	 1.325152996444074E-4 	 6.0746758245101476E-5 	 1.325152996444074E-4 	 6.0746758245101476E-5 	 1.325152996444074E-4 	 
-2.16 	 6.636622710563904E-5 	 1.449255375796448E-4 	 6.636622710563904E-5 	 1.449255375796448E-4 	 6.636622710563904E-5 	 1.449255375796448E-4 	 6.636622710563904E-5 	 1.449255375796448E-4 	 6.636622710563904E-5 	 1.449255375796448E-4 	 6.636622710563904E-5 	 1.449255375796448E-4 	 6.636622710563904E-5 	 1.449255375796448E-4 	 6.636622710563904E-5 	 1.449255375796448E-4 	 
-2.136 	 6.067775525689814E-5 	 1.5492936289661027E-4 	 6.067775525689814E-5 	 1.5492936289661027E-4 	 6.067775525689814E-5 	 1.5492936289661027E-4 	 6.067775525689814E-5 	 1.5492936289661027E-4 	 6.067775525689814E-5 	 1.5492936289661027E-4 	 6.067775525689814E-5 	 1.5492936289661027E-4 	 6.067775525689814E-5 	 1.5492936289661027E-4 	 6.067775525689814E-5 	 1.5492936289661027E-4 	 
-2.112 	 6.005672384832844E-5 	 1.706716576701535E-4 	 6.005672384832844E-5 	 1.706716576701535E-4 	 6.005672384832844E-5 	 1.706716576701535E-4 	 6.005672384832844E-5 	 1.706716576701535E-4 	 6.005672384832844E-5 	 1.706716576701535E-4 	 6.005672384832844E-5 	 1.706716576701535E-4 	 6.005672384832844E-5 	 1.706716576701535E-4 	 6.005672384832844E-5 	 1.706716576701535E-4 	 
-2.088 	 3.3600369373277174E-5 	 1.8519094075801186E-4 	 3.3600369373277174E-5 	 1.8519094075801186E-4 	 3.3600369373277174E-5 	 1.8519094075801186E-4 	 3.3600369373277174E-5 	 1.8519094075801186E-4 	 3.3600369373277174E-5 	 1.8519094075801186E-4 	 3.3600369373277174E-5 	 1.8519094075801186E-4 	 3.3600369373277174E-5 	 1.8519094075801186E-4 	 3.3600369373277174E-5 	 1.8519094075801186E-4 	 
-2.064 	 4.8850132128443E-5 	 2.0590453032906644E-4 	 4.8850132128443E-5 	 2.0590453032906644E-4 	 4.8850132128443E-5 	 2.0590453032906644E-4 	 4.8850132128443E-5 	 2.0590453032906644E-4 	 4.8850132128443E-5 	 2.0590453032906644E-4 	 4.8850132128443E-5 	 2.0590453032906644E-4 	 4.8850132128443E-5 	 2.0590453032906644E-4 	 4.8850132128443E-5 	 2.0590453032906644E-4 	 
-2.04 	 4.264197756516859E-5 	 2.2353361892374414E-4 	 4.264197756516859E-5 	 2.2353361892374414E-4 	 4.264197756516859E-5 	 2.2353361892374414E-4 	 4.264197756516859E-5 	 2.2353361892374414E-4 	 4.264197756516859E-5 	 2.2353361892374414E-4 	 4.264197756516859E-5 	 2.2353361892374414E-4 	 4.264197756516859E-5 	 2.2353361892374414E-4 	 4.264197756516859E-5 	 2.2353361892374414E-4 	 
-2.016 	 2.1945254960048304E-5 	 2.541359376960232E-4 	 2.1945254960048304E-5 	 2.541359376960232E-4 	 2.1945254960048304E-5 	 2.541359376960232E-4 	 2.1945254960048304E-5 	 2.541359376960232E-4 	 2.1945254960048304E-5 	 2.541359376960232E-4 	 2.1945254960048304E-5 	 2.541359376960232E-4 	 2.1945254960048304E-5 	 2.541359376960232E-4 	 2.1945254960048304E-5 	 2.541359376960232E-4 	 
-1.992 	 4.190881596849211E-5 	 2.789099362399441E-4 	 4.190881596849211E-5 	 2.789099362399441E-4 	 4.190881596849211E-5 	 2.789099362399441E-4 	 4.190881596849211E-5 	 2.789099362399441E-4 	 4.190881596849211E-5 	 2.789099362399441E-4 	 4.190881596849211E-5 	 2.789099362399441E-4 	 4.190881596849211E-5 	 2.789099362399441E-4 	 4.190881596849211E-5 	 2.789099362399441E-4 	 
-1.968 	 7.760085177339256E-5 	 3.0377466830108085E-4 	 7.760085177339256E-5 	 3.0377466830108085E-4 	 7.760085177339256E-5 	 3.0377466830108085E-4 	 7.760085177339256E-5 	 3.0377466830108085E-4 	 7.760085177339256E-5 	 3.0377466830108085E-4 	 7.760085177339256E-5 	 3.0377466830108085E-4 	 7.760085177339256E-5 	 3.0377466830108085E-4 	 7.760085177339256E-5 	 3.0377466830108085E-4 	 
-1.944 	 4.7638259207770753E-5 	 3.242291875287961E-4 	 4.7638259207770753E-5 	 3.242291875287961E-4 	 4.7638259207770753E-5 	 3.242291875287961E-4 	 4.7638259207770753E-5 	 3.242291875287961E-4 	 4.7638259207770753E-5 	 3.242291875287961E-4 	 4.7638259207770753E-5 	 3.242291875287961E-4 	 4.7638259207770753E-5 	 3.242291875287961E-4 	 4.7638259207770753E-5 	 3.242291875287961E-4 	 
-1.92 	 7.817013042393536E-5 	 3.517920361203653E-4 	 7.817013042393536E-5 	 3.517920361203653E-4 	 7.817013042393536E-5 	 3.517920361203653E-4 	 7.817013042393536E-5 	 3.517920361203653E-4 	 7.817013042393536E-5 	 3.517920361203653E-4 	 7.817013042393536E-5 	 3.517920361203653E-4 	 7.817013042393536E-5 	 3.517920361203653E-4 	 7.817013042393536E-5 	 3.517920361203653E-4 	 
-1.896 	 7.209567030272387E-5 	 3.8447772034736784E-4 	 7.209567030272387E-5 	 3.8447772034736784E-4 	 7.209567030272387E-5 	 3.8447772034736784E-4 	 7.209567030272387E-5 	 3.8447772034736784E-4 	 7.209567030272387E-5 	 3.8447772034736784E-4 	 7.209567030272387E-5 	 3.8447772034736784E-4 	 7.209567030272387E-5 	 3.8447772034736784E-4 	 7.209567030272387E-5 	 3.8447772034736784E-4 	 
-1.8719999999999999 	 6.144326255940757E-5 	 4.3205023213176223E-4 	 6.144326255940757E-5 	 4.3205023213176223E-4 	 6.144326255940757E-5 	 4.3205023213176223E-4 	 6.144326255940757E-5 	 4.3205023213176223E-4 	 6.144326255940757E-5 	 4.3205023213176223E-4 	 6.144326255940757E-5 	 4.3205023213176223E-4 	 6.144326255940757E-5 	 4.3205023213176223E-4 	 6.144326255940757E-5 	 4.3205023213176223E-4 	 
-1.8479999999999999 	 9.696278960688785E-5 	 4.7860635281155224E-4 	 9.696278960688785E-5 	 4.7860635281155224E-4 	 9.696278960688785E-5 	 4.7860635281155224E-4 	 9.696278960688785E-5 	 4.7860635281155224E-4 	 9.696278960688785E-5 	 4.7860635281155224E-4 	 9.696278960688785E-5 	 4.7860635281155224E-4 	 9.696278960688785E-5 	 4.7860635281155224E-4 	 9.696278960688785E-5 	 4.7860635281155224E-4 	 
-1.824 	 5.460976404056777E-5 	 5.460635246065918E-4 	 5.460976404056777E-5 	 5.460635246065918E-4 	 5.460976404056777E-5 	 5.460635246065918E-4 	 5.460976404056777E-5 	 5.460635246065918E-4 	 5.460976404056777E-5 	 5.460635246065918E-4 	 5.460976404056777E-5 	 5.460635246065918E-4 	 5.460976404056777E-5 	 5.460635246065918E-4 	 5.460976404056777E-5 	 5.460635246065918E-4 	 
-1.8 	 4.5505621216834394E-5 	 6.120902733351972E-4 	 4.5505621216834394E-5 	 6.120902733351972E-4 	 4.5505621216834394E-5 	 6.120902733351972E-4 	 4.5505621216834394E-5 	 6.120902733351972E-4 	 4.5505621216834394E-5 	 6.120902733351972E-4 	 4.5505621216834394E-5 	 6.120902733351972E-4 	 4.5505621216834394E-5 	 6.120902733351972E-4 	 4.5505621216834394E-5 	 6.120902733351972E-4 	 
-1.776 	 6.447078907281934E-5 	 6.941123060170947E-4 	 6.447078907281934E-5 	 6.941123060170947E-4 	 6.447078907281934E-5 	 6.941123060170947E-4 	 6.447078907281934E-5 	 6.941123060170947E-4 	 6.447078907281934E-5 	 6.941123060170947E-4 	 6.447078907281934E-5 	 6.941123060170947E-4 	 6.447078907281934E-5 	 6.941123060170947E-4 	 6.447078907281934E-5 	 6.941123060170947E-4 	 
-1.752 	 5.750790895426914E-5 	 7.881040952659814E-4 	 5.750790895426914E-5 	 7.881040952659814E-4 	 5.750790895426914E-5 	 7.881040952659814E-4 	 5.750790895426914E-5 	 7.881040952659814E-4 	 5.750790895426914E-5 	 7.881040952659814E-4 	 5.750790895426914E-5 	 7.881040952659814E-4 	 5.750790895426914E-5 	 7.881040952659814E-4 	 5.750790895426914E-5 	 7.881040952659814E-4 	 
-1.728 	 9.437084696440529E-5 	 8.927145966956186E-4 	 9.437084696440529E-5 	 8.927145966956186E-4 	 9.437084696440529E-5 	 8.927145966956186E-4 	 9.437084696440529E-5 	 8.927145966956186E-4 	 9.437084696440529E-5 	 8.927145966956186E-4 	 9.437084696440529E-5 	 8.927145966956186E-4 	 9.437084696440529E-5 	 8.927145966956186E-4 	 9.437084696440529E-5 	 8.927145966956186E-4 	 
-1.704 	 1.1726921173009254E-4 	 0.0010012404180892941 	 1.1726921173009254E-4 	 0.0010012404180892941 	 1.1726921173009254E-4 	 0.0010012404180892941 	 1.1726921173009254E-4 	 0.0010012404180892941 	 1.1726921173009254E-4 	 0.0010012404180892941 	 1.1726921173009254E-4 	 0.0010012404180892941 	 1.1726921173009254E-4 	 0.0010012404180892941 	 1.1726921173009254E-4 	 0.0010012404180892941 	 
-1.68 	 1.1105458805096788E-4 	 0.001129441046475086 	 1.1105458805096788E-4 	 0.001129441046475086 	 1.1105458805096788E-4 	 0.001129441046475086 	 1.1105458805096788E-4 	 0.001129441046475086 	 1.1105458805096788E-4 	 0.001129441046475086 	 1.1105458805096788E-4 	 0.001129441046475086 	 1.1105458805096788E-4 	 0.001129441046475086 	 1.1105458805096788E-4 	 0.001129441046475086 	 
-1.656 	 9.219939457372407E-5 	 0.0012935952486647763 	 9.219939457372407E-5 	 0.0012935952486647763 	 9.219939457372407E-5 	 0.0012935952486647763 	 9.219939457372407E-5 	 0.0012935952486647763 	 9.219939457372407E-5 	 0.0012935952486647763 	 9.219939457372407E-5 	 0.0012935952486647763 	 9.219939457372407E-5 	 0.0012935952486647763 	 9.219939457372407E-5 	 0.0012935952486647763 	 
-1.632 	 1.0533161413850871E-4 	 0.0014934607855785782 	 1.0533161413850871E-4 	 0.0014934607855785782 	 1.0533161413850871E-4 	 0.0014934607855785782 	 1.0533161413850871E-4 	 0.0014934607855785782 	 1.0533161413850871E-4 	 0.0014934607855785782 	 1.0533161413850871E-4 	 0.0014934607855785782 	 1.0533161413850871E-4 	 0.0014934607855785782 	 1.0533161413850871E-4 	 0.0014934607855785782 	 
-1.6079999999999999 	 8.733033855269138E-5 	 0.001756375363916074 	 8.733033855269138E-5 	 0.001756375363916074 	 8.733033855269138E-5 	 0.001756375363916074 	 8.733033855269138E-5 	 0.001756375363916074 	 8.733033855269138E-5 	 0.001756375363916074 	 8.733033855269138E-5 	 0.001756375363916074 	 8.733033855269138E-5 	 0.001756375363916074 	 8.733033855269138E-5 	 0.001756375363916074 	 
-1.584 	 5.33612329514547E-5 	 0.00205696886646435 	 5.33612329514547E-5 	 0.00205696886646435 	 5.33612329514547E-5 	 0.00205696886646435 	 5.33612329514547E-5 	 0.00205696886646435 	 5.33612329514547E-5 	 0.00205696886646435 	 5.33612329514547E-5 	 0.00205696886646435 	 5.33612329514547E-5 	 0.00205696886646435 	 5.33612329514547E-5 	 0.00205696886646435 	 
-1.56 	 8.299390276059765E-5 	 0.0024203754156799733 	 8.299390276059765E-5 	 0.0024203754156799733 	 8.299390276059765E-5 	 0.0024203754156799733 	 8.299390276059765E-5 	 0.0024203754156799733 	 8.299390276059765E-5 	 0.0024203754156799733 	 8.299390276059765E-5 	 0.0024203754156799733 	 8.299390276059765E-5 	 0.0024203754156799733 	 8.299390276059765E-5 	 0.0024203754156799733 	 
-1.536 	 1.2200241699337072E-4 	 0.0027990216579719955 	 1.2200241699337072E-4 	 0.0027990216579719955 	 1.2200241699337072E-4 	 0.0027990216579719955 	 1.2200241699337072E-4 	 0.0027990216579719955 	 1.2200241699337072E-4 	 0.0027990216579719955 	 1.2200241699337072E-4 	 0.0027990216579719955 	 1.2200241699337072E-4 	 0.0027990216579719955 	 1.2200241699337072E-4 	 0.0027990216579719955 	 
-1.512 	 6.223248937671897E-5 	 0.0032303950410528114 	 6.223248937671897E-5 	 0.0032303950410528114 	 6.223248937671897E-5 	 0.0032303950410528114 	 6.223248937671897E-5 	 0.0032303950410528114 	 6.223248937671897E-5 	 0.0032303950410528114 	 6.223248937671897E-5 	 0.0032303950410528114 	 6.223248937671897E-5 	 0.0032303950410528114 	 6.223248937671897E-5 	 0.0032303950410528114 	 
-1.488 	 4.341826657271774E-5 	 0.003712365954825076 	 4.341826657271774E-5 	 0.003712365954825076 	 4.341826657271774E-5 	 0.003712365954825076 	 4.341826657271774E-5 	 0.003712365954825076 	 4.341826657271774E-5 	 0.003712365954825076 	 4.341826657271774E-5 	 0.003712365954825076 	 4.341826657271774E-5 	 0.003712365954825076 	 4.341826657271774E-5 	 0.003712365954825076 	 
-1.464 	 6.0824387550917145E-5 	 0.004322734494136589 	 6.0824387550917145E-5 	 0.004322734494136589 	 6.0824387550917145E-5 	 0.004322734494136589 	 6.0824387550917145E-5 	 0.004322734494136589 	 6.0824387550917145E-5 	 0.004322734494136589 	 6.0824387550917145E-5 	 0.004322734494136589 	 6.0824387550917145E-5 	 0.004322734494136589 	 6.0824387550917145E-5 	 0.004322734494136589 	 
-1.44 	 6.847083265503329E-5 	 0.0050434307500898685 	 6.847083265503329E-5 	 0.0050434307500898685 	 6.847083265503329E-5 	 0.0050434307500898685 	 6.847083265503329E-5 	 0.0050434307500898685 	 6.847083265503329E-5 	 0.0050434307500898685 	 6.847083265503329E-5 	 0.0050434307500898685 	 6.847083265503329E-5 	 0.0050434307500898685 	 6.847083265503329E-5 	 0.0050434307500898685 	 
-1.416 	 6.638132182180655E-5 	 0.005913352659640979 	 6.638132182180655E-5 	 0.005913352659640979 	 6.638132182180655E-5 	 0.005913352659640979 	 6.638132182180655E-5 	 0.005913352659640979 	 6.638132182180655E-5 	 0.005913352659640979 	 6.638132182180655E-5 	 0.005913352659640979 	 6.638132182180655E-5 	 0.005913352659640979 	 6.638132182180655E-5 	 0.005913352659640979 	 
-1.392 	 5.883191273814945E-5 	 0.006925936682336231 	 5.883191273814945E-5 	 0.006925936682336231 	 5.883191273814945E-5 	 0.006925936682336231 	 5.883191273814945E-5 	 0.006925936682336231 	 5.883191273814945E-5 	 0.006925936682336231 	 5.883191273814945E-5 	 0.006925936682336231 	 5.883191273814945E-5 	 0.006925936682336231 	 5.883191273814945E-5 	 0.006925936682336231 	 
-1.3679999999999999 	 6.701529108233237E-5 	 0.008093111568531498 	 6.701529108233237E-5 	 0.008093111568531498 	 6.701529108233237E-5 	 0.008093111568531498 	 6.701529108233237E-5 	 0.008093111568531498 	 6.701529108233237E-5 	 0.008093111568531498 	 6.701529108233237E-5 	 0.008093111568531498 	 6.701529108233237E-5 	 0.008093111568531498 	 6.701529108233237E-5 	 0.008093111568531498 	 
-1.3439999999999999 	 8.733249503715832E-5 	 0.00941742750736968 	 8.733249503715832E-5 	 0.00941742750736968 	 8.733249503715832E-5 	 0.00941742750736968 	 8.733249503715832E-5 	 0.00941742750736968 	 8.733249503715832E-5 	 0.00941742750736968 	 8.733249503715832E-5 	 0.00941742750736968 	 8.733249503715832E-5 	 0.00941742750736968 	 8.733249503715832E-5 	 0.00941742750736968 	 
-1.32 	 5.3234007498660586E-5 	 0.010936920907049686 	 5.3234007498660586E-5 	 0.010936920907049686 	 5.3234007498660586E-5 	 0.010936920907049686 	 5.3234007498660586E-5 	 0.010936920907049686 	 5.3234007498660586E-5 	 0.010936920907049686 	 5.3234007498660586E-5 	 0.010936920907049686 	 5.3234007498660586E-5 	 0.010936920907049686 	 5.3234007498660586E-5 	 0.010936920907049686 	 
-1.296 	 7.268219943660607E-5 	 0.012661622139337782 	 7.268219943660607E-5 	 0.012661622139337782 	 7.268219943660607E-5 	 0.012661622139337782 	 7.268219943660607E-5 	 0.012661622139337782 	 7.268219943660607E-5 	 0.012661622139337782 	 7.268219943660607E-5 	 0.012661622139337782 	 7.268219943660607E-5 	 0.012661622139337782 	 7.268219943660607E-5 	 0.012661622139337782 	 
-1.272 	 8.59459568745989E-5 	 0.014556468237561612 	 8.59459568745989E-5 	 0.014556468237561612 	 8.59459568745989E-5 	 0.014556468237561612 	 8.59459568745989E-5 	 0.014556468237561612 	 8.59459568745989E-5 	 0.014556468237561612 	 8.59459568745989E-5 	 0.014556468237561612 	 8.59459568745989E-5 	 0.014556468237561612 	 8.59459568745989E-5 	 0.014556468237561612 	 
-1.248 	 8.031139359325071E-5 	 0.01668265954636519 	 8.031139359325071E-5 	 0.01668265954636519 	 8.031139359325071E-5 	 0.01668265954636519 	 8.031139359325071E-5 	 0.01668265954636519 	 8.031139359325071E-5 	 0.01668265954636519 	 8.031139359325071E-5 	 0.01668265954636519 	 8.031139359325071E-5 	 0.01668265954636519 	 8.031139359325071E-5 	 0.01668265954636519 	 
-1.224 	 8.589851670576153E-5 	 0.019082840409836113 	 8.589851670576153E-5 	 0.019082840409836113 	 8.589851670576153E-5 	 0.019082840409836113 	 8.589851670576153E-5 	 0.019082840409836113 	 8.589851670576153E-5 	 0.019082840409836113 	 8.589851670576153E-5 	 0.019082840409836113 	 8.589851670576153E-5 	 0.019082840409836113 	 8.589851670576153E-5 	 0.019082840409836113 	 
-1.2 	 7.813994128695701E-5 	 0.021588229270437135 	 7.813994128695701E-5 	 0.021588229270437135 	 7.813994128695701E-5 	 0.021588229270437135 	 7.813994128695701E-5 	 0.021588229270437135 	 7.813994128695701E-5 	 0.021588229270437135 	 7.813994128695701E-5 	 0.021588229270437135 	 7.813994128695701E-5 	 0.021588229270437135 	 7.813994128695701E-5 	 0.021588229270437135 	 
-1.176 	 6.995440666927635E-5 	 0.02432409902104548 	 6.995440666927635E-5 	 0.02432409902104548 	 6.995440666927635E-5 	 0.02432409902104548 	 6.995440666927635E-5 	 0.02432409902104548 	 6.995440666927635E-5 	 0.02432409902104548 	 6.995440666927635E-5 	 0.02432409902104548 	 6.995440666927635E-5 	 0.02432409902104548 	 6.995440666927635E-5 	 0.02432409902104548 	 
-1.152 	 4.9647984292908675E-5 	 0.027166171697070005 	 4.9647984292908675E-5 	 0.027166171697070005 	 4.9647984292908675E-5 	 0.027166171697070005 	 4.9647984292908675E-5 	 0.027166171697070005 	 4.9647984292908675E-5 	 0.027166171697070005 	 4.9647984292908675E-5 	 0.027166171697070005 	 4.9647984292908675E-5 	 0.027166171697070005 	 4.9647984292908675E-5 	 0.027166171697070005 	 
-1.128 	 8.580148076969015E-5 	 0.030044246802434435 	 8.580148076969015E-5 	 0.030044246802434435 	 8.580148076969015E-5 	 0.030044246802434435 	 8.580148076969015E-5 	 0.030044246802434435 	 8.580148076969015E-5 	 0.030044246802434435 	 8.580148076969015E-5 	 0.030044246802434435 	 8.580148076969015E-5 	 0.030044246802434435 	 8.580148076969015E-5 	 0.030044246802434435 	 
-1.1039999999999999 	 7.188434689239594E-5 	 0.03288890823402394 	 7.188434689239594E-5 	 0.03288890823402394 	 7.188434689239594E-5 	 0.03288890823402394 	 7.188434689239594E-5 	 0.03288890823402394 	 7.188434689239594E-5 	 0.03288890823402394 	 7.188434689239594E-5 	 0.03288890823402394 	 7.188434689239594E-5 	 0.03288890823402394 	 7.188434689239594E-5 	 0.03288890823402394 	 
-1.08 	 4.689862790453032E-5 	 0.035736603292072226 	 4.689862790453032E-5 	 0.035736603292072226 	 4.689862790453032E-5 	 0.035736603292072226 	 4.689862790453032E-5 	 0.035736603292072226 	 4.689862790453032E-5 	 0.035736603292072226 	 4.689862790453032E-5 	 0.035736603292072226 	 4.689862790453032E-5 	 0.035736603292072226 	 4.689862790453032E-5 	 0.035736603292072226 	 
-1.056 	 4.54754317844993E-5 	 0.03822927928751372 	 4.54754317844993E-5 	 0.03822927928751372 	 4.54754317844993E-5 	 0.03822927928751372 	 4.54754317844993E-5 	 0.03822927928751372 	 4.54754317844993E-5 	 0.03822927928751372 	 4.54754317844993E-5 	 0.03822927928751372 	 4.54754317844993E-5 	 0.03822927928751372 	 4.54754317844993E-5 	 0.03822927928751372 	 
-1.032 	 6.836517082328783E-5 	 0.04039324852379674 	 6.836517082328783E-5 	 0.04039324852379674 	 6.836517082328783E-5 	 0.04039324852379674 	 6.836517082328783E-5 	 0.04039324852379674 	 6.836517082328783E-5 	 0.04039324852379674 	 6.836517082328783E-5 	 0.04039324852379674 	 6.836517082328783E-5 	 0.04039324852379674 	 6.836517082328783E-5 	 0.04039324852379674 	 
-1.008 	 6.219798697544996E-5 	 0.04190621398680186 	 6.219798697544996E-5 	 0.04190621398680186 	 6.219798697544996E-5 	 0.04190621398680186 	 6.219798697544996E-5 	 0.04190621398680186 	 6.219798697544996E-5 	 0.04190621398680186 	 6.219798697544996E-5 	 0.04190621398680186 	 6.219798697544996E-5 	 0.04190621398680186 	 6.219798697544996E-5 	 0.04190621398680186 	 
-0.984 	 4.539349001607565E-5 	 0.042893058087354295 	 4.539349001607565E-5 	 0.042893058087354295 	 4.539349001607565E-5 	 0.042893058087354295 	 4.539349001607565E-5 	 0.042893058087354295 	 4.539349001607565E-5 	 0.042893058087354295 	 4.539349001607565E-5 	 0.042893058087354295 	 4.539349001607565E-5 	 0.042893058087354295 	 4.539349001607565E-5 	 0.042893058087354295 	 
-0.96 	 6.41969309884556E-5 	 0.04316549052537158 	 6.41969309884556E-5 	 0.04316549052537158 	 6.41969309884556E-5 	 0.04316549052537158 	 6.41969309884556E-5 	 0.04316549052537158 	 6.41969309884556E-5 	 0.04316549052537158 	 6.41969309884556E-5 	 0.04316549052537158 	 6.41969309884556E-5 	 0.04316549052537158 	 6.41969309884556E-5 	 0.04316549052537158 	 
-0.9359999999999999 	 4.680159167310213E-5 	 0.04283435972378431 	 4.680159167310213E-5 	 0.04283435972378431 	 4.680159167310213E-5 	 0.04283435972378431 	 4.680159167310213E-5 	 0.04283435972378431 	 4.680159167310213E-5 	 0.04283435972378431 	 4.680159167310213E-5 	 0.04283435972378431 	 4.680159167310213E-5 	 0.04283435972378431 	 4.680159167310213E-5 	 0.04283435972378431 	 
-0.9119999999999999 	 4.1216624749701476E-5 	 0.04182463798514065 	 4.1216624749701476E-5 	 0.04182463798514065 	 4.1216624749701476E-5 	 0.04182463798514065 	 4.1216624749701476E-5 	 0.04182463798514065 	 4.1216624749701476E-5 	 0.04182463798514065 	 4.1216624749701476E-5 	 0.04182463798514065 	 4.1216624749701476E-5 	 0.04182463798514065 	 4.1216624749701476E-5 	 0.04182463798514065 	 
-0.8879999999999999 	 4.8807004759764206E-5 	 0.0402274041429402 	 4.8807004759764206E-5 	 0.0402274041429402 	 4.8807004759764206E-5 	 0.0402274041429402 	 4.8807004759764206E-5 	 0.0402274041429402 	 4.8807004759764206E-5 	 0.0402274041429402 	 4.8807004759764206E-5 	 0.0402274041429402 	 4.8807004759764206E-5 	 0.0402274041429402 	 4.8807004759764206E-5 	 0.0402274041429402 	 
-0.8639999999999999 	 4.2575130175361835E-5 	 0.038107590926635584 	 4.2575130175361835E-5 	 0.038107590926635584 	 4.2575130175361835E-5 	 0.038107590926635584 	 4.2575130175361835E-5 	 0.038107590926635584 	 4.2575130175361835E-5 	 0.038107590926635584 	 4.2575130175361835E-5 	 0.038107590926635584 	 4.2575130175361835E-5 	 0.038107590926635584 	 4.2575130175361835E-5 	 0.038107590926635584 	 
-0.8399999999999999 	 2.1727462222900912E-5 	 0.03549013436812904 	 2.1727462222900912E-5 	 0.03549013436812904 	 2.1727462222900912E-5 	 0.03549013436812904 	 2.1727462222900912E-5 	 0.03549013436812904 	 2.1727462222900912E-5 	 0.03549013436812904 	 2.1727462222900912E-5 	 0.03549013436812904 	 2.1727462222900912E-5 	 0.03549013436812904 	 2.1727462222900912E-5 	 0.03549013436812904 	 
-0.8159999999999998 	 3.343648558326684E-5 	 0.03259643365115708 	 3.343648558326684E-5 	 0.03259643365115708 	 3.343648558326684E-5 	 0.03259643365115708 	 3.343648558326684E-5 	 0.03259643365115708 	 3.343648558326684E-5 	 0.03259643365115708 	 3.343648558326684E-5 	 0.03259643365115708 	 3.343648558326684E-5 	 0.03259643365115708 	 3.343648558326684E-5 	 0.03259643365115708 	 
-0.7919999999999998 	 4.0438179426460636E-5 	 0.029438031348518266 	 4.0438179426460636E-5 	 0.029438031348518266 	 4.0438179426460636E-5 	 0.029438031348518266 	 4.0438179426460636E-5 	 0.029438031348518266 	 4.0438179426460636E-5 	 0.029438031348518266 	 4.0438179426460636E-5 	 0.029438031348518266 	 4.0438179426460636E-5 	 0.029438031348518266 	 4.0438179426460636E-5 	 0.029438031348518266 	 
-0.7679999999999998 	 9.901995663300412E-6 	 0.026353850059339427 	 9.901995663300412E-6 	 0.026353850059339427 	 9.901995663300412E-6 	 0.026353850059339427 	 9.901995663300412E-6 	 0.026353850059339427 	 9.901995663300412E-6 	 0.026353850059339427 	 9.901995663300412E-6 	 0.026353850059339427 	 9.901995663300412E-6 	 0.026353850059339427 	 9.901995663300412E-6 	 0.026353850059339427 	 
-0.7439999999999998 	 1.6067022604733017E-5 	 0.023318499887400177 	 1.6067022604733017E-5 	 0.023318499887400177 	 1.6067022604733017E-5 	 0.023318499887400177 	 1.6067022604733017E-5 	 0.023318499887400177 	 1.6067022604733017E-5 	 0.023318499887400177 	 1.6067022604733017E-5 	 0.023318499887400177 	 1.6067022604733017E-5 	 0.023318499887400177 	 1.6067022604733017E-5 	 0.023318499887400177 	 
-0.7199999999999998 	 3.4879088839879554E-5 	 0.02062381124731493 	 3.4879088839879554E-5 	 0.02062381124731493 	 3.4879088839879554E-5 	 0.02062381124731493 	 3.4879088839879554E-5 	 0.02062381124731493 	 3.4879088839879554E-5 	 0.02062381124731493 	 3.4879088839879554E-5 	 0.02062381124731493 	 3.4879088839879554E-5 	 0.02062381124731493 	 3.4879088839879554E-5 	 0.02062381124731493 	 
-0.6959999999999997 	 1.964657690560375E-5 	 0.01804744369136341 	 1.964657690560375E-5 	 0.01804744369136341 	 1.964657690560375E-5 	 0.01804744369136341 	 1.964657690560375E-5 	 0.01804744369136341 	 1.964657690560375E-5 	 0.01804744369136341 	 1.964657690560375E-5 	 0.01804744369136341 	 1.964657690560375E-5 	 0.01804744369136341 	 1.964657690560375E-5 	 0.01804744369136341 	 
-0.6720000000000002 	 2.57124114686918E-5 	 0.01580058485090615 	 2.57124114686918E-5 	 0.01580058485090615 	 2.57124114686918E-5 	 0.01580058485090615 	 2.57124114686918E-5 	 0.01580058485090615 	 2.57124114686918E-5 	 0.01580058485090615 	 2.57124114686918E-5 	 0.01580058485090615 	 2.57124114686918E-5 	 0.01580058485090615 	 2.57124114686918E-5 	 0.01580058485090615 	 
-0.6480000000000001 	 3.837023229867019E-5 	 0.013694392933188432 	 3.837023229867019E-5 	 0.013694392933188432 	 3.837023229867019E-5 	 0.013694392933188432 	 3.837023229867019E-5 	 0.013694392933188432 	 3.837023229867019E-5 	 0.013694392933188432 	 3.837023229867019E-5 	 0.013694392933188432 	 3.837023229867019E-5 	 0.013694392933188432 	 3.837023229867019E-5 	 0.013694392933188432 	 
-0.6240000000000001 	 4.181177982145155E-6 	 0.01184029830730164 	 4.181177982145155E-6 	 0.01184029830730164 	 4.181177982145155E-6 	 0.01184029830730164 	 4.181177982145155E-6 	 0.01184029830730164 	 4.181177982145155E-6 	 0.01184029830730164 	 4.181177982145155E-6 	 0.01184029830730164 	 4.181177982145155E-6 	 0.01184029830730164 	 4.181177982145155E-6 	 0.01184029830730164 	 
-0.6000000000000001 	 1.534033003951911E-5 	 0.010222699475137438 	 1.534033003951911E-5 	 0.010222699475137438 	 1.534033003951911E-5 	 0.010222699475137438 	 1.534033003951911E-5 	 0.010222699475137438 	 1.534033003951911E-5 	 0.010222699475137438 	 1.534033003951911E-5 	 0.010222699475137438 	 1.534033003951911E-5 	 0.010222699475137438 	 1.534033003951911E-5 	 0.010222699475137438 	 
-0.5760000000000001 	 1.3369427328759955E-7 	 0.008870956432678986 	 1.3369427328759955E-7 	 0.008870956432678986 	 1.3369427328759955E-7 	 0.008870956432678986 	 1.3369427328759955E-7 	 0.008870956432678986 	 1.3369427328759955E-7 	 0.008870956432678986 	 1.3369427328759955E-7 	 0.008870956432678986 	 1.3369427328759955E-7 	 0.008870956432678986 	 1.3369427328759955E-7 	 0.008870956432678986 	 
-0.552 	 8.3213851222723E-6 	 0.007763146128817953 	 8.3213851222723E-6 	 0.007763146128817953 	 8.3213851222723E-6 	 0.007763146128817953 	 8.3213851222723E-6 	 0.007763146128817953 	 8.3213851222723E-6 	 0.007763146128817953 	 8.3213851222723E-6 	 0.007763146128817953 	 8.3213851222723E-6 	 0.007763146128817953 	 8.3213851222723E-6 	 0.007763146128817953 	 
-0.528 	 3.0682816394729884E-5 	 0.006824163140381703 	 3.0682816394729884E-5 	 0.006824163140381703 	 3.0682816394729884E-5 	 0.006824163140381703 	 3.0682816394729884E-5 	 0.006824163140381703 	 3.0682816394729884E-5 	 0.006824163140381703 	 3.0682816394729884E-5 	 0.006824163140381703 	 3.0682816394729884E-5 	 0.006824163140381703 	 3.0682816394729884E-5 	 0.006824163140381703 	 
-0.504 	 2.126169043861451E-6 	 0.006004680880632913 	 2.126169043861451E-6 	 0.006004680880632913 	 2.126169043861451E-6 	 0.006004680880632913 	 2.126169043861451E-6 	 0.006004680880632913 	 2.126169043861451E-6 	 0.006004680880632913 	 2.126169043861451E-6 	 0.006004680880632913 	 2.126169043861451E-6 	 0.006004680880632913 	 2.126169043861451E-6 	 0.006004680880632913 	 
-0.48 	 9.779083179440223E-6 	 0.005287821891567315 	 9.779083179440223E-6 	 0.005287821891567315 	 9.779083179440223E-6 	 0.005287821891567315 	 9.779083179440223E-6 	 0.005287821891567315 	 9.779083179440223E-6 	 0.005287821891567315 	 9.779083179440223E-6 	 0.005287821891567315 	 9.779083179440223E-6 	 0.005287821891567315 	 9.779083179440223E-6 	 0.005287821891567315 	 
-0.45599999999999996 	 9.77692682155474E-6 	 0.004626167224551261 	 9.77692682155474E-6 	 0.004626167224551261 	 9.77692682155474E-6 	 0.004626167224551261 	 9.77692682155474E-6 	 0.004626167224551261 	 9.77692682155474E-6 	 0.004626167224551261 	 9.77692682155474E-6 	 0.004626167224551261 	 9.77692682155474E-6 	 0.004626167224551261 	 9.77692682155474E-6 	 0.004626167224551261 	 
-0.43199999999999994 	 9.757519684973052E-6 	 0.004049107559746286 	 9.757519684973052E-6 	 0.004049107559746286 	 9.757519684973052E-6 	 0.004049107559746286 	 9.757519684973052E-6 	 0.004049107559746286 	 9.757519684973052E-6 	 0.004049107559746286 	 9.757519684973052E-6 	 0.004049107559746286 	 9.757519684973052E-6 	 0.004049107559746286 	 9.757519684973052E-6 	 0.004049107559746286 	 
-0.4079999999999999 	 7.678790556786057E-6 	 0.0035377272936249755 	 7.678790556786057E-6 	 0.0035377272936249755 	 7.678790556786057E-6 	 0.0035377272936249755 	 7.678790556786057E-6 	 0.0035377272936249755 	 7.678790556786057E-6 	 0.0035377272936249755 	 7.678790556786057E-6 	 0.0035377272936249755 	 7.678790556786057E-6 	 0.0035377272936249755 	 7.678790556786057E-6 	 0.0035377272936249755 	 
-0.3839999999999999 	 6.037827395650203E-8 	 0.00312515366475504 	 6.037827395650203E-8 	 0.00312515366475504 	 6.037827395650203E-8 	 0.00312515366475504 	 6.037827395650203E-8 	 0.00312515366475504 	 6.037827395650203E-8 	 0.00312515366475504 	 6.037827395650203E-8 	 0.00312515366475504 	 6.037827395650203E-8 	 0.00312515366475504 	 6.037827395650203E-8 	 0.00312515366475504 	 
-0.3599999999999999 	 2.169296665703241E-6 	 0.002727149761339021 	 2.169296665703241E-6 	 0.002727149761339021 	 2.169296665703241E-6 	 0.002727149761339021 	 2.169296665703241E-6 	 0.002727149761339021 	 2.169296665703241E-6 	 0.002727149761339021 	 2.169296665703241E-6 	 0.002727149761339021 	 2.169296665703241E-6 	 0.002727149761339021 	 2.169296665703241E-6 	 0.002727149761339021 	 
-0.33599999999999985 	 9.826523306083829E-6 	 0.0023977961833121487 	 9.826523306083829E-6 	 0.0023977961833121487 	 9.826523306083829E-6 	 0.0023977961833121487 	 9.826523306083829E-6 	 0.0023977961833121487 	 9.826523306083829E-6 	 0.0023977961833121487 	 9.826523306083829E-6 	 0.0023977961833121487 	 9.826523306083829E-6 	 0.0023977961833121487 	 9.826523306083829E-6 	 0.0023977961833121487 	 
-0.31199999999999983 	 9.906308927591167E-6 	 0.0021036999820525123 	 9.906308927591167E-6 	 0.0021036999820525123 	 9.906308927591167E-6 	 0.0021036999820525123 	 9.906308927591167E-6 	 0.0021036999820525123 	 9.906308927591167E-6 	 0.0021036999820525123 	 9.906308927591167E-6 	 0.0021036999820525123 	 9.906308927591167E-6 	 0.0021036999820525123 	 9.906308927591167E-6 	 0.0021036999820525123 	 
-0.2879999999999998 	 1.4087487542643777E-5 	 0.0018591093507487832 	 1.4087487542643777E-5 	 0.0018591093507487832 	 1.4087487542643777E-5 	 0.0018591093507487832 	 1.4087487542643777E-5 	 0.0018591093507487832 	 1.4087487542643777E-5 	 0.0018591093507487832 	 1.4087487542643777E-5 	 0.0018591093507487832 	 1.4087487542643777E-5 	 0.0018591093507487832 	 1.4087487542643777E-5 	 0.0018591093507487832 	 
-0.2639999999999998 	 2.944938221586345E-5 	 0.0016496000659137991 	 2.944938221586345E-5 	 0.0016496000659137991 	 2.944938221586345E-5 	 0.0016496000659137991 	 2.944938221586345E-5 	 0.0016496000659137991 	 2.944938221586345E-5 	 0.0016496000659137991 	 2.944938221586345E-5 	 0.0016496000659137991 	 2.944938221586345E-5 	 0.0016496000659137991 	 2.944938221586345E-5 	 0.0016496000659137991 	 
-0.23999999999999977 	 2.9546419713106577E-5 	 0.0014685499936349378 	 2.9546419713106577E-5 	 0.0014685499936349378 	 2.9546419713106577E-5 	 0.0014685499936349378 	 2.9546419713106577E-5 	 0.0014685499936349378 	 2.9546419713106577E-5 	 0.0014685499936349378 	 2.9546419713106577E-5 	 0.0014685499936349378 	 2.9546419713106577E-5 	 0.0014685499936349378 	 2.9546419713106577E-5 	 0.0014685499936349378 	 
-0.21599999999999975 	 2.9693055382632E-5 	 0.001307074309799825 	 2.9693055382632E-5 	 0.001307074309799825 	 2.9693055382632E-5 	 0.001307074309799825 	 2.9693055382632E-5 	 0.001307074309799825 	 2.9693055382632E-5 	 0.001307074309799825 	 2.9693055382632E-5 	 0.001307074309799825 	 2.9693055382632E-5 	 0.001307074309799825 	 2.9693055382632E-5 	 0.001307074309799825 	 
-0.19199999999999973 	 2.379757693213566E-5 	 0.001172169368616414 	 2.379757693213566E-5 	 0.001172169368616414 	 2.379757693213566E-5 	 0.001172169368616414 	 2.379757693213566E-5 	 0.001172169368616414 	 2.379757693213566E-5 	 0.001172169368616414 	 2.379757693213566E-5 	 0.001172169368616414 	 2.379757693213566E-5 	 0.001172169368616414 	 2.379757693213566E-5 	 0.001172169368616414 	 
-0.16800000000000015 	 7.806035460935908E-6 	 0.0010457711849372537 	 7.806035460935908E-6 	 0.0010457711849372537 	 7.806035460935908E-6 	 0.0010457711849372537 	 7.806035460935908E-6 	 0.0010457711849372537 	 7.806035460935908E-6 	 0.0010457711849372537 	 7.806035460935908E-6 	 0.0010457711849372537 	 7.806035460935908E-6 	 0.0010457711849372537 	 7.806035460935908E-6 	 0.0010457711849372537 	 
-0.14400000000000013 	 5.0245328718119474E-5 	 9.264503132677927E-4 	 5.0245328718119474E-5 	 9.264503132677927E-4 	 5.0245328718119474E-5 	 9.264503132677927E-4 	 5.0245328718119474E-5 	 9.264503132677927E-4 	 5.0245328718119474E-5 	 9.264503132677927E-4 	 5.0245328718119474E-5 	 9.264503132677927E-4 	 5.0245328718119474E-5 	 9.264503132677927E-4 	 5.0245328718119474E-5 	 9.264503132677927E-4 	 
-0.1200000000000001 	 1.1618892313803566E-4 	 8.099632396126852E-4 	 1.1618892313803566E-4 	 8.099632396126852E-4 	 1.1618892313803566E-4 	 8.099632396126852E-4 	 1.1618892313803566E-4 	 8.099632396126852E-4 	 1.1618892313803566E-4 	 8.099632396126852E-4 	 1.1618892313803566E-4 	 8.099632396126852E-4 	 1.1618892313803566E-4 	 8.099632396126852E-4 	 1.1618892313803566E-4 	 8.099632396126852E-4 	 
-0.09600000000000009 	 1.1529837290079231E-4 	 7.117503306506645E-4 	 1.1529837290079231E-4 	 7.117503306506645E-4 	 1.1529837290079231E-4 	 7.117503306506645E-4 	 1.1529837290079231E-4 	 7.117503306506645E-4 	 1.1529837290079231E-4 	 7.117503306506645E-4 	 1.1529837290079231E-4 	 7.117503306506645E-4 	 1.1529837290079231E-4 	 7.117503306506645E-4 	 1.1529837290079231E-4 	 7.117503306506645E-4 	 
-0.07200000000000006 	 1.7887645841643858E-4 	 6.174784518350867E-4 	 1.7887645841643858E-4 	 6.174784518350867E-4 	 1.7887645841643858E-4 	 6.174784518350867E-4 	 1.7887645841643858E-4 	 6.174784518350867E-4 	 1.7887645841643858E-4 	 6.174784518350867E-4 	 1.7887645841643858E-4 	 6.174784518350867E-4 	 1.7887645841643858E-4 	 6.174784518350867E-4 	 1.7887645841643858E-4 	 6.174784518350867E-4 	 
-0.04800000000000004 	 2.9429770426547217E-4 	 5.493104230144489E-4 	 2.9429770426547217E-4 	 5.493104230144489E-4 	 2.9429770426547217E-4 	 5.493104230144489E-4 	 2.9429770426547217E-4 	 5.493104230144489E-4 	 2.9429770426547217E-4 	 5.493104230144489E-4 	 2.9429770426547217E-4 	 5.493104230144489E-4 	 2.9429770426547217E-4 	 5.493104230144489E-4 	 2.9429770426547217E-4 	 5.493104230144489E-4 	 
-0.02400000000000002 	 5.713638628795802E-4 	 4.898082604508114E-4 	 5.713638628795802E-4 	 4.898082604508114E-4 	 5.713638628795802E-4 	 4.898082604508114E-4 	 5.713638628795802E-4 	 4.898082604508114E-4 	 5.713638628795802E-4 	 4.898082604508114E-4 	 5.713638628795802E-4 	 4.898082604508114E-4 	 5.713638628795802E-4 	 4.898082604508114E-4 	 5.713638628795802E-4 	 4.898082604508114E-4 	 
0.0 	 9.350056333096764E-4 	 4.429449218222146E-4 	 9.350056333096764E-4 	 4.429449218222146E-4 	 9.350056333096764E-4 	 4.429449218222146E-4 	 9.350056333096764E-4 	 4.429449218222146E-4 	 9.350056333096764E-4 	 4.429449218222146E-4 	 9.350056333096764E-4 	 4.429449218222146E-4 	 9.350056333096764E-4 	 4.429449218222146E-4 	 9.350056333096764E-4 	 4.429449218222146E-4 	 
0.02400000000000002 	 0.0016375061170428708 	 4.032141905071278E-4 	 0.0016375061170428708 	 4.032141905071278E-4 	 0.0016375061170428708 	 4.032141905071278E-4 	 0.0016375061170428708 	 4.032141905071278E-4 	 0.0016375061170428708 	 4.032141905071278E-4 	 0.0016375061170428708 	 4.032141905071278E-4 	 0.0016375061170428708 	 4.032141905071278E-4 	 0.0016375061170428708 	 4.032141905071278E-4 	 
0.04800000000000004 	 0.0025330674684525202 	 3.6713361330653545E-4 	 0.0025330674684525202 	 3.6713361330653545E-4 	 0.0025330674684525202 	 3.6713361330653545E-4 	 0.0025330674684525202 	 3.6713361330653545E-4 	 0.0025330674684525202 	 3.6713361330653545E-4 	 0.0025330674684525202 	 3.6713361330653545E-4 	 0.0025330674684525202 	 3.6713361330653545E-4 	 0.0025330674684525202 	 3.6713361330653545E-4 	 
0.07200000000000006 	 0.0044306689289870796 	 3.4516032191590556E-4 	 0.0044306689289870796 	 3.4516032191590556E-4 	 0.0044306689289870796 	 3.4516032191590556E-4 	 0.0044306689289870796 	 3.4516032191590556E-4 	 0.0044306689289870796 	 3.4516032191590556E-4 	 0.0044306689289870796 	 3.4516032191590556E-4 	 0.0044306689289870796 	 3.4516032191590556E-4 	 0.0044306689289870796 	 3.4516032191590556E-4 	 
0.09600000000000009 	 0.006937206451101954 	 3.2806612732849796E-4 	 0.006937206451101954 	 3.2806612732849796E-4 	 0.006937206451101954 	 3.2806612732849796E-4 	 0.006937206451101954 	 3.2806612732849796E-4 	 0.006937206451101954 	 3.2806612732849796E-4 	 0.006937206451101954 	 3.2806612732849796E-4 	 0.006937206451101954 	 3.2806612732849796E-4 	 0.006937206451101954 	 3.2806612732849796E-4 	 
0.1200000000000001 	 0.009865318379029164 	 3.2043574550953273E-4 	 0.009865318379029164 	 3.2043574550953273E-4 	 0.009865318379029164 	 3.2043574550953273E-4 	 0.009865318379029164 	 3.2043574550953273E-4 	 0.009865318379029164 	 3.2043574550953273E-4 	 0.009865318379029164 	 3.2043574550953273E-4 	 0.009865318379029164 	 3.2043574550953273E-4 	 0.009865318379029164 	 3.2043574550953273E-4 	 
0.14400000000000013 	 0.014109876018389242 	 3.136336676205157E-4 	 0.014109876018389242 	 3.136336676205157E-4 	 0.014109876018389242 	 3.136336676205157E-4 	 0.014109876018389242 	 3.136336676205157E-4 	 0.014109876018389242 	 3.136336676205157E-4 	 0.014109876018389242 	 3.136336676205157E-4 	 0.014109876018389242 	 3.136336676205157E-4 	 0.014109876018389242 	 3.136336676205157E-4 	 
0.16800000000000015 	 0.018689947841448947 	 3.075899275700562E-4 	 0.018689947841448947 	 3.075899275700562E-4 	 0.018689947841448947 	 3.075899275700562E-4 	 0.018689947841448947 	 3.075899275700562E-4 	 0.018689947841448947 	 3.075899275700562E-4 	 0.018689947841448947 	 3.075899275700562E-4 	 0.018689947841448947 	 3.075899275700562E-4 	 0.018689947841448947 	 3.075899275700562E-4 	 
0.19200000000000017 	 0.024217514667713713 	 3.026852077186221E-4 	 0.024217514667713713 	 3.026852077186221E-4 	 0.024217514667713713 	 3.026852077186221E-4 	 0.024217514667713713 	 3.026852077186221E-4 	 0.024217514667713713 	 3.026852077186221E-4 	 0.024217514667713713 	 3.026852077186221E-4 	 0.024217514667713713 	 3.026852077186221E-4 	 0.024217514667713713 	 3.026852077186221E-4 	 
0.2160000000000002 	 0.030741351175731048 	 2.98817010045411E-4 	 0.030741351175731048 	 2.98817010045411E-4 	 0.030741351175731048 	 2.98817010045411E-4 	 0.030741351175731048 	 2.98817010045411E-4 	 0.030741351175731048 	 2.98817010045411E-4 	 0.030741351175731048 	 2.98817010045411E-4 	 0.030741351175731048 	 2.98817010045411E-4 	 0.030741351175731048 	 2.98817010045411E-4 	 
0.2400000000000002 	 0.037232549049527906 	 2.9804563585175947E-4 	 0.037232549049527906 	 2.9804563585175947E-4 	 0.037232549049527906 	 2.9804563585175947E-4 	 0.037232549049527906 	 2.9804563585175947E-4 	 0.037232549049527906 	 2.9804563585175947E-4 	 0.037232549049527906 	 2.9804563585175947E-4 	 0.037232549049527906 	 2.9804563585175947E-4 	 0.037232549049527906 	 2.9804563585175947E-4 	 
0.26400000000000023 	 0.044043066838376256 	 2.932232707849083E-4 	 0.044043066838376256 	 2.932232707849083E-4 	 0.044043066838376256 	 2.932232707849083E-4 	 0.044043066838376256 	 2.932232707849083E-4 	 0.044043066838376256 	 2.932232707849083E-4 	 0.044043066838376256 	 2.932232707849083E-4 	 0.044043066838376256 	 2.932232707849083E-4 	 0.044043066838376256 	 2.932232707849083E-4 	 
0.28800000000000026 	 0.04835275504915794 	 2.862524944994972E-4 	 0.04835275504915794 	 2.862524944994972E-4 	 0.04835275504915794 	 2.862524944994972E-4 	 0.04835275504915794 	 2.862524944994972E-4 	 0.04835275504915794 	 2.862524944994972E-4 	 0.04835275504915794 	 2.862524944994972E-4 	 0.04835275504915794 	 2.862524944994972E-4 	 0.04835275504915794 	 2.862524944994972E-4 	 
0.3120000000000003 	 0.05403075368815398 	 2.832344507422177E-4 	 0.05403075368815398 	 2.832344507422177E-4 	 0.05403075368815398 	 2.832344507422177E-4 	 0.05403075368815398 	 2.832344507422177E-4 	 0.05403075368815398 	 2.832344507422177E-4 	 0.05403075368815398 	 2.832344507422177E-4 	 0.05403075368815398 	 2.832344507422177E-4 	 0.05403075368815398 	 2.832344507422177E-4 	 
0.33599999999999985 	 0.05826676560129878 	 2.70424272875935E-4 	 0.05826676560129878 	 2.70424272875935E-4 	 0.05826676560129878 	 2.70424272875935E-4 	 0.05826676560129878 	 2.70424272875935E-4 	 0.05826676560129878 	 2.70424272875935E-4 	 0.05826676560129878 	 2.70424272875935E-4 	 0.05826676560129878 	 2.70424272875935E-4 	 0.05826676560129878 	 2.70424272875935E-4 	 
0.3599999999999999 	 0.059775170244271474 	 2.597131614479688E-4 	 0.059775170244271474 	 2.597131614479688E-4 	 0.059775170244271474 	 2.597131614479688E-4 	 0.059775170244271474 	 2.597131614479688E-4 	 0.059775170244271474 	 2.597131614479688E-4 	 0.059775170244271474 	 2.597131614479688E-4 	 0.059775170244271474 	 2.597131614479688E-4 	 0.059775170244271474 	 2.597131614479688E-4 	 
0.3839999999999999 	 0.06021332056922548 	 2.457040768214516E-4 	 0.06021332056922548 	 2.457040768214516E-4 	 0.06021332056922548 	 2.457040768214516E-4 	 0.06021332056922548 	 2.457040768214516E-4 	 0.06021332056922548 	 2.457040768214516E-4 	 0.06021332056922548 	 2.457040768214516E-4 	 0.06021332056922548 	 2.457040768214516E-4 	 0.06021332056922548 	 2.457040768214516E-4 	 
0.4079999999999999 	 0.05919875846277118 	 2.2914720677865238E-4 	 0.05919875846277118 	 2.2914720677865238E-4 	 0.05919875846277118 	 2.2914720677865238E-4 	 0.05919875846277118 	 2.2914720677865238E-4 	 0.05919875846277118 	 2.2914720677865238E-4 	 0.05919875846277118 	 2.2914720677865238E-4 	 0.05919875846277118 	 2.2914720677865238E-4 	 0.05919875846277118 	 2.2914720677865238E-4 	 
0.43199999999999994 	 0.05581550837635023 	 2.1095982867055265E-4 	 0.05581550837635023 	 2.1095982867055265E-4 	 0.05581550837635023 	 2.1095982867055265E-4 	 0.05581550837635023 	 2.1095982867055265E-4 	 0.05581550837635023 	 2.1095982867055265E-4 	 0.05581550837635023 	 2.1095982867055265E-4 	 0.05581550837635023 	 2.1095982867055265E-4 	 0.05581550837635023 	 2.1095982867055265E-4 	 
0.45599999999999996 	 0.052202502682056506 	 1.9441900484666648E-4 	 0.052202502682056506 	 1.9441900484666648E-4 	 0.052202502682056506 	 1.9441900484666648E-4 	 0.052202502682056506 	 1.9441900484666648E-4 	 0.052202502682056506 	 1.9441900484666648E-4 	 0.052202502682056506 	 1.9441900484666648E-4 	 0.052202502682056506 	 1.9441900484666648E-4 	 0.052202502682056506 	 1.9441900484666648E-4 	 
0.48 	 0.04835601087479881 	 1.7253567471131766E-4 	 0.04835601087479881 	 1.7253567471131766E-4 	 0.04835601087479881 	 1.7253567471131766E-4 	 0.04835601087479881 	 1.7253567471131766E-4 	 0.04835601087479881 	 1.7253567471131766E-4 	 0.04835601087479881 	 1.7253567471131766E-4 	 0.04835601087479881 	 1.7253567471131766E-4 	 0.04835601087479881 	 1.7253567471131766E-4 	 
0.504 	 0.04200553472636906 	 1.5365541853941812E-4 	 0.04200553472636906 	 1.5365541853941812E-4 	 0.04200553472636906 	 1.5365541853941812E-4 	 0.04200553472636906 	 1.5365541853941812E-4 	 0.04200553472636906 	 1.5365541853941812E-4 	 0.04200553472636906 	 1.5365541853941812E-4 	 0.04200553472636906 	 1.5365541853941812E-4 	 0.04200553472636906 	 1.5365541853941812E-4 	 
0.528 	 0.03784138121989837 	 1.3373792451823292E-4 	 0.03784138121989837 	 1.3373792451823292E-4 	 0.03784138121989837 	 1.3373792451823292E-4 	 0.03784138121989837 	 1.3373792451823292E-4 	 0.03784138121989837 	 1.3373792451823292E-4 	 0.03784138121989837 	 1.3373792451823292E-4 	 0.03784138121989837 	 1.3373792451823292E-4 	 0.03784138121989837 	 1.3373792451823292E-4 	 
0.552 	 0.03318302283152769 	 1.1350361154690361E-4 	 0.03318302283152769 	 1.1350361154690361E-4 	 0.03318302283152769 	 1.1350361154690361E-4 	 0.03318302283152769 	 1.1350361154690361E-4 	 0.03318302283152769 	 1.1350361154690361E-4 	 0.03318302283152769 	 1.1350361154690361E-4 	 0.03318302283152769 	 1.1350361154690361E-4 	 0.03318302283152769 	 1.1350361154690361E-4 	 
0.5760000000000001 	 0.02802233656055384 	 9.37664284521411E-5 	 0.02802233656055384 	 9.37664284521411E-5 	 0.02802233656055384 	 9.37664284521411E-5 	 0.02802233656055384 	 9.37664284521411E-5 	 0.02802233656055384 	 9.37664284521411E-5 	 0.02802233656055384 	 9.37664284521411E-5 	 0.02802233656055384 	 9.37664284521411E-5 	 0.02802233656055384 	 9.37664284521411E-5 	 
0.6000000000000001 	 0.022630857466939856 	 7.77561470055655E-5 	 0.022630857466939856 	 7.77561470055655E-5 	 0.022630857466939856 	 7.77561470055655E-5 	 0.022630857466939856 	 7.77561470055655E-5 	 0.022630857466939856 	 7.77561470055655E-5 	 0.022630857466939856 	 7.77561470055655E-5 	 0.022630857466939856 	 7.77561470055655E-5 	 0.022630857466939856 	 7.77561470055655E-5 	 
0.6240000000000001 	 0.01944475674215533 	 6.755729360570959E-5 	 0.01944475674215533 	 6.755729360570959E-5 	 0.01944475674215533 	 6.755729360570959E-5 	 0.01944475674215533 	 6.755729360570959E-5 	 0.01944475674215533 	 6.755729360570959E-5 	 0.01944475674215533 	 6.755729360570959E-5 	 0.01944475674215533 	 6.755729360570959E-5 	 0.01944475674215533 	 6.755729360570959E-5 	 
0.6480000000000001 	 0.016597833861556624 	 5.77638670739427E-5 	 0.016597833861556624 	 5.77638670739427E-5 	 0.016597833861556624 	 5.77638670739427E-5 	 0.016597833861556624 	 5.77638670739427E-5 	 0.016597833861556624 	 5.77638670739427E-5 	 0.016597833861556624 	 5.77638670739427E-5 	 0.016597833861556624 	 5.77638670739427E-5 	 0.016597833861556624 	 5.77638670739427E-5 	 
0.6720000000000002 	 0.014116109594903977 	 5.0770536214948234E-5 	 0.014116109594903977 	 5.0770536214948234E-5 	 0.014116109594903977 	 5.0770536214948234E-5 	 0.014116109594903977 	 5.0770536214948234E-5 	 0.014116109594903977 	 5.0770536214948234E-5 	 0.014116109594903977 	 5.0770536214948234E-5 	 0.014116109594903977 	 5.0770536214948234E-5 	 0.014116109594903977 	 5.0770536214948234E-5 	 
0.6960000000000002 	 0.011930755162065822 	 4.5174627898150064E-5 	 0.011930755162065822 	 4.5174627898150064E-5 	 0.011930755162065822 	 4.5174627898150064E-5 	 0.011930755162065822 	 4.5174627898150064E-5 	 0.011930755162065822 	 4.5174627898150064E-5 	 0.011930755162065822 	 4.5174627898150064E-5 	 0.011930755162065822 	 4.5174627898150064E-5 	 0.011930755162065822 	 4.5174627898150064E-5 	 
0.7200000000000002 	 0.010481995328923192 	 3.814329860118055E-5 	 0.010481995328923192 	 3.814329860118055E-5 	 0.010481995328923192 	 3.814329860118055E-5 	 0.010481995328923192 	 3.814329860118055E-5 	 0.010481995328923192 	 3.814329860118055E-5 	 0.010481995328923192 	 3.814329860118055E-5 	 0.010481995328923192 	 3.814329860118055E-5 	 0.010481995328923192 	 3.814329860118055E-5 	 
0.7440000000000002 	 0.008851989304773064 	 3.430701235910876E-5 	 0.008851989304773064 	 3.430701235910876E-5 	 0.008851989304773064 	 3.430701235910876E-5 	 0.008851989304773064 	 3.430701235910876E-5 	 0.008851989304773064 	 3.430701235910876E-5 	 0.008851989304773064 	 3.430701235910876E-5 	 0.008851989304773064 	 3.430701235910876E-5 	 0.008851989304773064 	 3.430701235910876E-5 	 
0.7680000000000002 	 0.008255340169369383 	 3.0123308938351117E-5 	 0.008255340169369383 	 3.0123308938351117E-5 	 0.008255340169369383 	 3.0123308938351117E-5 	 0.008255340169369383 	 3.0123308938351117E-5 	 0.008255340169369383 	 3.0123308938351117E-5 	 0.008255340169369383 	 3.0123308938351117E-5 	 0.008255340169369383 	 3.0123308938351117E-5 	 0.008255340169369383 	 3.0123308938351117E-5 	 
0.7920000000000003 	 0.006918076978066181 	 2.6715605421949696E-5 	 0.006918076978066181 	 2.6715605421949696E-5 	 0.006918076978066181 	 2.6715605421949696E-5 	 0.006918076978066181 	 2.6715605421949696E-5 	 0.006918076978066181 	 2.6715605421949696E-5 	 0.006918076978066181 	 2.6715605421949696E-5 	 0.006918076978066181 	 2.6715605421949696E-5 	 0.006918076978066181 	 2.6715605421949696E-5 	 
0.8160000000000003 	 0.005947884125640525 	 2.4059148841369454E-5 	 0.005947884125640525 	 2.4059148841369454E-5 	 0.005947884125640525 	 2.4059148841369454E-5 	 0.005947884125640525 	 2.4059148841369454E-5 	 0.005947884125640525 	 2.4059148841369454E-5 	 0.005947884125640525 	 2.4059148841369454E-5 	 0.005947884125640525 	 2.4059148841369454E-5 	 0.005947884125640525 	 2.4059148841369454E-5 	 
0.8399999999999999 	 0.004917634549113383 	 2.141122395361187E-5 	 0.004917634549113383 	 2.141122395361187E-5 	 0.004917634549113383 	 2.141122395361187E-5 	 0.004917634549113383 	 2.141122395361187E-5 	 0.004917634549113383 	 2.141122395361187E-5 	 0.004917634549113383 	 2.141122395361187E-5 	 0.004917634549113383 	 2.141122395361187E-5 	 0.004917634549113383 	 2.141122395361187E-5 	 
0.8639999999999999 	 0.0045262059918567766 	 1.725355627269176E-5 	 0.0045262059918567766 	 1.725355627269176E-5 	 0.0045262059918567766 	 1.725355627269176E-5 	 0.0045262059918567766 	 1.725355627269176E-5 	 0.0045262059918567766 	 1.725355627269176E-5 	 0.0045262059918567766 	 1.725355627269176E-5 	 0.0045262059918567766 	 1.725355627269176E-5 	 0.0045262059918567766 	 1.725355627269176E-5 	 
0.8879999999999999 	 0.0036531786262151205 	 1.375111379140109E-5 	 0.0036531786262151205 	 1.375111379140109E-5 	 0.0036531786262151205 	 1.375111379140109E-5 	 0.0036531786262151205 	 1.375111379140109E-5 	 0.0036531786262151205 	 1.375111379140109E-5 	 0.0036531786262151205 	 1.375111379140109E-5 	 0.0036531786262151205 	 1.375111379140109E-5 	 0.0036531786262151205 	 1.375111379140109E-5 	 
0.9119999999999999 	 0.002920674634685753 	 1.0803031446538861E-5 	 0.002920674634685753 	 1.0803031446538861E-5 	 0.002920674634685753 	 1.0803031446538861E-5 	 0.002920674634685753 	 1.0803031446538861E-5 	 0.002920674634685753 	 1.0803031446538861E-5 	 0.002920674634685753 	 1.0803031446538861E-5 	 0.002920674634685753 	 1.0803031446538861E-5 	 0.002920674634685753 	 1.0803031446538861E-5 	 
0.9359999999999999 	 0.002492120066668354 	 8.752195649334097E-6 	 0.002492120066668354 	 8.752195649334097E-6 	 0.002492120066668354 	 8.752195649334097E-6 	 0.002492120066668354 	 8.752195649334097E-6 	 0.002492120066668354 	 8.752195649334097E-6 	 0.002492120066668354 	 8.752195649334097E-6 	 0.002492120066668354 	 8.752195649334097E-6 	 0.002492120066668354 	 8.752195649334097E-6 	 
0.96 	 0.0020775796697723335 	 7.481218559682151E-6 	 0.0020775796697723335 	 7.481218559682151E-6 	 0.0020775796697723335 	 7.481218559682151E-6 	 0.0020775796697723335 	 7.481218559682151E-6 	 0.0020775796697723335 	 7.481218559682151E-6 	 0.0020775796697723335 	 7.481218559682151E-6 	 0.0020775796697723335 	 7.481218559682151E-6 	 0.0020775796697723335 	 7.481218559682151E-6 	 
0.984 	 0.001931109059557029 	 6.3014076128105085E-6 	 0.001931109059557029 	 6.3014076128105085E-6 	 0.001931109059557029 	 6.3014076128105085E-6 	 0.001931109059557029 	 6.3014076128105085E-6 	 0.001931109059557029 	 6.3014076128105085E-6 	 0.001931109059557029 	 6.3014076128105085E-6 	 0.001931109059557029 	 6.3014076128105085E-6 	 0.001931109059557029 	 6.3014076128105085E-6 	 
1.008 	 0.001570042026011537 	 4.950057221889136E-6 	 0.001570042026011537 	 4.950057221889136E-6 	 0.001570042026011537 	 4.950057221889136E-6 	 0.001570042026011537 	 4.950057221889136E-6 	 0.001570042026011537 	 4.950057221889136E-6 	 0.001570042026011537 	 4.950057221889136E-6 	 0.001570042026011537 	 4.950057221889136E-6 	 0.001570042026011537 	 4.950057221889136E-6 	 
1.032 	 0.0010861898174758546 	 4.4958739389176456E-6 	 0.0010861898174758546 	 4.4958739389176456E-6 	 0.0010861898174758546 	 4.4958739389176456E-6 	 0.0010861898174758546 	 4.4958739389176456E-6 	 0.0010861898174758546 	 4.4958739389176456E-6 	 0.0010861898174758546 	 4.4958739389176456E-6 	 0.0010861898174758546 	 4.4958739389176456E-6 	 0.0010861898174758546 	 4.4958739389176456E-6 	 
1.056 	 0.0012272113095424014 	 4.341656565286918E-6 	 0.0012272113095424014 	 4.341656565286918E-6 	 0.0012272113095424014 	 4.341656565286918E-6 	 0.0012272113095424014 	 4.341656565286918E-6 	 0.0012272113095424014 	 4.341656565286918E-6 	 0.0012272113095424014 	 4.341656565286918E-6 	 0.0012272113095424014 	 4.341656565286918E-6 	 0.0012272113095424014 	 4.341656565286918E-6 	 
1.08 	 0.0012597464367700467 	 3.7086940242932675E-6 	 0.0012597464367700467 	 3.7086940242932675E-6 	 0.0012597464367700467 	 3.7086940242932675E-6 	 0.0012597464367700467 	 3.7086940242932675E-6 	 0.0012597464367700467 	 3.7086940242932675E-6 	 0.0012597464367700467 	 3.7086940242932675E-6 	 0.0012597464367700467 	 3.7086940242932675E-6 	 0.0012597464367700467 	 3.7086940242932675E-6 	 
1.104 	 8.993953140003399E-4 	 3.2471201658537995E-6 	 8.993953140003399E-4 	 3.2471201658537995E-6 	 8.993953140003399E-4 	 3.2471201658537995E-6 	 8.993953140003399E-4 	 3.2471201658537995E-6 	 8.993953140003399E-4 	 3.2471201658537995E-6 	 8.993953140003399E-4 	 3.2471201658537995E-6 	 8.993953140003399E-4 	 3.2471201658537995E-6 	 8.993953140003399E-4 	 3.2471201658537995E-6 	 
1.1280000000000001 	 8.826619757119527E-4 	 2.9530604406358132E-6 	 8.826619757119527E-4 	 2.9530604406358132E-6 	 8.826619757119527E-4 	 2.9530604406358132E-6 	 8.826619757119527E-4 	 2.9530604406358132E-6 	 8.826619757119527E-4 	 2.9530604406358132E-6 	 8.826619757119527E-4 	 2.9530604406358132E-6 	 8.826619757119527E-4 	 2.9530604406358132E-6 	 8.826619757119527E-4 	 2.9530604406358132E-6 	 
1.1520000000000001 	 8.270646003083539E-4 	 2.7793500476183186E-6 	 8.270646003083539E-4 	 2.7793500476183186E-6 	 8.270646003083539E-4 	 2.7793500476183186E-6 	 8.270646003083539E-4 	 2.7793500476183186E-6 	 8.270646003083539E-4 	 2.7793500476183186E-6 	 8.270646003083539E-4 	 2.7793500476183186E-6 	 8.270646003083539E-4 	 2.7793500476183186E-6 	 8.270646003083539E-4 	 2.7793500476183186E-6 	 
1.1760000000000002 	 8.184477938604142E-4 	 2.4254974248366656E-6 	 8.184477938604142E-4 	 2.4254974248366656E-6 	 8.184477938604142E-4 	 2.4254974248366656E-6 	 8.184477938604142E-4 	 2.4254974248366656E-6 	 8.184477938604142E-4 	 2.4254974248366656E-6 	 8.184477938604142E-4 	 2.4254974248366656E-6 	 8.184477938604142E-4 	 2.4254974248366656E-6 	 8.184477938604142E-4 	 2.4254974248366656E-6 	 
1.2000000000000002 	 6.783384397448371E-4 	 2.0652110766756427E-6 	 6.783384397448371E-4 	 2.0652110766756427E-6 	 6.783384397448371E-4 	 2.0652110766756427E-6 	 6.783384397448371E-4 	 2.0652110766756427E-6 	 6.783384397448371E-4 	 2.0652110766756427E-6 	 6.783384397448371E-4 	 2.0652110766756427E-6 	 6.783384397448371E-4 	 2.0652110766756427E-6 	 6.783384397448371E-4 	 2.0652110766756427E-6 	 
1.2240000000000002 	 5.737917405095516E-4 	 1.8164420594906513E-6 	 5.737917405095516E-4 	 1.8164420594906513E-6 	 5.737917405095516E-4 	 1.8164420594906513E-6 	 5.737917405095516E-4 	 1.8164420594906513E-6 	 5.737917405095516E-4 	 1.8164420594906513E-6 	 5.737917405095516E-4 	 1.8164420594906513E-6 	 5.737917405095516E-4 	 1.8164420594906513E-6 	 5.737917405095516E-4 	 1.8164420594906513E-6 	 
1.2480000000000002 	 5.212046402077611E-4 	 1.571960898512724E-6 	 5.212046402077611E-4 	 1.571960898512724E-6 	 5.212046402077611E-4 	 1.571960898512724E-6 	 5.212046402077611E-4 	 1.571960898512724E-6 	 5.212046402077611E-4 	 1.571960898512724E-6 	 5.212046402077611E-4 	 1.571960898512724E-6 	 5.212046402077611E-4 	 1.571960898512724E-6 	 5.212046402077611E-4 	 1.571960898512724E-6 	 
1.2720000000000002 	 4.771653433235129E-4 	 1.3596513642650062E-6 	 4.771653433235129E-4 	 1.3596513642650062E-6 	 4.771653433235129E-4 	 1.3596513642650062E-6 	 4.771653433235129E-4 	 1.3596513642650062E-6 	 4.771653433235129E-4 	 1.3596513642650062E-6 	 4.771653433235129E-4 	 1.3596513642650062E-6 	 4.771653433235129E-4 	 1.3596513642650062E-6 	 4.771653433235129E-4 	 1.3596513642650062E-6 	 
1.2960000000000003 	 3.859492481987321E-4 	 1.1087371915122194E-6 	 3.859492481987321E-4 	 1.1087371915122194E-6 	 3.859492481987321E-4 	 1.1087371915122194E-6 	 3.859492481987321E-4 	 1.1087371915122194E-6 	 3.859492481987321E-4 	 1.1087371915122194E-6 	 3.859492481987321E-4 	 1.1087371915122194E-6 	 3.859492481987321E-4 	 1.1087371915122194E-6 	 3.859492481987321E-4 	 1.1087371915122194E-6 	 
1.3200000000000003 	 3.297373103336379E-4 	 9.62906624285059E-7 	 3.297373103336379E-4 	 9.62906624285059E-7 	 3.297373103336379E-4 	 9.62906624285059E-7 	 3.297373103336379E-4 	 9.62906624285059E-7 	 3.297373103336379E-4 	 9.62906624285059E-7 	 3.297373103336379E-4 	 9.62906624285059E-7 	 3.297373103336379E-4 	 9.62906624285059E-7 	 3.297373103336379E-4 	 9.62906624285059E-7 	 
1.3440000000000003 	 2.8902742989799423E-4 	 7.698976153468758E-7 	 2.8902742989799423E-4 	 7.698976153468758E-7 	 2.8902742989799423E-4 	 7.698976153468758E-7 	 2.8902742989799423E-4 	 7.698976153468758E-7 	 2.8902742989799423E-4 	 7.698976153468758E-7 	 2.8902742989799423E-4 	 7.698976153468758E-7 	 2.8902742989799423E-4 	 7.698976153468758E-7 	 2.8902742989799423E-4 	 7.698976153468758E-7 	 
1.3680000000000003 	 1.7870384763433712E-4 	 7.098489954382753E-7 	 1.7870384763433712E-4 	 7.098489954382753E-7 	 1.7870384763433712E-4 	 7.098489954382753E-7 	 1.7870384763433712E-4 	 7.098489954382753E-7 	 1.7870384763433712E-4 	 7.098489954382753E-7 	 1.7870384763433712E-4 	 7.098489954382753E-7 	 1.7870384763433712E-4 	 7.098489954382753E-7 	 1.7870384763433712E-4 	 7.098489954382753E-7 	 
1.3920000000000003 	 2.10180203393374E-4 	 6.240674888008161E-7 	 2.10180203393374E-4 	 6.240674888008161E-7 	 2.10180203393374E-4 	 6.240674888008161E-7 	 2.10180203393374E-4 	 6.240674888008161E-7 	 2.10180203393374E-4 	 6.240674888008161E-7 	 2.10180203393374E-4 	 6.240674888008161E-7 	 2.10180203393374E-4 	 6.240674888008161E-7 	 2.10180203393374E-4 	 6.240674888008161E-7 	 
1.4160000000000004 	 1.6476299373591497E-4 	 5.897535810606526E-7 	 1.6476299373591497E-4 	 5.897535810606526E-7 	 1.6476299373591497E-4 	 5.897535810606526E-7 	 1.6476299373591497E-4 	 5.897535810606526E-7 	 1.6476299373591497E-4 	 5.897535810606526E-7 	 1.6476299373591497E-4 	 5.897535810606526E-7 	 1.6476299373591497E-4 	 5.897535810606526E-7 	 1.6476299373591497E-4 	 5.897535810606526E-7 	 
1.4400000000000004 	 1.8895517259998458E-4 	 5.211284093117506E-7 	 1.8895517259998458E-4 	 5.211284093117506E-7 	 1.8895517259998458E-4 	 5.211284093117506E-7 	 1.8895517259998458E-4 	 5.211284093117506E-7 	 1.8895517259998458E-4 	 5.211284093117506E-7 	 1.8895517259998458E-4 	 5.211284093117506E-7 	 1.8895517259998458E-4 	 5.211284093117506E-7 	 1.8895517259998458E-4 	 5.211284093117506E-7 	 
1.4640000000000004 	 1.5351111820507743E-4 	 4.160456429704416E-7 	 1.5351111820507743E-4 	 4.160456429704416E-7 	 1.5351111820507743E-4 	 4.160456429704416E-7 	 1.5351111820507743E-4 	 4.160456429704416E-7 	 1.5351111820507743E-4 	 4.160456429704416E-7 	 1.5351111820507743E-4 	 4.160456429704416E-7 	 1.5351111820507743E-4 	 4.160456429704416E-7 	 1.5351111820507743E-4 	 4.160456429704416E-7 	 
1.4880000000000004 	 1.095537627938965E-4 	 3.688653128369472E-7 	 1.095537627938965E-4 	 3.688653128369472E-7 	 1.095537627938965E-4 	 3.688653128369472E-7 	 1.095537627938965E-4 	 3.688653128369472E-7 	 1.095537627938965E-4 	 3.688653128369472E-7 	 1.095537627938965E-4 	 3.688653128369472E-7 	 1.095537627938965E-4 	 3.688653128369472E-7 	 1.095537627938965E-4 	 3.688653128369472E-7 	 
1.5120000000000005 	 1.1286161553706426E-4 	 2.916604629283336E-7 	 1.1286161553706426E-4 	 2.916604629283336E-7 	 1.1286161553706426E-4 	 2.916604629283336E-7 	 1.1286161553706426E-4 	 2.916604629283336E-7 	 1.1286161553706426E-4 	 2.916604629283336E-7 	 1.1286161553706426E-4 	 2.916604629283336E-7 	 1.1286161553706426E-4 	 2.916604629283336E-7 	 1.1286161553706426E-4 	 2.916604629283336E-7 	 
1.5360000000000005 	 8.511575879333126E-5 	 2.015890437623903E-7 	 8.511575879333126E-5 	 2.015890437623903E-7 	 8.511575879333126E-5 	 2.015890437623903E-7 	 8.511575879333126E-5 	 2.015890437623903E-7 	 8.511575879333126E-5 	 2.015890437623903E-7 	 8.511575879333126E-5 	 2.015890437623903E-7 	 8.511575879333126E-5 	 2.015890437623903E-7 	 8.511575879333126E-5 	 2.015890437623903E-7 	 
1.5600000000000005 	 4.120153041327842E-5 	 1.801438034860953E-7 	 4.120153041327842E-5 	 1.801438034860953E-7 	 4.120153041327842E-5 	 1.801438034860953E-7 	 4.120153041327842E-5 	 1.801438034860953E-7 	 4.120153041327842E-5 	 1.801438034860953E-7 	 4.120153041327842E-5 	 1.801438034860953E-7 	 4.120153041327842E-5 	 1.801438034860953E-7 	 4.120153041327842E-5 	 1.801438034860953E-7 	 
1.5840000000000005 	 4.67412138210839E-5 	 1.586979547287096E-7 	 4.67412138210839E-5 	 1.586979547287096E-7 	 4.67412138210839E-5 	 1.586979547287096E-7 	 4.67412138210839E-5 	 1.586979547287096E-7 	 4.67412138210839E-5 	 1.586979547287096E-7 	 4.67412138210839E-5 	 1.586979547287096E-7 	 4.67412138210839E-5 	 1.586979547287096E-7 	 4.67412138210839E-5 	 1.586979547287096E-7 	 
1.6080000000000005 	 3.7072104978190996E-5 	 1.5011999710483776E-7 	 3.7072104978190996E-5 	 1.5011999710483776E-7 	 3.7072104978190996E-5 	 1.5011999710483776E-7 	 3.7072104978190996E-5 	 1.5011999710483776E-7 	 3.7072104978190996E-5 	 1.5011999710483776E-7 	 3.7072104978190996E-5 	 1.5011999710483776E-7 	 3.7072104978190996E-5 	 1.5011999710483776E-7 	 3.7072104978190996E-5 	 1.5011999710483776E-7 	 
1.6319999999999997 	 3.3434329225381365E-5 	 1.5869751410673647E-7 	 3.3434329225381365E-5 	 1.5869751410673647E-7 	 3.3434329225381365E-5 	 1.5869751410673647E-7 	 3.3434329225381365E-5 	 1.5869751410673647E-7 	 3.3434329225381365E-5 	 1.5869751410673647E-7 	 3.3434329225381365E-5 	 1.5869751410673647E-7 	 3.3434329225381365E-5 	 1.5869751410673647E-7 	 3.3434329225381365E-5 	 1.5869751410673647E-7 	 
1.6559999999999997 	 3.8510395645614255E-5 	 1.1580669784371157E-7 	 3.8510395645614255E-5 	 1.1580669784371157E-7 	 3.8510395645614255E-5 	 1.1580669784371157E-7 	 3.8510395645614255E-5 	 1.1580669784371157E-7 	 3.8510395645614255E-5 	 1.1580669784371157E-7 	 3.8510395645614255E-5 	 1.1580669784371157E-7 	 3.8510395645614255E-5 	 1.1580669784371157E-7 	 3.8510395645614255E-5 	 1.1580669784371157E-7 	 
1.6799999999999997 	 1.0581248270646028E-5 	 1.3939629639024695E-7 	 1.0581248270646028E-5 	 1.3939629639024695E-7 	 1.0581248270646028E-5 	 1.3939629639024695E-7 	 1.0581248270646028E-5 	 1.3939629639024695E-7 	 1.0581248270646028E-5 	 1.3939629639024695E-7 	 1.0581248270646028E-5 	 1.3939629639024695E-7 	 1.0581248270646028E-5 	 1.3939629639024695E-7 	 1.0581248270646028E-5 	 1.3939629639024695E-7 	 
1.7039999999999997 	 4.88415062749628E-5 	 1.479742749989719E-7 	 4.88415062749628E-5 	 1.479742749989719E-7 	 4.88415062749628E-5 	 1.479742749989719E-7 	 4.88415062749628E-5 	 1.479742749989719E-7 	 4.88415062749628E-5 	 1.479742749989719E-7 	 4.88415062749628E-5 	 1.479742749989719E-7 	 4.88415062749628E-5 	 1.479742749989719E-7 	 4.88415062749628E-5 	 1.479742749989719E-7 	 
1.7279999999999998 	 4.673043182068734E-5 	 1.2652882490288522E-7 	 4.673043182068734E-5 	 1.2652882490288522E-7 	 4.673043182068734E-5 	 1.2652882490288522E-7 	 4.673043182068734E-5 	 1.2652882490288522E-7 	 4.673043182068734E-5 	 1.2652882490288522E-7 	 4.673043182068734E-5 	 1.2652882490288522E-7 	 4.673043182068734E-5 	 1.2652882490288522E-7 	 4.673043182068734E-5 	 1.2652882490288522E-7 	 
1.7519999999999998 	 3.696428695733534E-5 	 1.0293859689451154E-7 	 3.696428695733534E-5 	 1.0293859689451154E-7 	 3.696428695733534E-5 	 1.0293859689451154E-7 	 3.696428695733534E-5 	 1.0293859689451154E-7 	 3.696428695733534E-5 	 1.0293859689451154E-7 	 3.696428695733534E-5 	 1.0293859689451154E-7 	 3.696428695733534E-5 	 1.0293859689451154E-7 	 3.696428695733534E-5 	 1.0293859689451154E-7 	 
1.7759999999999998 	 2.7256363756891367E-5 	 9.007152406598565E-8 	 2.7256363756891367E-5 	 9.007152406598565E-8 	 2.7256363756891367E-5 	 9.007152406598565E-8 	 2.7256363756891367E-5 	 9.007152406598565E-8 	 2.7256363756891367E-5 	 9.007152406598565E-8 	 2.7256363756891367E-5 	 9.007152406598565E-8 	 2.7256363756891367E-5 	 9.007152406598565E-8 	 2.7256363756891367E-5 	 9.007152406598565E-8 	 
1.7999999999999998 	 2.16368951495168E-5 	 8.578209413574991E-8 	 2.16368951495168E-5 	 8.578209413574991E-8 	 2.16368951495168E-5 	 8.578209413574991E-8 	 2.16368951495168E-5 	 8.578209413574991E-8 	 2.16368951495168E-5 	 8.578209413574991E-8 	 2.16368951495168E-5 	 8.578209413574991E-8 	 2.16368951495168E-5 	 8.578209413574991E-8 	 2.16368951495168E-5 	 8.578209413574991E-8 	 
1.8239999999999998 	 2.7236956493728193E-5 	 6.433645520431414E-8 	 2.7236956493728193E-5 	 6.433645520431414E-8 	 2.7236956493728193E-5 	 6.433645520431414E-8 	 2.7236956493728193E-5 	 6.433645520431414E-8 	 2.7236956493728193E-5 	 6.433645520431414E-8 	 2.7236956493728193E-5 	 6.433645520431414E-8 	 2.7236956493728193E-5 	 6.433645520431414E-8 	 2.7236956493728193E-5 	 6.433645520431414E-8 	 
1.8479999999999999 	 2.1593767907419474E-5 	 6.433645520431414E-8 	 2.1593767907419474E-5 	 6.433645520431414E-8 	 2.1593767907419474E-5 	 6.433645520431414E-8 	 2.1593767907419474E-5 	 6.433645520431414E-8 	 2.1593767907419474E-5 	 6.433645520431414E-8 	 2.1593767907419474E-5 	 6.433645520431414E-8 	 2.1593767907419474E-5 	 6.433645520431414E-8 	 2.1593767907419474E-5 	 6.433645520431414E-8 	 
1.8719999999999999 	 2.510216222929396E-5 	 4.5035573194564533E-8 	 2.510216222929396E-5 	 4.5035573194564533E-8 	 2.510216222929396E-5 	 4.5035573194564533E-8 	 2.510216222929396E-5 	 4.5035573194564533E-8 	 2.510216222929396E-5 	 4.5035573194564533E-8 	 2.510216222929396E-5 	 4.5035573194564533E-8 	 2.510216222929396E-5 	 4.5035573194564533E-8 	 2.510216222929396E-5 	 4.5035573194564533E-8 	 
1.896 	 9.7790830106649E-6 	 3.216820662079374E-8 	 9.7790830106649E-6 	 3.216820662079374E-8 	 9.7790830106649E-6 	 3.216820662079374E-8 	 9.7790830106649E-6 	 3.216820662079374E-8 	 9.7790830106649E-6 	 3.216820662079374E-8 	 9.7790830106649E-6 	 3.216820662079374E-8 	 9.7790830106649E-6 	 3.216820662079374E-8 	 9.7790830106649E-6 	 3.216820662079374E-8 	 
1.92 	 9.781239368550385E-6 	 3.431275372884666E-8 	 9.781239368550385E-6 	 3.431275372884666E-8 	 9.781239368550385E-6 	 3.431275372884666E-8 	 9.781239368550385E-6 	 3.431275372884666E-8 	 9.781239368550385E-6 	 3.431275372884666E-8 	 9.781239368550385E-6 	 3.431275372884666E-8 	 9.781239368550385E-6 	 3.431275372884666E-8 	 9.781239368550385E-6 	 3.431275372884666E-8 	 
1.944 	 9.78339572643587E-6 	 3.431275372884666E-8 	 9.78339572643587E-6 	 3.431275372884666E-8 	 9.78339572643587E-6 	 3.431275372884666E-8 	 9.78339572643587E-6 	 3.431275372884666E-8 	 9.78339572643587E-6 	 3.431275372884666E-8 	 9.78339572643587E-6 	 3.431275372884666E-8 	 9.78339572643587E-6 	 3.431275372884666E-8 	 9.78339572643587E-6 	 3.431275372884666E-8 	 
1.968 	 9.774770294893939E-6 	 3.0023659512740825E-8 	 9.774770294893939E-6 	 3.0023659512740825E-8 	 9.774770294893939E-6 	 3.0023659512740825E-8 	 9.774770294893939E-6 	 3.0023659512740825E-8 	 9.774770294893939E-6 	 3.0023659512740825E-8 	 9.774770294893939E-6 	 3.0023659512740825E-8 	 9.774770294893939E-6 	 3.0023659512740825E-8 	 9.774770294893939E-6 	 3.0023659512740825E-8 	 
1.992 	 9.796333873748763E-6 	 2.5734565296635E-8 	 9.796333873748763E-6 	 2.5734565296635E-8 	 9.796333873748763E-6 	 2.5734565296635E-8 	 9.796333873748763E-6 	 2.5734565296635E-8 	 9.796333873748763E-6 	 2.5734565296635E-8 	 9.796333873748763E-6 	 2.5734565296635E-8 	 9.796333873748763E-6 	 2.5734565296635E-8 	 9.796333873748763E-6 	 2.5734565296635E-8 	 
2.016 	 1.1812528496675267E-5 	 3.0023659512740825E-8 	 1.1812528496675267E-5 	 3.0023659512740825E-8 	 1.1812528496675267E-5 	 3.0023659512740825E-8 	 1.1812528496675267E-5 	 3.0023659512740825E-8 	 1.1812528496675267E-5 	 3.0023659512740825E-8 	 1.1812528496675267E-5 	 3.0023659512740825E-8 	 1.1812528496675267E-5 	 3.0023659512740825E-8 	 1.1812528496675267E-5 	 3.0023659512740825E-8 	 
2.04 	 1.5318766418470448E-5 	 8.578188432211667E-9 	 1.5318766418470448E-5 	 8.578188432211667E-9 	 1.5318766418470448E-5 	 8.578188432211667E-9 	 1.5318766418470448E-5 	 8.578188432211667E-9 	 1.5318766418470448E-5 	 8.578188432211667E-9 	 1.5318766418470448E-5 	 8.578188432211667E-9 	 1.5318766418470448E-5 	 8.578188432211667E-9 	 1.5318766418470448E-5 	 8.578188432211667E-9 	 
2.064 	 0.0 	 0.0 	 0.0 	 0.0 	 0.0 	 0.0 	 0.0 	 0.0 	 0.0 	 0.0 	 0.0 	 0.0 	 0.0 	 0.0 	 0.0 	 0.0 	 
2.088 	 0.0 	 0.0 	 0.0 	 0.0 	 0.0 	 0.0 	 0.0 	 0.0 	 0.0 	 0.0 	 0.0 	 0.0 	 0.0 	 0.0 	 0.0 	 0.0 	 
2.112 	 0.0 	 0.0 	 0.0 	 0.0 	 0.0 	 0.0 	 0.0 	 0.0 	 0.0 	 0.0 	 0.0 	 0.0 	 0.0 	 0.0 	 0.0 	 0.0 	 
2.136 	 0.0 	 0.0 	 0.0 	 0.0 	 0.0 	 0.0 	 0.0 	 0.0 	 0.0 	 0.0 	 0.0 	 0.0 	 0.0 	 0.0 	 0.0 	 0.0 	 
2.16 	 0.0 	 0.0 	 0.0 	 0.0 	 0.0 	 0.0 	 0.0 	 0.0 	 0.0 	 0.0 	 0.0 	 0.0 	 0.0 	 0.0 	 0.0 	 0.0 	 
2.184 	 0.0 	 0.0 	 0.0 	 0.0 	 0.0 	 0.0 	 0.0 	 0.0 	 0.0 	 0.0 	 0.0 	 0.0 	 0.0 	 0.0 	 0.0 	 0.0 	 
2.208 	 0.0 	 0.0 	 0.0 	 0.0 	 0.0 	 0.0 	 0.0 	 0.0 	 0.0 	 0.0 	 0.0 	 0.0 	 0.0 	 0.0 	 0.0 	 0.0 	 
2.232 	 0.0 	 0.0 	 0.0 	 0.0 	 0.0 	 0.0 	 0.0 	 0.0 	 0.0 	 0.0 	 0.0 	 0.0 	 0.0 	 0.0 	 0.0 	 0.0 	 
2.2560000000000002 	 0.0 	 0.0 	 0.0 	 0.0 	 0.0 	 0.0 	 0.0 	 0.0 	 0.0 	 0.0 	 0.0 	 0.0 	 0.0 	 0.0 	 0.0 	 0.0 	 
2.2800000000000002 	 0.0 	 0.0 	 0.0 	 0.0 	 0.0 	 0.0 	 0.0 	 0.0 	 0.0 	 0.0 	 0.0 	 0.0 	 0.0 	 0.0 	 0.0 	 0.0 	 
2.3040000000000003 	 0.0 	 0.0 	 0.0 	 0.0 	 0.0 	 0.0 	 0.0 	 0.0 	 0.0 	 0.0 	 0.0 	 0.0 	 0.0 	 0.0 	 0.0 	 0.0 	 
2.3280000000000003 	 0.0 	 0.0 	 0.0 	 0.0 	 0.0 	 0.0 	 0.0 	 0.0 	 0.0 	 0.0 	 0.0 	 0.0 	 0.0 	 0.0 	 0.0 	 0.0 	 
2.3520000000000003 	 0.0 	 0.0 	 0.0 	 0.0 	 0.0 	 0.0 	 0.0 	 0.0 	 0.0 	 0.0 	 0.0 	 0.0 	 0.0 	 0.0 	 0.0 	 0.0 	 
2.3760000000000003 	 0.0 	 0.0 	 0.0 	 0.0 	 0.0 	 0.0 	 0.0 	 0.0 	 0.0 	 0.0 	 0.0 	 0.0 	 0.0 	 0.0 	 0.0 	 0.0 	 
2.4000000000000004 	 0.0 	 0.0 	 0.0 	 0.0 	 0.0 	 0.0 	 0.0 	 0.0 	 0.0 	 0.0 	 0.0 	 0.0 	 0.0 	 0.0 	 0.0 	 0.0 	 
2.4240000000000004 	 0.0 	 0.0 	 0.0 	 0.0 	 0.0 	 0.0 	 0.0 	 0.0 	 0.0 	 0.0 	 0.0 	 0.0 	 0.0 	 0.0 	 0.0 	 0.0 	 
2.4480000000000004 	 0.0 	 0.0 	 0.0 	 0.0 	 0.0 	 0.0 	 0.0 	 0.0 	 0.0 	 0.0 	 0.0 	 0.0 	 0.0 	 0.0 	 0.0 	 0.0 	 
2.4720000000000004 	 0.0 	 0.0 	 0.0 	 0.0 	 0.0 	 0.0 	 0.0 	 0.0 	 0.0 	 0.0 	 0.0 	 0.0 	 0.0 	 0.0 	 0.0 	 0.0 	 
2.4960000000000004 	 0.0 	 0.0 	 0.0 	 0.0 	 0.0 	 0.0 	 0.0 	 0.0 	 0.0 	 0.0 	 0.0 	 0.0 	 0.0 	 0.0 	 0.0 	 0.0 	 
2.5200000000000005 	 0.0 	 0.0 	 0.0 	 0.0 	 0.0 	 0.0 	 0.0 	 0.0 	 0.0 	 0.0 	 0.0 	 0.0 	 0.0 	 0.0 	 0.0 	 0.0 	 
2.5440000000000005 	 0.0 	 0.0 	 0.0 	 0.0 	 0.0 	 0.0 	 0.0 	 0.0 	 0.0 	 0.0 	 0.0 	 0.0 	 0.0 	 0.0 	 0.0 	 0.0 	 
2.5680000000000005 	 0.0 	 0.0 	 0.0 	 0.0 	 0.0 	 0.0 	 0.0 	 0.0 	 0.0 	 0.0 	 0.0 	 0.0 	 0.0 	 0.0 	 0.0 	 0.0 	 
2.5920000000000005 	 0.0 	 0.0 	 0.0 	 0.0 	 0.0 	 0.0 	 0.0 	 0.0 	 0.0 	 0.0 	 0.0 	 0.0 	 0.0 	 0.0 	 0.0 	 0.0 	 
2.6160000000000005 	 0.0 	 0.0 	 0.0 	 0.0 	 0.0 	 0.0 	 0.0 	 0.0 	 0.0 	 0.0 	 0.0 	 0.0 	 0.0 	 0.0 	 0.0 	 0.0 	 
2.6399999999999997 	 0.0 	 0.0 	 0.0 	 0.0 	 0.0 	 0.0 	 0.0 	 0.0 	 0.0 	 0.0 	 0.0 	 0.0 	 0.0 	 0.0 	 0.0 	 0.0 	 
2.6639999999999997 	 0.0 	 0.0 	 0.0 	 0.0 	 0.0 	 0.0 	 0.0 	 0.0 	 0.0 	 0.0 	 0.0 	 0.0 	 0.0 	 0.0 	 0.0 	 0.0 	 
2.6879999999999997 	 0.0 	 0.0 	 0.0 	 0.0 	 0.0 	 0.0 	 0.0 	 0.0 	 0.0 	 0.0 	 0.0 	 0.0 	 0.0 	 0.0 	 0.0 	 0.0 	 
2.7119999999999997 	 0.0 	 0.0 	 0.0 	 0.0 	 0.0 	 0.0 	 0.0 	 0.0 	 0.0 	 0.0 	 0.0 	 0.0 	 0.0 	 0.0 	 0.0 	 0.0 	 
2.7359999999999998 	 0.0 	 0.0 	 0.0 	 0.0 	 0.0 	 0.0 	 0.0 	 0.0 	 0.0 	 0.0 	 0.0 	 0.0 	 0.0 	 0.0 	 0.0 	 0.0 	 
2.76 	 0.0 	 0.0 	 0.0 	 0.0 	 0.0 	 0.0 	 0.0 	 0.0 	 0.0 	 0.0 	 0.0 	 0.0 	 0.0 	 0.0 	 0.0 	 0.0 	 
2.784 	 0.0 	 0.0 	 0.0 	 0.0 	 0.0 	 0.0 	 0.0 	 0.0 	 0.0 	 0.0 	 0.0 	 0.0 	 0.0 	 0.0 	 0.0 	 0.0 	 
2.808 	 0.0 	 0.0 	 0.0 	 0.0 	 0.0 	 0.0 	 0.0 	 0.0 	 0.0 	 0.0 	 0.0 	 0.0 	 0.0 	 0.0 	 0.0 	 0.0 	 
2.832 	 0.0 	 0.0 	 0.0 	 0.0 	 0.0 	 0.0 	 0.0 	 0.0 	 0.0 	 0.0 	 0.0 	 0.0 	 0.0 	 0.0 	 0.0 	 0.0 	 
2.856 	 0.0 	 0.0 	 0.0 	 0.0 	 0.0 	 0.0 	 0.0 	 0.0 	 0.0 	 0.0 	 0.0 	 0.0 	 0.0 	 0.0 	 0.0 	 0.0 	 
2.88 	 0.0 	 0.0 	 0.0 	 0.0 	 0.0 	 0.0 	 0.0 	 0.0 	 0.0 	 0.0 	 0.0 	 0.0 	 0.0 	 0.0 	 0.0 	 0.0 	 
2.904 	 0.0 	 0.0 	 0.0 	 0.0 	 0.0 	 0.0 	 0.0 	 0.0 	 0.0 	 0.0 	 0.0 	 0.0 	 0.0 	 0.0 	 0.0 	 0.0 	 
2.928 	 0.0 	 0.0 	 0.0 	 0.0 	 0.0 	 0.0 	 0.0 	 0.0 	 0.0 	 0.0 	 0.0 	 0.0 	 0.0 	 0.0 	 0.0 	 0.0 	 
2.952 	 0.0 	 0.0 	 0.0 	 0.0 	 0.0 	 0.0 	 0.0 	 0.0 	 0.0 	 0.0 	 0.0 	 0.0 	 0.0 	 0.0 	 0.0 	 0.0 	 
2.976 	 0.0 	 0.0 	 0.0 	 0.0 	 0.0 	 0.0 	 0.0 	 0.0 	 0.0 	 0.0 	 0.0 	 0.0 	 0.0 	 0.0 	 0.0 	 0.0 	 
