-3.0 	 2.5343274548882437E-4 	 1.591139902261656E-5 	 2.5343274548882437E-4 	 1.591139902261656E-5 	 2.5343274548882437E-4 	 1.591139902261656E-5 	 2.5343274548882437E-4 	 1.591139902261656E-5 	 2.1316120030491355E-5 	 0.0028031923662794694 	 2.1316120030491355E-5 	 0.0028031923662794694 	 2.1316120030491355E-5 	 0.0028031923662794694 	 2.1316120030491355E-5 	 0.0028031923662794694 	 
-2.976 	 0.0014325443951382492 	 0.00143057148597428 	 0.0014325443951382492 	 0.00143057148597428 	 0.0014325443951382492 	 0.00143057148597428 	 0.0014325443951382492 	 0.00143057148597428 	 1.4165397299544488E-5 	 0.0017087333515182943 	 1.4165397299544488E-5 	 0.0017087333515182943 	 1.4165397299544488E-5 	 0.0017087333515182943 	 1.4165397299544488E-5 	 0.0017087333515182943 	 
-2.952 	 0.012890625135196628 	 0.013051512200278653 	 0.012890625135196628 	 0.013051512200278653 	 0.012890625135196628 	 0.013051512200278653 	 0.012890625135196628 	 0.013051512200278653 	 3.888994916997663E-5 	 0.010055476273093084 	 3.888994916997663E-5 	 0.010055476273093084 	 3.888994916997663E-5 	 0.010055476273093084 	 3.888994916997663E-5 	 0.010055476273093084 	 
-2.928 	 6.613638028218439E-4 	 4.8671137938856963E-4 	 6.613638028218439E-4 	 4.8671137938856963E-4 	 6.613638028218439E-4 	 4.8671137938856963E-4 	 6.613638028218439E-4 	 4.8671137938856963E-4 	 2.472138415142516E-5 	 0.002591734447758469 	 2.472138415142516E-5 	 0.002591734447758469 	 2.472138415142516E-5 	 0.002591734447758469 	 2.472138415142516E-5 	 0.002591734447758469 	 
-2.904 	 0.0011975017921518035 	 0.001191807719916113 	 0.0011975017921518035 	 0.001191807719916113 	 0.0011975017921518035 	 0.001191807719916113 	 0.0011975017921518035 	 0.001191807719916113 	 1.3146276516337655E-5 	 0.001432544433762563 	 1.3146276516337655E-5 	 0.001432544433762563 	 1.3146276516337655E-5 	 0.001432544433762563 	 1.3146276516337655E-5 	 0.001432544433762563 	 
-2.88 	 0.012192822822524655 	 0.012339567495251285 	 0.012192822822524655 	 0.012339567495251285 	 0.012192822822524655 	 0.012339567495251285 	 0.012192822822524655 	 0.012339567495251285 	 4.295821912839059E-5 	 0.009572801620548459 	 4.295821912839059E-5 	 0.009572801620548459 	 4.295821912839059E-5 	 0.009572801620548459 	 4.295821912839059E-5 	 0.009572801620548459 	 
-2.856 	 0.002994327785406654 	 0.002859068011725707 	 0.002994327785406654 	 0.002859068011725707 	 0.002994327785406654 	 0.002859068011725707 	 0.002994327785406654 	 0.002859068011725707 	 3.098235073540988E-5 	 0.004288288657344179 	 3.098235073540988E-5 	 0.004288288657344179 	 3.098235073540988E-5 	 0.004288288657344179 	 3.098235073540988E-5 	 0.004288288657344179 	 
-2.832 	 6.467475715967599E-5 	 8.680307982215946E-6 	 6.467475715967599E-5 	 8.680307982215946E-6 	 6.467475715967599E-5 	 8.680307982215946E-6 	 6.467475715967599E-5 	 8.680307982215946E-6 	 2.728873050011397E-5 	 9.8348133324773E-4 	 2.728873050011397E-5 	 9.8348133324773E-4 	 2.728873050011397E-5 	 9.8348133324773E-4 	 2.728873050011397E-5 	 9.8348133324773E-4 	 
-2.808 	 0.014276852393752013 	 0.014473889829376514 	 0.014276852393752013 	 0.014473889829376514 	 0.014276852393752013 	 0.014473889829376514 	 0.014276852393752013 	 0.014473889829376514 	 4.69128180963924E-5 	 0.01095102070114905 	 4.69128180963924E-5 	 0.01095102070114905 	 4.69128180963924E-5 	 0.01095102070114905 	 4.69128180963924E-5 	 0.01095102070114905 	 
-2.784 	 0.0020858638114842395 	 0.0019114662271960791 	 0.0020858638114842395 	 0.0019114662271960791 	 0.0020858638114842395 	 0.0019114662271960791 	 0.0020858638114842395 	 0.0019114662271960791 	 3.8344366420422864E-5 	 0.003865893889878585 	 3.8344366420422864E-5 	 0.003865893889878585 	 3.8344366420422864E-5 	 0.003865893889878585 	 3.8344366420422864E-5 	 0.003865893889878585 	 
-2.76 	 0.01642260258319426 	 0.01661341900284035 	 0.01642260258319426 	 0.01661341900284035 	 0.01642260258319426 	 0.01661341900284035 	 0.01642260258319426 	 0.01661341900284035 	 6.243390997443729E-5 	 0.01301456458499842 	 6.243390997443729E-5 	 0.01301456458499842 	 6.243390997443729E-5 	 0.01301456458499842 	 6.243390997443729E-5 	 0.01301456458499842 	 
-2.7359999999999998 	 0.0014249401174087186 	 0.00120394937426301 	 0.0014249401174087186 	 0.00120394937426301 	 0.0014249401174087186 	 0.00120394937426301 	 0.0014249401174087186 	 0.00120394937426301 	 5.604488607785074E-5 	 0.0038635060281272896 	 5.604488607785074E-5 	 0.0038635060281272896 	 5.604488607785074E-5 	 0.0038635060281272896 	 5.604488607785074E-5 	 0.0038635060281272896 	 
-2.7119999999999997 	 0.014320378679090105 	 0.014479299327146656 	 0.014320378679090105 	 0.014479299327146656 	 0.014320378679090105 	 0.014479299327146656 	 0.014320378679090105 	 0.014479299327146656 	 6.488450337726645E-5 	 0.011668428525689181 	 6.488450337726645E-5 	 0.011668428525689181 	 6.488450337726645E-5 	 0.011668428525689181 	 6.488450337726645E-5 	 0.011668428525689181 	 
-2.688 	 0.018469910536476633 	 0.018520678957987646 	 0.018469910536476633 	 0.018520678957987646 	 0.018469910536476633 	 0.018520678957987646 	 0.018469910536476633 	 0.018520678957987646 	 1.0747096608235924E-4 	 0.01631988696142252 	 1.0747096608235924E-4 	 0.01631988696142252 	 1.0747096608235924E-4 	 0.01631988696142252 	 1.0747096608235924E-4 	 0.01631988696142252 	 
-2.664 	 0.003108518452622067 	 0.002870117801474383 	 0.003108518452622067 	 0.002870117801474383 	 0.003108518452622067 	 0.002870117801474383 	 0.003108518452622067 	 0.002870117801474383 	 7.097720799136898E-5 	 0.005831119199797247 	 7.097720799136898E-5 	 0.005831119199797247 	 7.097720799136898E-5 	 0.005831119199797247 	 7.097720799136898E-5 	 0.005831119199797247 	 
-2.64 	 0.016926023919794808 	 0.017093182855801355 	 0.016926023919794808 	 0.017093182855801355 	 0.016926023919794808 	 0.017093182855801355 	 0.016926023919794808 	 0.017093182855801355 	 1.2443784705154132E-4 	 0.014075785121630303 	 1.2443784705154132E-4 	 0.014075785121630303 	 1.2443784705154132E-4 	 0.014075785121630303 	 1.2443784705154132E-4 	 0.014075785121630303 	 
-2.616 	 0.020142975908828593 	 0.02018426363848371 	 0.020142975908828593 	 0.02018426363848371 	 0.020142975908828593 	 0.02018426363848371 	 0.020142975908828593 	 0.02018426363848371 	 1.0837911313561326E-4 	 0.018040675354053216 	 1.0837911313561326E-4 	 0.018040675354053216 	 1.0837911313561326E-4 	 0.018040675354053216 	 1.0837911313561326E-4 	 0.018040675354053216 	 
-2.592 	 0.0059352044494701455 	 0.005718933060604018 	 0.0059352044494701455 	 0.005718933060604018 	 0.0059352044494701455 	 0.005718933060604018 	 0.0059352044494701455 	 0.005718933060604018 	 9.282132788831724E-5 	 0.00814482147995266 	 9.282132788831724E-5 	 0.00814482147995266 	 9.282132788831724E-5 	 0.00814482147995266 	 9.282132788831724E-5 	 0.00814482147995266 	 
-2.568 	 0.022101593544044142 	 0.022313473537311782 	 0.022101593544044142 	 0.022313473537311782 	 0.022101593544044142 	 0.022313473537311782 	 0.022101593544044142 	 0.022313473537311782 	 1.337135917344018E-4 	 0.018178108935803145 	 1.337135917344018E-4 	 0.018178108935803145 	 1.337135917344018E-4 	 0.018178108935803145 	 1.337135917344018E-4 	 0.018178108935803145 	 
-2.544 	 0.0164843998262156 	 0.01639331879317779 	 0.0164843998262156 	 0.01639331879317779 	 0.0164843998262156 	 0.01639331879317779 	 0.0164843998262156 	 0.01639331879317779 	 1.2761984115189704E-4 	 0.01619029346534738 	 1.2761984115189704E-4 	 0.01619029346534738 	 1.2761984115189704E-4 	 0.01619029346534738 	 1.2761984115189704E-4 	 0.01619029346534738 	 
-2.52 	 0.023200792548256077 	 0.0232726648339981 	 0.023200792548256077 	 0.0232726648339981 	 0.023200792548256077 	 0.0232726648339981 	 0.023200792548256077 	 0.0232726648339981 	 1.4830606186810795E-4 	 0.020688410298932203 	 1.4830606186810795E-4 	 0.020688410298932203 	 1.4830606186810795E-4 	 0.020688410298932203 	 1.4830606186810795E-4 	 0.020688410298932203 	 
-2.496 	 0.018386500940278626 	 0.01829769436270604 	 0.018386500940278626 	 0.01829769436270604 	 0.018386500940278626 	 0.01829769436270604 	 0.018386500940278626 	 0.01829769436270604 	 1.5406325760807413E-4 	 0.018091224949733295 	 1.5406325760807413E-4 	 0.018091224949733295 	 1.5406325760807413E-4 	 0.018091224949733295 	 1.5406325760807413E-4 	 0.018091224949733295 	 
-2.472 	 0.02511158025896067 	 0.025174717970523636 	 0.02511158025896067 	 0.025174717970523636 	 0.02511158025896067 	 0.025174717970523636 	 0.02511158025896067 	 0.025174717970523636 	 1.6640004547557107E-4 	 0.022736929645332405 	 1.6640004547557107E-4 	 0.022736929645332405 	 1.6640004547557107E-4 	 0.022736929645332405 	 1.6640004547557107E-4 	 0.022736929645332405 	 
-2.448 	 0.025907212851757094 	 0.025892378489257763 	 0.025907212851757094 	 0.025892378489257763 	 0.025907212851757094 	 0.025892378489257763 	 0.025907212851757094 	 0.025892378489257763 	 1.8640288691760783E-4 	 0.024246840186093323 	 1.8640288691760783E-4 	 0.024246840186093323 	 1.8640288691760783E-4 	 0.024246840186093323 	 1.8640288691760783E-4 	 0.024246840186093323 	 
-2.424 	 0.026392910676765077 	 0.026369775111672142 	 0.026392910676765077 	 0.026369775111672142 	 0.026392910676765077 	 0.026369775111672142 	 0.026392910676765077 	 0.026369775111672142 	 2.013255759954892E-4 	 0.024892354989631316 	 2.013255759954892E-4 	 0.024892354989631316 	 2.013255759954892E-4 	 0.024892354989631316 	 2.013255759954892E-4 	 0.024892354989631316 	 
-2.4 	 0.027344891000894576 	 0.027321417632619107 	 0.027344891000894576 	 0.027321417632619107 	 0.027344891000894576 	 0.027321417632619107 	 0.027344891000894576 	 0.027321417632619107 	 2.041689491851115E-4 	 0.025891781127582548 	 2.041689491851115E-4 	 0.025891781127582548 	 2.041689491851115E-4 	 0.025891781127582548 	 2.041689491851115E-4 	 0.025891781127582548 	 
-2.376 	 0.02525703534837929 	 0.02518893251459466 	 0.02525703534837929 	 0.02518893251459466 	 0.02525703534837929 	 0.02518893251459466 	 0.02525703534837929 	 0.02518893251459466 	 2.3491751982101708E-4 	 0.024601370654556396 	 2.3491751982101708E-4 	 0.024601370654556396 	 2.3491751982101708E-4 	 0.024601370654556396 	 2.3491751982101708E-4 	 0.024601370654556396 	 
-2.352 	 0.04019832112371044 	 0.04037157773635648 	 0.04019832112371044 	 0.04037157773635648 	 0.04019832112371044 	 0.04037157773635648 	 0.04019832112371044 	 0.04037157773635648 	 2.0573648800352776E-4 	 0.03549547247455035 	 2.0573648800352776E-4 	 0.03549547247455035 	 2.0573648800352776E-4 	 0.03549547247455035 	 2.0573648800352776E-4 	 0.03549547247455035 	 
-2.328 	 0.03176400203124972 	 0.03160880155585573 	 0.03176400203124972 	 0.03160880155585573 	 0.03176400203124972 	 0.03160880155585573 	 0.03176400203124972 	 0.03160880155585573 	 2.726726018319526E-4 	 0.03149701982238336 	 2.726726018319526E-4 	 0.03149701982238336 	 2.726726018319526E-4 	 0.03149701982238336 	 2.726726018319526E-4 	 0.03149701982238336 	 
-2.304 	 0.026525906783305967 	 0.02639109227538316 	 0.026525906783305967 	 0.02639109227538316 	 0.026525906783305967 	 0.02639109227538316 	 0.026525906783305967 	 0.02639109227538316 	 2.279964071942447E-4 	 0.027035832957532778 	 2.279964071942447E-4 	 0.027035832957532778 	 2.279964071942447E-4 	 0.027035832957532778 	 2.279964071942447E-4 	 0.027035832957532778 	 
-2.2800000000000002 	 0.04211802683226705 	 0.04228217204172489 	 0.04211802683226705 	 0.04228217204172489 	 0.04211802683226705 	 0.04228217204172489 	 0.04211802683226705 	 0.04228217204172489 	 2.508734266358588E-4 	 0.03792831316459898 	 2.508734266358588E-4 	 0.03792831316459898 	 2.508734266358588E-4 	 0.03792831316459898 	 2.508734266358588E-4 	 0.03792831316459898 	 
-2.2560000000000002 	 0.036497469860753994 	 0.036368473432767515 	 0.036497469860753994 	 0.036368473432767515 	 0.036497469860753994 	 0.036368473432767515 	 0.036497469860753994 	 0.036368473432767515 	 2.3765094237742946E-4 	 0.03604078539449555 	 2.3765094237742946E-4 	 0.03604078539449555 	 2.3765094237742946E-4 	 0.03604078539449555 	 2.3765094237742946E-4 	 0.03604078539449555 	 
-2.232 	 0.03386309773880105 	 0.03376161356791015 	 0.03386309773880105 	 0.03376161356791015 	 0.03386309773880105 	 0.03376161356791015 	 0.03386309773880105 	 0.03376161356791015 	 2.4575103086138024E-4 	 0.033752993309436964 	 2.4575103086138024E-4 	 0.033752993309436964 	 2.4575103086138024E-4 	 0.033752993309436964 	 2.4575103086138024E-4 	 0.033752993309436964 	 
-2.208 	 0.03617393160556661 	 0.036135358503313224 	 0.03617393160556661 	 0.036135358503313224 	 0.03617393160556661 	 0.036135358503313224 	 0.03617393160556661 	 0.036135358503313224 	 2.6138279969830947E-4 	 0.035343851135581375 	 2.6138279969830947E-4 	 0.035343851135581375 	 2.6138279969830947E-4 	 0.035343851135581375 	 2.6138279969830947E-4 	 0.035343851135581375 	 
-2.184 	 0.03480693925680498 	 0.034716350503609585 	 0.03480693925680498 	 0.034716350503609585 	 0.03480693925680498 	 0.034716350503609585 	 0.03480693925680498 	 0.034716350503609585 	 3.1583292009497606E-4 	 0.03476381706701627 	 3.1583292009497606E-4 	 0.03476381706701627 	 3.1583292009497606E-4 	 0.03476381706701627 	 3.1583292009497606E-4 	 0.03476381706701627 	 
-2.16 	 0.034087502402091345 	 0.0340091526340624 	 0.034087502402091345 	 0.0340091526340624 	 0.034087502402091345 	 0.0340091526340624 	 0.034087502402091345 	 0.0340091526340624 	 3.336262058620659E-4 	 0.03407519272881344 	 3.336262058620659E-4 	 0.03407519272881344 	 3.336262058620659E-4 	 0.03407519272881344 	 3.336262058620659E-4 	 0.03407519272881344 	 
-2.136 	 0.03689012143007996 	 0.036858453983834735 	 0.03689012143007996 	 0.036858453983834735 	 0.03689012143007996 	 0.036858453983834735 	 0.03689012143007996 	 0.036858453983834735 	 3.917319999210815E-4 	 0.03616331656621521 	 3.917319999210815E-4 	 0.03616331656621521 	 3.917319999210815E-4 	 0.03616331656621521 	 3.917319999210815E-4 	 0.03616331656621521 	 
-2.112 	 0.039745719240074 	 0.039709360728352884 	 0.039745719240074 	 0.039709360728352884 	 0.039745719240074 	 0.039709360728352884 	 0.039745719240074 	 0.039709360728352884 	 4.3699980879613644E-4 	 0.03881897785657571 	 4.3699980879613644E-4 	 0.03881897785657571 	 4.3699980879613644E-4 	 0.03881897785657571 	 4.3699980879613644E-4 	 0.03881897785657571 	 
-2.088 	 0.024817913327588325 	 0.024531855077471014 	 0.024817913327588325 	 0.024531855077471014 	 0.024817913327588325 	 0.024531855077471014 	 0.024817913327588325 	 0.024531855077471014 	 4.262995532089356E-4 	 0.028157126026332337 	 4.262995532089356E-4 	 0.028157126026332337 	 4.262995532089356E-4 	 0.028157126026332337 	 4.262995532089356E-4 	 0.028157126026332337 	 
-2.064 	 0.025536748755607453 	 0.02547255934023908 	 0.025536748755607453 	 0.02547255934023908 	 0.025536748755607453 	 0.02547255934023908 	 0.025536748755607453 	 0.02547255934023908 	 4.906083433328639E-4 	 0.0265547414081988 	 4.906083433328639E-4 	 0.0265547414081988 	 4.906083433328639E-4 	 0.0265547414081988 	 4.906083433328639E-4 	 0.0265547414081988 	 
-2.04 	 0.02716500791055723 	 0.027129666257289218 	 0.02716500791055723 	 0.027129666257289218 	 0.02716500791055723 	 0.027129666257289218 	 0.02716500791055723 	 0.027129666257289218 	 4.726825141108763E-4 	 0.02745156123907547 	 4.726825141108763E-4 	 0.02745156123907547 	 4.726825141108763E-4 	 0.02745156123907547 	 4.726825141108763E-4 	 0.02745156123907547 	 
-2.016 	 0.023209198128042743 	 0.023096600640574665 	 0.023209198128042743 	 0.023096600640574665 	 0.023209198128042743 	 0.023096600640574665 	 0.023209198128042743 	 0.023096600640574665 	 5.51546356125635E-4 	 0.024527947724037356 	 5.51546356125635E-4 	 0.024527947724037356 	 5.51546356125635E-4 	 0.024527947724037356 	 5.51546356125635E-4 	 0.024527947724037356 	 
-1.992 	 0.01988375931276802 	 0.019776117455018952 	 0.01988375931276802 	 0.019776117455018952 	 0.01988375931276802 	 0.019776117455018952 	 0.01988375931276802 	 0.019776117455018952 	 5.090800855951653E-4 	 0.021449764933816406 	 5.090800855951653E-4 	 0.021449764933816406 	 5.090800855951653E-4 	 0.021449764933816406 	 5.090800855951653E-4 	 0.021449764933816406 	 
-1.968 	 0.02028297743333865 	 0.020244721103868647 	 0.02028297743333865 	 0.020244721103868647 	 0.02028297743333865 	 0.020244721103868647 	 0.02028297743333865 	 0.020244721103868647 	 5.195995454661626E-4 	 0.0209468032968609 	 5.195995454661626E-4 	 0.0209468032968609 	 5.195995454661626E-4 	 0.0209468032968609 	 5.195995454661626E-4 	 0.0209468032968609 	 
-1.944 	 0.014901532742136962 	 0.014786489876342322 	 0.014901532742136962 	 0.014786489876342322 	 0.014901532742136962 	 0.014786489876342322 	 0.014901532742136962 	 0.014786489876342322 	 5.240547215328268E-4 	 0.01675742780564318 	 5.240547215328268E-4 	 0.01675742780564318 	 5.240547215328268E-4 	 0.01675742780564318 	 5.240547215328268E-4 	 0.01675742780564318 	 
-1.92 	 0.014360985606159532 	 0.014306107633190783 	 0.014360985606159532 	 0.014306107633190783 	 0.014360985606159532 	 0.014306107633190783 	 0.014360985606159532 	 0.014306107633190783 	 5.303650086169038E-4 	 0.015553278297267607 	 5.303650086169038E-4 	 0.015553278297267607 	 5.303650086169038E-4 	 0.015553278297267607 	 5.303650086169038E-4 	 0.015553278297267607 	 
-1.896 	 0.014103339002557854 	 0.01406581690964804 	 0.014103339002557854 	 0.01406581690964804 	 0.014103339002557854 	 0.01406581690964804 	 0.014103339002557854 	 0.01406581690964804 	 5.300502067022354E-4 	 0.014936695031359998 	 5.300502067022354E-4 	 0.014936695031359998 	 5.300502067022354E-4 	 0.014936695031359998 	 5.300502067022354E-4 	 0.014936695031359998 	 
-1.8719999999999999 	 0.011521215694220885 	 0.011452784600612007 	 0.011521215694220885 	 0.011452784600612007 	 0.011521215694220885 	 0.011452784600612007 	 0.011521215694220885 	 0.011452784600612007 	 5.803477207383159E-4 	 0.012777902064669168 	 5.803477207383159E-4 	 0.012777902064669168 	 5.803477207383159E-4 	 0.012777902064669168 	 5.803477207383159E-4 	 0.012777902064669168 	 
-1.8479999999999999 	 0.006332743563658988 	 0.006230656483431722 	 0.006332743563658988 	 0.006230656483431722 	 0.006332743563658988 	 0.006230656483431722 	 0.006332743563658988 	 0.006230656483431722 	 5.844808875997989E-4 	 0.008406488976118566 	 5.844808875997989E-4 	 0.008406488976118566 	 5.844808875997989E-4 	 0.008406488976118566 	 5.844808875997989E-4 	 0.008406488976118566 	 
-1.824 	 0.007885041696054224 	 0.007883830352044645 	 0.007885041696054224 	 0.007883830352044645 	 0.007885041696054224 	 0.007883830352044645 	 0.007885041696054224 	 0.007883830352044645 	 6.630565044619892E-4 	 0.008541057885873721 	 6.630565044619892E-4 	 0.008541057885873721 	 6.630565044619892E-4 	 0.008541057885873721 	 6.630565044619892E-4 	 0.008541057885873721 	 
-1.8 	 0.00626380162694902 	 0.006219945030374998 	 0.00626380162694902 	 0.006219945030374998 	 0.00626380162694902 	 0.006219945030374998 	 0.00626380162694902 	 0.006219945030374998 	 6.72599769695891E-4 	 0.007319273692169728 	 6.72599769695891E-4 	 0.007319273692169728 	 6.72599769695891E-4 	 0.007319273692169728 	 6.72599769695891E-4 	 0.007319273692169728 	 
-1.776 	 0.005070042709775201 	 0.005032867585969948 	 0.005070042709775201 	 0.005032867585969948 	 0.005070042709775201 	 0.005032867585969948 	 0.005070042709775201 	 0.005032867585969948 	 6.896201291778072E-4 	 0.006114545689322638 	 6.896201291778072E-4 	 0.006114545689322638 	 6.896201291778072E-4 	 0.006114545689322638 	 6.896201291778072E-4 	 0.006114545689322638 	 
-1.752 	 0.0036434471846798285 	 0.00360781934183013 	 0.0036434471846798285 	 0.00360781934183013 	 0.0036434471846798285 	 0.00360781934183013 	 0.0036434471846798285 	 0.00360781934183013 	 6.398658903609656E-4 	 0.004720891476790132 	 6.398658903609656E-4 	 0.004720891476790132 	 6.398658903609656E-4 	 0.004720891476790132 	 6.398658903609656E-4 	 0.004720891476790132 	 
-1.728 	 0.003375762177863436 	 0.003366746307671491 	 0.003375762177863436 	 0.003366746307671491 	 0.003375762177863436 	 0.003366746307671491 	 0.003375762177863436 	 0.003366746307671491 	 5.877241284251879E-4 	 0.004110530123821358 	 5.877241284251879E-4 	 0.004110530123821358 	 5.877241284251879E-4 	 0.004110530123821358 	 5.877241284251879E-4 	 0.004110530123821358 	 
-1.704 	 0.001965141905382843 	 0.0019426551612177993 	 0.001965141905382843 	 0.0019426551612177993 	 0.001965141905382843 	 0.0019426551612177993 	 0.001965141905382843 	 0.0019426551612177993 	 6.199781019250837E-4 	 0.0028864052892762612 	 6.199781019250837E-4 	 0.0028864052892762612 	 6.199781019250837E-4 	 0.0028864052892762612 	 6.199781019250837E-4 	 0.0028864052892762612 	 
-1.68 	 0.0035725234102937024 	 0.0036021051542916354 	 0.0035725234102937024 	 0.0036021051542916354 	 0.0035725234102937024 	 0.0036021051542916354 	 0.0035725234102937024 	 0.0036021051542916354 	 5.82259808743018E-4 	 0.0036975996273525885 	 5.82259808743018E-4 	 0.0036975996273525885 	 5.82259808743018E-4 	 0.0036975996273525885 	 5.82259808743018E-4 	 0.0036975996273525885 	 
-1.656 	 0.0010199841914508582 	 9.923961842489021E-4 	 0.0010199841914508582 	 9.923961842489021E-4 	 0.0010199841914508582 	 9.923961842489021E-4 	 0.0010199841914508582 	 9.923961842489021E-4 	 6.139767831566157E-4 	 0.0019167405212414425 	 6.139767831566157E-4 	 0.0019167405212414425 	 6.139767831566157E-4 	 0.0019167405212414425 	 6.139767831566157E-4 	 0.0019167405212414425 	 
-1.632 	 0.0012181494265486473 	 0.001230200091768335 	 0.0012181494265486473 	 0.001230200091768335 	 0.0012181494265486473 	 0.001230200091768335 	 0.0012181494265486473 	 0.001230200091768335 	 6.128905490416314E-4 	 0.0017243076368706363 	 6.128905490416314E-4 	 0.0017243076368706363 	 6.128905490416314E-4 	 0.0017243076368706363 	 6.128905490416314E-4 	 0.0017243076368706363 	 
-1.6079999999999999 	 0.0021479258028848187 	 0.0021772619594264816 	 0.0021479258028848187 	 0.0021772619594264816 	 0.0021479258028848187 	 0.0021772619594264816 	 0.0021479258028848187 	 0.0021772619594264816 	 5.728635112962586E-4 	 0.0023142691346527628 	 5.728635112962586E-4 	 0.0023142691346527628 	 5.728635112962586E-4 	 0.0023142691346527628 	 5.728635112962586E-4 	 0.0023142691346527628 	 
-1.584 	 0.0023892909246632983 	 0.0024123495540820153 	 0.0023892909246632983 	 0.0024123495540820153 	 0.0023892909246632983 	 0.0024123495540820153 	 0.0023892909246632983 	 0.0024123495540820153 	 6.442419739372825E-4 	 0.0025386785235455584 	 6.442419739372825E-4 	 0.0025386785235455584 	 6.442419739372825E-4 	 0.0025386785235455584 	 6.442419739372825E-4 	 0.0025386785235455584 	 
-1.56 	 7.549438699750093E-4 	 7.521102693476245E-4 	 7.549438699750093E-4 	 7.521102693476245E-4 	 7.549438699750093E-4 	 7.521102693476245E-4 	 7.549438699750093E-4 	 7.521102693476245E-4 	 6.954385550072659E-4 	 0.0013727066013567853 	 6.954385550072659E-4 	 0.0013727066013567853 	 6.954385550072659E-4 	 0.0013727066013567853 	 6.954385550072659E-4 	 0.0013727066013567853 	 
-1.536 	 9.629993466982368E-4 	 9.87027848866926E-4 	 9.629993466982368E-4 	 9.87027848866926E-4 	 9.629993466982368E-4 	 9.87027848866926E-4 	 9.629993466982368E-4 	 9.87027848866926E-4 	 7.546971041673613E-4 	 0.0012730187349842099 	 7.546971041673613E-4 	 0.0012730187349842099 	 7.546971041673613E-4 	 0.0012730187349842099 	 7.546971041673613E-4 	 0.0012730187349842099 	 
-1.512 	 2.610836420915108E-4 	 2.7343689633595425E-4 	 2.610836420915108E-4 	 2.7343689633595425E-4 	 2.610836420915108E-4 	 2.7343689633595425E-4 	 2.610836420915108E-4 	 2.7343689633595425E-4 	 7.705511646904343E-4 	 7.08965647556499E-4 	 7.705511646904343E-4 	 7.08965647556499E-4 	 7.705511646904343E-4 	 7.08965647556499E-4 	 7.705511646904343E-4 	 7.08965647556499E-4 	 
-1.488 	 4.8319903561245387E-4 	 5.090309385189372E-4 	 4.8319903561245387E-4 	 5.090309385189372E-4 	 4.8319903561245387E-4 	 5.090309385189372E-4 	 4.8319903561245387E-4 	 5.090309385189372E-4 	 8.020884363154759E-4 	 7.482274964169362E-4 	 8.020884363154759E-4 	 7.482274964169362E-4 	 8.020884363154759E-4 	 7.482274964169362E-4 	 8.020884363154759E-4 	 7.482274964169362E-4 	 
-1.464 	 7.186307973863667E-4 	 7.438735898011624E-4 	 7.186307973863667E-4 	 7.438735898011624E-4 	 7.186307973863667E-4 	 7.438735898011624E-4 	 7.186307973863667E-4 	 7.438735898011624E-4 	 8.322902717122223E-4 	 9.470425197288759E-4 	 8.322902717122223E-4 	 9.470425197288759E-4 	 8.322902717122223E-4 	 9.470425197288759E-4 	 8.322902717122223E-4 	 9.470425197288759E-4 	 
-1.44 	 2.0975577866085188E-5 	 2.827178089234256E-5 	 2.0975577866085188E-5 	 2.827178089234256E-5 	 2.0975577866085188E-5 	 2.827178089234256E-5 	 2.0975577866085188E-5 	 2.827178089234256E-5 	 8.520839126608265E-4 	 4.634974216736486E-4 	 8.520839126608265E-4 	 4.634974216736486E-4 	 8.520839126608265E-4 	 4.634974216736486E-4 	 8.520839126608265E-4 	 4.634974216736486E-4 	 
-1.416 	 4.769530707515501E-4 	 5.018635683937428E-4 	 4.769530707515501E-4 	 5.018635683937428E-4 	 4.769530707515501E-4 	 5.018635683937428E-4 	 4.769530707515501E-4 	 5.018635683937428E-4 	 8.84317476327231E-4 	 6.870334645487111E-4 	 8.84317476327231E-4 	 6.870334645487111E-4 	 8.84317476327231E-4 	 6.870334645487111E-4 	 8.84317476327231E-4 	 6.870334645487111E-4 	 
-1.392 	 1.3281326453642358E-5 	 2.4892099725986544E-5 	 1.3281326453642358E-5 	 2.4892099725986544E-5 	 1.3281326453642358E-5 	 2.4892099725986544E-5 	 1.3281326453642358E-5 	 2.4892099725986544E-5 	 9.628077368648247E-4 	 3.8076872270365427E-4 	 9.628077368648247E-4 	 3.8076872270365427E-4 	 9.628077368648247E-4 	 3.8076872270365427E-4 	 9.628077368648247E-4 	 3.8076872270365427E-4 	 
-1.3679999999999999 	 4.7358564541963256E-4 	 4.973615604709053E-4 	 4.7358564541963256E-4 	 4.973615604709053E-4 	 4.7358564541963256E-4 	 4.973615604709053E-4 	 4.7358564541963256E-4 	 4.973615604709053E-4 	 9.907112210981867E-4 	 6.396859017834431E-4 	 9.907112210981867E-4 	 6.396859017834431E-4 	 9.907112210981867E-4 	 6.396859017834431E-4 	 9.907112210981867E-4 	 6.396859017834431E-4 	 
-1.3439999999999999 	 7.126827748154058E-4 	 7.321576487116288E-4 	 7.126827748154058E-4 	 7.321576487116288E-4 	 7.126827748154058E-4 	 7.321576487116288E-4 	 7.126827748154058E-4 	 7.321576487116288E-4 	 0.0010788456871519136 	 8.423851979731406E-4 	 0.0010788456871519136 	 8.423851979731406E-4 	 0.0010788456871519136 	 8.423851979731406E-4 	 0.0010788456871519136 	 8.423851979731406E-4 	 
-1.32 	 4.8245300364296666E-4 	 4.942990899058205E-4 	 4.8245300364296666E-4 	 4.942990899058205E-4 	 4.8245300364296666E-4 	 4.942990899058205E-4 	 4.8245300364296666E-4 	 4.942990899058205E-4 	 0.0010873872564973932 	 7.110443733868555E-4 	 0.0010873872564973932 	 7.110443733868555E-4 	 0.0010873872564973932 	 7.110443733868555E-4 	 0.0010873872564973932 	 7.110443733868555E-4 	 
-1.296 	 1.186368894966284E-5 	 1.7761859940460036E-5 	 1.186368894966284E-5 	 1.7761859940460036E-5 	 1.186368894966284E-5 	 1.7761859940460036E-5 	 1.186368894966284E-5 	 1.7761859940460036E-5 	 0.0011813673329283858 	 3.297784339698785E-4 	 0.0011813673329283858 	 3.297784339698785E-4 	 0.0011813673329283858 	 3.297784339698785E-4 	 0.0011813673329283858 	 3.297784339698785E-4 	 
-1.272 	 2.3761915256071528E-4 	 2.537068183770001E-4 	 2.3761915256071528E-4 	 2.537068183770001E-4 	 2.3761915256071528E-4 	 2.537068183770001E-4 	 2.3761915256071528E-4 	 2.537068183770001E-4 	 0.0012317429060424972 	 4.0914526795411736E-4 	 0.0012317429060424972 	 4.0914526795411736E-4 	 0.0012317429060424972 	 4.0914526795411736E-4 	 0.0012317429060424972 	 4.0914526795411736E-4 	 
-1.248 	 6.051880102897412E-6 	 1.6362351566194976E-5 	 6.051880102897412E-6 	 1.6362351566194976E-5 	 6.051880102897412E-6 	 1.6362351566194976E-5 	 6.051880102897412E-6 	 1.6362351566194976E-5 	 0.0013177261195284034 	 2.5388837810565856E-4 	 0.0013177261195284034 	 2.5388837810565856E-4 	 0.0013177261195284034 	 2.5388837810565856E-4 	 0.0013177261195284034 	 2.5388837810565856E-4 	 
-1.224 	 2.3729286380265736E-4 	 2.5336218274489634E-4 	 2.3729286380265736E-4 	 2.5336218274489634E-4 	 2.3729286380265736E-4 	 2.5336218274489634E-4 	 2.3729286380265736E-4 	 2.5336218274489634E-4 	 0.0013576108843622557 	 3.8605018894989775E-4 	 0.0013576108843622557 	 3.8605018894989775E-4 	 0.0013576108843622557 	 3.8605018894989775E-4 	 0.0013576108843622557 	 3.8605018894989775E-4 	 
-1.2 	 5.701340755116349E-6 	 1.4842727884404915E-5 	 5.701340755116349E-6 	 1.4842727884404915E-5 	 5.701340755116349E-6 	 1.4842727884404915E-5 	 5.701340755116349E-6 	 1.4842727884404915E-5 	 0.0014051236909404104 	 2.3895345859457497E-4 	 0.0014051236909404104 	 2.3895345859457497E-4 	 0.0014051236909404104 	 2.3895345859457497E-4 	 0.0014051236909404104 	 2.3895345859457497E-4 	 
-1.176 	 4.6961226107648633E-4 	 4.898353069570052E-4 	 4.6961226107648633E-4 	 4.898353069570052E-4 	 4.6961226107648633E-4 	 4.898353069570052E-4 	 4.6961226107648633E-4 	 4.898353069570052E-4 	 0.0014746645365450737 	 5.495891316096727E-4 	 0.0014746645365450737 	 5.495891316096727E-4 	 0.0014746645365450737 	 5.495891316096727E-4 	 0.0014746645365450737 	 5.495891316096727E-4 	 
-1.152 	 2.4325976975278287E-4 	 2.545924398661103E-4 	 2.4325976975278287E-4 	 2.545924398661103E-4 	 2.4325976975278287E-4 	 2.545924398661103E-4 	 2.4325976975278287E-4 	 2.545924398661103E-4 	 0.0015765501461504237 	 4.4818012585206673E-4 	 0.0015765501461504237 	 4.4818012585206673E-4 	 0.0015765501461504237 	 4.4818012585206673E-4 	 0.0015765501461504237 	 4.4818012585206673E-4 	 
-1.128 	 5.890900510675871E-6 	 1.6587675698371688E-5 	 5.890900510675871E-6 	 1.6587675698371688E-5 	 5.890900510675871E-6 	 1.6587675698371688E-5 	 5.890900510675871E-6 	 1.6587675698371688E-5 	 0.0016388229948157617 	 2.449913364409367E-4 	 0.0016388229948157617 	 2.449913364409367E-4 	 0.0016388229948157617 	 2.449913364409367E-4 	 0.0016388229948157617 	 2.449913364409367E-4 	 
-1.1039999999999999 	 4.6946928975499227E-4 	 4.914730893634016E-4 	 4.6946928975499227E-4 	 4.914730893634016E-4 	 4.6946928975499227E-4 	 4.914730893634016E-4 	 4.6946928975499227E-4 	 4.914730893634016E-4 	 0.001739247109658615 	 5.453243781466095E-4 	 0.001739247109658615 	 5.453243781466095E-4 	 0.001739247109658615 	 5.453243781466095E-4 	 0.001739247109658615 	 5.453243781466095E-4 	 
-1.08 	 2.4150880110083674E-4 	 2.536623481475155E-4 	 2.4150880110083674E-4 	 2.536623481475155E-4 	 2.4150880110083674E-4 	 2.536623481475155E-4 	 2.4150880110083674E-4 	 2.536623481475155E-4 	 0.0018498003135666117 	 4.206146963948265E-4 	 0.0018498003135666117 	 4.206146963948265E-4 	 0.0018498003135666117 	 4.206146963948265E-4 	 0.0018498003135666117 	 4.206146963948265E-4 	 
-1.056 	 4.4862296527569475E-6 	 1.691864435906665E-5 	 4.4862296527569475E-6 	 1.691864435906665E-5 	 4.4862296527569475E-6 	 1.691864435906665E-5 	 4.4862296527569475E-6 	 1.691864435906665E-5 	 0.001993816540160727 	 2.227404863443359E-4 	 0.001993816540160727 	 2.227404863443359E-4 	 0.001993816540160727 	 2.227404863443359E-4 	 0.001993816540160727 	 2.227404863443359E-4 	 
-1.032 	 2.3589703504633207E-4 	 2.5661667304932557E-4 	 2.3589703504633207E-4 	 2.5661667304932557E-4 	 2.3589703504633207E-4 	 2.5661667304932557E-4 	 2.3589703504633207E-4 	 2.5661667304932557E-4 	 0.0021495629232330493 	 3.585086511391915E-4 	 0.0021495629232330493 	 3.585086511391915E-4 	 0.0021495629232330493 	 3.585086511391915E-4 	 0.0021495629232330493 	 3.585086511391915E-4 	 
-1.008 	 5.300488029597633E-6 	 1.979427850339967E-5 	 5.300488029597633E-6 	 1.979427850339967E-5 	 5.300488029597633E-6 	 1.979427850339967E-5 	 5.300488029597633E-6 	 1.979427850339967E-5 	 0.0022227934631493143 	 2.1729054235302927E-4 	 0.0022227934631493143 	 2.1729054235302927E-4 	 0.0022227934631493143 	 2.1729054235302927E-4 	 0.0022227934631493143 	 2.1729054235302927E-4 	 
-0.984 	 2.3537305612174078E-4 	 2.580934425885791E-4 	 2.3537305612174078E-4 	 2.580934425885791E-4 	 2.3537305612174078E-4 	 2.580934425885791E-4 	 2.3537305612174078E-4 	 2.580934425885791E-4 	 0.0024723844258738 	 3.571700579460372E-4 	 0.0024723844258738 	 3.571700579460372E-4 	 0.0024723844258738 	 3.571700579460372E-4 	 0.0024723844258738 	 3.571700579460372E-4 	 
-0.96 	 4.924520205284397E-6 	 2.302443400612596E-5 	 4.924520205284397E-6 	 2.302443400612596E-5 	 4.924520205284397E-6 	 2.302443400612596E-5 	 4.924520205284397E-6 	 2.302443400612596E-5 	 0.002724062231108217 	 2.0996317827325865E-4 	 0.002724062231108217 	 2.0996317827325865E-4 	 0.002724062231108217 	 2.0996317827325865E-4 	 0.002724062231108217 	 2.0996317827325865E-4 	 
-0.9359999999999999 	 2.3458636620558426E-4 	 2.5949592820460773E-4 	 2.3458636620558426E-4 	 2.5949592820460773E-4 	 2.3458636620558426E-4 	 2.5949592820460773E-4 	 2.3458636620558426E-4 	 2.5949592820460773E-4 	 0.002946857049687433 	 3.38710434535915E-4 	 0.002946857049687433 	 3.38710434535915E-4 	 0.002946857049687433 	 3.38710434535915E-4 	 0.002946857049687433 	 3.38710434535915E-4 	 
-0.9119999999999999 	 3.8082814721947593E-6 	 2.3762462467623042E-5 	 3.8082814721947593E-6 	 2.3762462467623042E-5 	 3.8082814721947593E-6 	 2.3762462467623042E-5 	 3.8082814721947593E-6 	 2.3762462467623042E-5 	 0.0031608454893965214 	 1.8541701053900638E-4 	 0.0031608454893965214 	 1.8541701053900638E-4 	 0.0031608454893965214 	 1.8541701053900638E-4 	 0.0031608454893965214 	 1.8541701053900638E-4 	 
-0.8879999999999999 	 6.579444938142649E-7 	 2.7444070505626616E-5 	 6.579444938142649E-7 	 2.7444070505626616E-5 	 6.579444938142649E-7 	 2.7444070505626616E-5 	 6.579444938142649E-7 	 2.7444070505626616E-5 	 0.0037318073499569906 	 1.5230924410883983E-4 	 0.0037318073499569906 	 1.5230924410883983E-4 	 0.0037318073499569906 	 1.5230924410883983E-4 	 0.0037318073499569906 	 1.5230924410883983E-4 	 
-0.8639999999999999 	 1.327480806850966E-6 	 2.777637914747053E-5 	 1.327480806850966E-6 	 2.777637914747053E-5 	 1.327480806850966E-6 	 2.777637914747053E-5 	 1.327480806850966E-6 	 2.777637914747053E-5 	 0.004113733512389294 	 1.5324819884707203E-4 	 0.004113733512389294 	 1.5324819884707203E-4 	 0.004113733512389294 	 1.5324819884707203E-4 	 0.004113733512389294 	 1.5324819884707203E-4 	 
-0.8399999999999999 	 2.3504029337459873E-4 	 2.6531530246223805E-4 	 2.3504029337459873E-4 	 2.6531530246223805E-4 	 2.3504029337459873E-4 	 2.6531530246223805E-4 	 2.3504029337459873E-4 	 2.6531530246223805E-4 	 0.0046314324253867705 	 3.293435749794621E-4 	 0.0046314324253867705 	 3.293435749794621E-4 	 0.0046314324253867705 	 3.293435749794621E-4 	 0.0046314324253867705 	 3.293435749794621E-4 	 
-0.8159999999999998 	 2.3902794652544033E-4 	 2.6832954883145585E-4 	 2.3902794652544033E-4 	 2.6832954883145585E-4 	 2.3902794652544033E-4 	 2.6832954883145585E-4 	 2.3902794652544033E-4 	 2.6832954883145585E-4 	 0.005301262900810293 	 3.636319182287593E-4 	 0.005301262900810293 	 3.636319182287593E-4 	 0.005301262900810293 	 3.636319182287593E-4 	 0.005301262900810293 	 3.636319182287593E-4 	 
-0.7919999999999998 	 2.381363288504996E-4 	 2.6885140121688455E-4 	 2.381363288504996E-4 	 2.6885140121688455E-4 	 2.381363288504996E-4 	 2.6885140121688455E-4 	 2.381363288504996E-4 	 2.6885140121688455E-4 	 0.006044148308663289 	 3.5934330962055536E-4 	 0.006044148308663289 	 3.5934330962055536E-4 	 0.006044148308663289 	 3.5934330962055536E-4 	 0.006044148308663289 	 3.5934330962055536E-4 	 
-0.7679999999999998 	 5.332212610849188E-6 	 3.477937590335238E-5 	 5.332212610849188E-6 	 3.477937590335238E-5 	 5.332212610849188E-6 	 3.477937590335238E-5 	 5.332212610849188E-6 	 3.477937590335238E-5 	 0.007105875642860595 	 1.8999879349029385E-4 	 0.007105875642860595 	 1.8999879349029385E-4 	 0.007105875642860595 	 1.8999879349029385E-4 	 0.007105875642860595 	 1.8999879349029385E-4 	 
-0.7439999999999998 	 2.54706782501405E-6 	 4.0114383966015405E-5 	 2.54706782501405E-6 	 4.0114383966015405E-5 	 2.54706782501405E-6 	 4.0114383966015405E-5 	 2.54706782501405E-6 	 4.0114383966015405E-5 	 0.008290074703612173 	 1.4570371767971612E-4 	 0.008290074703612173 	 1.4570371767971612E-4 	 0.008290074703612173 	 1.4570371767971612E-4 	 0.008290074703612173 	 1.4570371767971612E-4 	 
-0.7199999999999998 	 2.6295586249918375E-6 	 4.443288469567081E-5 	 2.6295586249918375E-6 	 4.443288469567081E-5 	 2.6295586249918375E-6 	 4.443288469567081E-5 	 2.6295586249918375E-6 	 4.443288469567081E-5 	 0.009870608156097997 	 1.381737417831609E-4 	 0.009870608156097997 	 1.381737417831609E-4 	 0.009870608156097997 	 1.381737417831609E-4 	 0.009870608156097997 	 1.381737417831609E-4 	 
-0.6959999999999997 	 5.857939840966013E-6 	 4.774420694134568E-5 	 5.857939840966013E-6 	 4.774420694134568E-5 	 5.857939840966013E-6 	 4.774420694134568E-5 	 5.857939840966013E-6 	 4.774420694134568E-5 	 0.01167525001329469 	 1.471854638250014E-4 	 0.01167525001329469 	 1.471854638250014E-4 	 0.01167525001329469 	 1.471854638250014E-4 	 0.01167525001329469 	 1.471854638250014E-4 	 
-0.6720000000000002 	 5.317681259657718E-6 	 5.3023046810575846E-5 	 5.317681259657718E-6 	 5.3023046810575846E-5 	 5.317681259657718E-6 	 5.3023046810575846E-5 	 5.317681259657718E-6 	 5.3023046810575846E-5 	 0.013944307459428444 	 1.4402279761547372E-4 	 0.013944307459428444 	 1.4402279761547372E-4 	 0.013944307459428444 	 1.4402279761547372E-4 	 0.013944307459428444 	 1.4402279761547372E-4 	 
-0.6480000000000001 	 2.4202647484113533E-4 	 2.992239853823883E-4 	 2.4202647484113533E-4 	 2.992239853823883E-4 	 2.4202647484113533E-4 	 2.992239853823883E-4 	 2.4202647484113533E-4 	 2.992239853823883E-4 	 0.016648935476113964 	 3.117921615027682E-4 	 0.016648935476113964 	 3.117921615027682E-4 	 0.016648935476113964 	 3.117921615027682E-4 	 0.016648935476113964 	 3.117921615027682E-4 	 
-0.6240000000000001 	 1.980632074826805E-5 	 7.139540156667498E-5 	 1.980632074826805E-5 	 7.139540156667498E-5 	 1.980632074826805E-5 	 7.139540156667498E-5 	 1.980632074826805E-5 	 7.139540156667498E-5 	 0.019695615784693022 	 1.7916454452361134E-4 	 0.019695615784693022 	 1.7916454452361134E-4 	 0.019695615784693022 	 1.7916454452361134E-4 	 0.019695615784693022 	 1.7916454452361134E-4 	 
-0.6000000000000001 	 1.6959487977525617E-5 	 7.618397094840929E-5 	 1.6959487977525617E-5 	 7.618397094840929E-5 	 1.6959487977525617E-5 	 7.618397094840929E-5 	 1.6959487977525617E-5 	 7.618397094840929E-5 	 0.023394500174280658 	 1.501700168874466E-4 	 0.023394500174280658 	 1.501700168874466E-4 	 0.023394500174280658 	 1.501700168874466E-4 	 0.023394500174280658 	 1.501700168874466E-4 	 
-0.5760000000000001 	 2.289556302488802E-5 	 8.520284785691501E-5 	 2.289556302488802E-5 	 8.520284785691501E-5 	 2.289556302488802E-5 	 8.520284785691501E-5 	 2.289556302488802E-5 	 8.520284785691501E-5 	 0.027667121068749072 	 1.4837011697941478E-4 	 0.027667121068749072 	 1.4837011697941478E-4 	 0.027667121068749072 	 1.4837011697941478E-4 	 0.027667121068749072 	 1.4837011697941478E-4 	 
-0.552 	 3.800887350680075E-5 	 9.908765054107483E-5 	 3.800887350680075E-5 	 9.908765054107483E-5 	 3.800887350680075E-5 	 9.908765054107483E-5 	 3.800887350680075E-5 	 9.908765054107483E-5 	 0.031813088948531895 	 1.5674204088084808E-4 	 0.031813088948531895 	 1.5674204088084808E-4 	 0.031813088948531895 	 1.5674204088084808E-4 	 0.031813088948531895 	 1.5674204088084808E-4 	 
-0.528 	 4.807097168822516E-5 	 1.1206764719097769E-4 	 4.807097168822516E-5 	 1.1206764719097769E-4 	 4.807097168822516E-5 	 1.1206764719097769E-4 	 4.807097168822516E-5 	 1.1206764719097769E-4 	 0.036981633859295183 	 1.6401690334590688E-4 	 0.036981633859295183 	 1.6401690334590688E-4 	 0.036981633859295183 	 1.6401690334590688E-4 	 0.036981633859295183 	 1.6401690334590688E-4 	 
-0.504 	 6.182196486707159E-5 	 1.2667335638412552E-4 	 6.182196486707159E-5 	 1.2667335638412552E-4 	 6.182196486707159E-5 	 1.2667335638412552E-4 	 6.182196486707159E-5 	 1.2667335638412552E-4 	 0.0413205308824464 	 1.724643411047512E-4 	 0.0413205308824464 	 1.724643411047512E-4 	 0.0413205308824464 	 1.724643411047512E-4 	 0.0413205308824464 	 1.724643411047512E-4 	 
-0.48 	 8.537858116947564E-5 	 1.5024815607163008E-4 	 8.537858116947564E-5 	 1.5024815607163008E-4 	 8.537858116947564E-5 	 1.5024815607163008E-4 	 8.537858116947564E-5 	 1.5024815607163008E-4 	 0.04545479685818974 	 1.8960014967341833E-4 	 0.04545479685818974 	 1.8960014967341833E-4 	 0.04545479685818974 	 1.8960014967341833E-4 	 0.04545479685818974 	 1.8960014967341833E-4 	 
-0.45599999999999996 	 1.0437436689892692E-4 	 1.6367058466523735E-4 	 1.0437436689892692E-4 	 1.6367058466523735E-4 	 1.0437436689892692E-4 	 1.6367058466523735E-4 	 1.0437436689892692E-4 	 1.6367058466523735E-4 	 0.04880960513347823 	 1.9995883472699252E-4 	 0.04880960513347823 	 1.9995883472699252E-4 	 0.04880960513347823 	 1.9995883472699252E-4 	 0.04880960513347823 	 1.9995883472699252E-4 	 
-0.43199999999999994 	 1.1048204023475542E-4 	 1.7189253851553177E-4 	 1.1048204023475542E-4 	 1.7189253851553177E-4 	 1.1048204023475542E-4 	 1.7189253851553177E-4 	 1.1048204023475542E-4 	 1.7189253851553177E-4 	 0.051488659154763625 	 2.0808711911088988E-4 	 0.051488659154763625 	 2.0808711911088988E-4 	 0.051488659154763625 	 2.0808711911088988E-4 	 0.051488659154763625 	 2.0808711911088988E-4 	 
-0.4079999999999999 	 1.4077212638426782E-4 	 1.99764068362052E-4 	 1.4077212638426782E-4 	 1.99764068362052E-4 	 1.4077212638426782E-4 	 1.99764068362052E-4 	 1.4077212638426782E-4 	 1.99764068362052E-4 	 0.05291756644712163 	 2.1660239741321148E-4 	 0.05291756644712163 	 2.1660239741321148E-4 	 0.05291756644712163 	 2.1660239741321148E-4 	 0.05291756644712163 	 2.1660239741321148E-4 	 
-0.3839999999999999 	 1.5682421640547437E-4 	 2.092946395229279E-4 	 1.5682421640547437E-4 	 2.092946395229279E-4 	 1.5682421640547437E-4 	 2.092946395229279E-4 	 1.5682421640547437E-4 	 2.092946395229279E-4 	 0.0520045656554087 	 2.1451583590832626E-4 	 0.0520045656554087 	 2.1451583590832626E-4 	 0.0520045656554087 	 2.1451583590832626E-4 	 0.0520045656554087 	 2.1451583590832626E-4 	 
-0.3599999999999999 	 3.8879823376467443E-4 	 4.4213087932545083E-4 	 3.8879823376467443E-4 	 4.4213087932545083E-4 	 3.8879823376467443E-4 	 4.4213087932545083E-4 	 3.8879823376467443E-4 	 4.4213087932545083E-4 	 0.050149544756643204 	 3.751371818896907E-4 	 0.050149544756643204 	 3.751371818896907E-4 	 0.050149544756643204 	 3.751371818896907E-4 	 0.050149544756643204 	 3.751371818896907E-4 	 
-0.33599999999999985 	 1.6350083769828646E-4 	 2.0347794713823078E-4 	 1.6350083769828646E-4 	 2.0347794713823078E-4 	 1.6350083769828646E-4 	 2.0347794713823078E-4 	 1.6350083769828646E-4 	 2.0347794713823078E-4 	 0.04772945558349389 	 2.3147483020819943E-4 	 0.04772945558349389 	 2.3147483020819943E-4 	 0.04772945558349389 	 2.3147483020819943E-4 	 0.04772945558349389 	 2.3147483020819943E-4 	 
-0.31199999999999983 	 1.536804057840552E-4 	 1.9277159082557827E-4 	 1.536804057840552E-4 	 1.9277159082557827E-4 	 1.536804057840552E-4 	 1.9277159082557827E-4 	 1.536804057840552E-4 	 1.9277159082557827E-4 	 0.04467660955515375 	 1.906429079180696E-4 	 0.04467660955515375 	 1.906429079180696E-4 	 0.04467660955515375 	 1.906429079180696E-4 	 0.04467660955515375 	 1.906429079180696E-4 	 
-0.2879999999999998 	 1.4996668299288961E-4 	 1.8694640233814732E-4 	 1.4996668299288961E-4 	 1.8694640233814732E-4 	 1.4996668299288961E-4 	 1.8694640233814732E-4 	 1.4996668299288961E-4 	 1.8694640233814732E-4 	 0.040952946861948315 	 1.7608438149644947E-4 	 0.040952946861948315 	 1.7608438149644947E-4 	 0.040952946861948315 	 1.7608438149644947E-4 	 0.040952946861948315 	 1.7608438149644947E-4 	 
-0.2639999999999998 	 1.4960534523589548E-4 	 1.7946463079290752E-4 	 1.4960534523589548E-4 	 1.7946463079290752E-4 	 1.4960534523589548E-4 	 1.7946463079290752E-4 	 1.4960534523589548E-4 	 1.7946463079290752E-4 	 0.03645422077336601 	 1.603916598598615E-4 	 0.03645422077336601 	 1.603916598598615E-4 	 0.03645422077336601 	 1.603916598598615E-4 	 0.03645422077336601 	 1.603916598598615E-4 	 
-0.23999999999999977 	 1.321221494152248E-4 	 1.5727928639920665E-4 	 1.321221494152248E-4 	 1.5727928639920665E-4 	 1.321221494152248E-4 	 1.5727928639920665E-4 	 1.321221494152248E-4 	 1.5727928639920665E-4 	 0.031466765942732934 	 1.3820599924607328E-4 	 0.031466765942732934 	 1.3820599924607328E-4 	 0.031466765942732934 	 1.3820599924607328E-4 	 0.031466765942732934 	 1.3820599924607328E-4 	 
-0.21599999999999975 	 1.157604719047487E-4 	 1.3945271382589177E-4 	 1.157604719047487E-4 	 1.3945271382589177E-4 	 1.157604719047487E-4 	 1.3945271382589177E-4 	 1.157604719047487E-4 	 1.3945271382589177E-4 	 0.02719259422469612 	 1.2103699522381395E-4 	 0.02719259422469612 	 1.2103699522381395E-4 	 0.02719259422469612 	 1.2103699522381395E-4 	 0.02719259422469612 	 1.2103699522381395E-4 	 
-0.19199999999999973 	 1.0480573265374695E-4 	 1.2256047733261453E-4 	 1.0480573265374695E-4 	 1.2256047733261453E-4 	 1.0480573265374695E-4 	 1.2256047733261453E-4 	 1.0480573265374695E-4 	 1.2256047733261453E-4 	 0.02268866529615877 	 1.0413319408621925E-4 	 0.02268866529615877 	 1.0413319408621925E-4 	 0.02268866529615877 	 1.0413319408621925E-4 	 0.02268866529615877 	 1.0413319408621925E-4 	 
-0.16800000000000015 	 8.554944522334989E-5 	 1.0155052830821479E-4 	 8.554944522334989E-5 	 1.0155052830821479E-4 	 8.554944522334989E-5 	 1.0155052830821479E-4 	 8.554944522334989E-5 	 1.0155052830821479E-4 	 0.01920048248629567 	 8.615052228699232E-5 	 0.01920048248629567 	 8.615052228699232E-5 	 0.01920048248629567 	 8.615052228699232E-5 	 0.01920048248629567 	 8.615052228699232E-5 	 
-0.14400000000000013 	 7.248843959713136E-5 	 8.566149636492925E-5 	 7.248843959713136E-5 	 8.566149636492925E-5 	 7.248843959713136E-5 	 8.566149636492925E-5 	 7.248843959713136E-5 	 8.566149636492925E-5 	 0.015800475255995237 	 7.336865181840129E-5 	 0.015800475255995237 	 7.336865181840129E-5 	 0.015800475255995237 	 7.336865181840129E-5 	 0.015800475255995237 	 7.336865181840129E-5 	 
-0.1200000000000001 	 6.188837454000314E-5 	 7.406226547302155E-5 	 6.188837454000314E-5 	 7.406226547302155E-5 	 6.188837454000314E-5 	 7.406226547302155E-5 	 6.188837454000314E-5 	 7.406226547302155E-5 	 0.013085142510566502 	 6.148651917344026E-5 	 0.013085142510566502 	 6.148651917344026E-5 	 0.013085142510566502 	 6.148651917344026E-5 	 0.013085142510566502 	 6.148651917344026E-5 	 
-0.09600000000000009 	 5.355914955362451E-5 	 6.085101281634983E-5 	 5.355914955362451E-5 	 6.085101281634983E-5 	 5.355914955362451E-5 	 6.085101281634983E-5 	 5.355914955362451E-5 	 6.085101281634983E-5 	 0.010447635451112493 	 5.054739667398599E-5 	 0.010447635451112493 	 5.054739667398599E-5 	 0.010447635451112493 	 5.054739667398599E-5 	 0.010447635451112493 	 5.054739667398599E-5 	 
-0.07200000000000006 	 3.714763203989889E-5 	 4.5067070929718026E-5 	 3.714763203989889E-5 	 4.5067070929718026E-5 	 3.714763203989889E-5 	 4.5067070929718026E-5 	 3.714763203989889E-5 	 4.5067070929718026E-5 	 0.008464977441362773 	 3.868689734104795E-5 	 0.008464977441362773 	 3.868689734104795E-5 	 0.008464977441362773 	 3.868689734104795E-5 	 0.008464977441362773 	 3.868689734104795E-5 	 
-0.04800000000000004 	 3.4012413827331946E-5 	 3.96553259231695E-5 	 3.4012413827331946E-5 	 3.96553259231695E-5 	 3.4012413827331946E-5 	 3.96553259231695E-5 	 3.4012413827331946E-5 	 3.96553259231695E-5 	 0.006998166577183418 	 3.313422313842078E-5 	 0.006998166577183418 	 3.313422313842078E-5 	 0.006998166577183418 	 3.313422313842078E-5 	 0.006998166577183418 	 3.313422313842078E-5 	 
-0.02400000000000002 	 2.5137069914404347E-5 	 2.9268883209217406E-5 	 2.5137069914404347E-5 	 2.9268883209217406E-5 	 2.5137069914404347E-5 	 2.9268883209217406E-5 	 2.5137069914404347E-5 	 2.9268883209217406E-5 	 0.005883757078334544 	 2.597900723220714E-5 	 0.005883757078334544 	 2.597900723220714E-5 	 0.005883757078334544 	 2.597900723220714E-5 	 0.005883757078334544 	 2.597900723220714E-5 	 
0.0 	 1.9242659274831023E-5 	 2.378160589005368E-5 	 1.9242659274831023E-5 	 2.378160589005368E-5 	 1.9242659274831023E-5 	 2.378160589005368E-5 	 1.9242659274831023E-5 	 2.378160589005368E-5 	 0.005185326111265168 	 2.2250550074254032E-5 	 0.005185326111265168 	 2.2250550074254032E-5 	 0.005185326111265168 	 2.2250550074254032E-5 	 0.005185326111265168 	 2.2250550074254032E-5 	 
0.02400000000000002 	 1.946207998844408E-5 	 2.3697780879322816E-5 	 1.946207998844408E-5 	 2.3697780879322816E-5 	 1.946207998844408E-5 	 2.3697780879322816E-5 	 1.946207998844408E-5 	 2.3697780879322816E-5 	 0.004529251712654406 	 2.0335668832788E-5 	 0.004529251712654406 	 2.0335668832788E-5 	 0.004529251712654406 	 2.0335668832788E-5 	 0.004529251712654406 	 2.0335668832788E-5 	 
0.04800000000000004 	 1.760005379502189E-5 	 2.0750447719350915E-5 	 1.760005379502189E-5 	 2.0750447719350915E-5 	 1.760005379502189E-5 	 2.0750447719350915E-5 	 1.760005379502189E-5 	 2.0750447719350915E-5 	 0.0038771621632536124 	 1.836968002313625E-5 	 0.0038771621632536124 	 1.836968002313625E-5 	 0.0038771621632536124 	 1.836968002313625E-5 	 0.0038771621632536124 	 1.836968002313625E-5 	 
0.07200000000000006 	 1.4092228799397844E-5 	 1.6816780700276063E-5 	 1.4092228799397844E-5 	 1.6816780700276063E-5 	 1.4092228799397844E-5 	 1.6816780700276063E-5 	 1.4092228799397844E-5 	 1.6816780700276063E-5 	 0.003190347090111281 	 1.4752983950333787E-5 	 0.003190347090111281 	 1.4752983950333787E-5 	 0.003190347090111281 	 1.4752983950333787E-5 	 0.003190347090111281 	 1.4752983950333787E-5 	 
0.09600000000000009 	 1.2482832233198031E-5 	 1.5418181399987198E-5 	 1.2482832233198031E-5 	 1.5418181399987198E-5 	 1.2482832233198031E-5 	 1.5418181399987198E-5 	 1.2482832233198031E-5 	 1.5418181399987198E-5 	 0.0027083903441090414 	 1.2924963701610661E-5 	 0.0027083903441090414 	 1.2924963701610661E-5 	 0.0027083903441090414 	 1.2924963701610661E-5 	 0.0027083903441090414 	 1.2924963701610661E-5 	 
0.1200000000000001 	 1.1126553791381029E-5 	 1.2802854885424988E-5 	 1.1126553791381029E-5 	 1.2802854885424988E-5 	 1.1126553791381029E-5 	 1.2802854885424988E-5 	 1.1126553791381029E-5 	 1.2802854885424988E-5 	 0.002085131828920841 	 1.0443096804601663E-5 	 0.002085131828920841 	 1.0443096804601663E-5 	 0.002085131828920841 	 1.0443096804601663E-5 	 0.002085131828920841 	 1.0443096804601663E-5 	 
0.14400000000000013 	 7.731806422977668E-6 	 9.207982591713591E-6 	 7.731806422977668E-6 	 9.207982591713591E-6 	 7.731806422977668E-6 	 9.207982591713591E-6 	 7.731806422977668E-6 	 9.207982591713591E-6 	 0.001653367086298827 	 8.104985753025963E-6 	 0.001653367086298827 	 8.104985753025963E-6 	 0.001653367086298827 	 8.104985753025963E-6 	 0.001653367086298827 	 8.104985753025963E-6 	 
0.16800000000000015 	 6.044281239505909E-6 	 7.293842811141947E-6 	 6.044281239505909E-6 	 7.293842811141947E-6 	 6.044281239505909E-6 	 7.293842811141947E-6 	 6.044281239505909E-6 	 7.293842811141947E-6 	 0.0014962808069584304 	 6.148794617738716E-6 	 0.0014962808069584304 	 6.148794617738716E-6 	 0.0014962808069584304 	 6.148794617738716E-6 	 0.0014962808069584304 	 6.148794617738716E-6 	 
0.19200000000000017 	 3.9467457807984415E-6 	 5.3445692147695565E-6 	 3.9467457807984415E-6 	 5.3445692147695565E-6 	 3.9467457807984415E-6 	 5.3445692147695565E-6 	 3.9467457807984415E-6 	 5.3445692147695565E-6 	 0.0012312671092991863 	 5.411936081074903E-6 	 0.0012312671092991863 	 5.411936081074903E-6 	 0.0012312671092991863 	 5.411936081074903E-6 	 0.0012312671092991863 	 5.411936081074903E-6 	 
0.2160000000000002 	 5.080208766317198E-6 	 6.329301693631014E-6 	 5.080208766317198E-6 	 6.329301693631014E-6 	 5.080208766317198E-6 	 6.329301693631014E-6 	 5.080208766317198E-6 	 6.329301693631014E-6 	 0.0012339166995956356 	 5.435611290356581E-6 	 0.0012339166995956356 	 5.435611290356581E-6 	 0.0012339166995956356 	 5.435611290356581E-6 	 0.0012339166995956356 	 5.435611290356581E-6 	 
0.2400000000000002 	 3.772098194976964E-6 	 4.106594282321132E-6 	 3.772098194976964E-6 	 4.106594282321132E-6 	 3.772098194976964E-6 	 4.106594282321132E-6 	 3.772098194976964E-6 	 4.106594282321132E-6 	 0.0010694460164369789 	 4.276375163837654E-6 	 0.0010694460164369789 	 4.276375163837654E-6 	 0.0010694460164369789 	 4.276375163837654E-6 	 0.0010694460164369789 	 4.276375163837654E-6 	 
0.26400000000000023 	 1.9729729228028587E-6 	 3.947618334391593E-6 	 1.9729729228028587E-6 	 3.947618334391593E-6 	 1.9729729228028587E-6 	 3.947618334391593E-6 	 1.9729729228028587E-6 	 3.947618334391593E-6 	 0.0010963872406169375 	 4.180132258046916E-6 	 0.0010963872406169375 	 4.180132258046916E-6 	 0.0010963872406169375 	 4.180132258046916E-6 	 0.0010963872406169375 	 4.180132258046916E-6 	 
0.28800000000000026 	 6.016970446280645E-6 	 6.634387176574519E-6 	 6.016970446280645E-6 	 6.634387176574519E-6 	 6.016970446280645E-6 	 6.634387176574519E-6 	 6.016970446280645E-6 	 6.634387176574519E-6 	 9.076109864871663E-4 	 4.89075706986382E-6 	 9.076109864871663E-4 	 4.89075706986382E-6 	 9.076109864871663E-4 	 4.89075706986382E-6 	 9.076109864871663E-4 	 4.89075706986382E-6 	 
0.3120000000000003 	 2.968672963634916E-6 	 3.5327534026225417E-6 	 2.968672963634916E-6 	 3.5327534026225417E-6 	 2.968672963634916E-6 	 3.5327534026225417E-6 	 2.968672963634916E-6 	 3.5327534026225417E-6 	 7.301740356199193E-4 	 3.0734013859274963E-6 	 7.301740356199193E-4 	 3.0734013859274963E-6 	 7.301740356199193E-4 	 3.0734013859274963E-6 	 7.301740356199193E-4 	 3.0734013859274963E-6 	 
0.33599999999999985 	 2.137649931860188E-6 	 2.6573793538878867E-6 	 2.137649931860188E-6 	 2.6573793538878867E-6 	 2.137649931860188E-6 	 2.6573793538878867E-6 	 2.137649931860188E-6 	 2.6573793538878867E-6 	 5.749561847338598E-4 	 2.4309047997489703E-6 	 5.749561847338598E-4 	 2.4309047997489703E-6 	 5.749561847338598E-4 	 2.4309047997489703E-6 	 5.749561847338598E-4 	 2.4309047997489703E-6 	 
0.3599999999999999 	 2.319050403706058E-6 	 2.8330676931901356E-6 	 2.319050403706058E-6 	 2.8330676931901356E-6 	 2.319050403706058E-6 	 2.8330676931901356E-6 	 2.319050403706058E-6 	 2.8330676931901356E-6 	 5.958151056537203E-4 	 2.4558983290017587E-6 	 5.958151056537203E-4 	 2.4558983290017587E-6 	 5.958151056537203E-4 	 2.4558983290017587E-6 	 5.958151056537203E-4 	 2.4558983290017587E-6 	 
0.3839999999999999 	 1.4987917248502407E-6 	 1.638730668139662E-6 	 1.4987917248502407E-6 	 1.638730668139662E-6 	 1.4987917248502407E-6 	 1.638730668139662E-6 	 1.4987917248502407E-6 	 1.638730668139662E-6 	 5.211375682217148E-4 	 1.8525541748841504E-6 	 5.211375682217148E-4 	 1.8525541748841504E-6 	 5.211375682217148E-4 	 1.8525541748841504E-6 	 5.211375682217148E-4 	 1.8525541748841504E-6 	 
0.4079999999999999 	 1.2185642942777996E-6 	 2.1018118375679614E-6 	 1.2185642942777996E-6 	 2.1018118375679614E-6 	 1.2185642942777996E-6 	 2.1018118375679614E-6 	 1.2185642942777996E-6 	 2.1018118375679614E-6 	 5.753269309591552E-4 	 2.1671700245741916E-6 	 5.753269309591552E-4 	 2.1671700245741916E-6 	 5.753269309591552E-4 	 2.1671700245741916E-6 	 5.753269309591552E-4 	 2.1671700245741916E-6 	 
0.43199999999999994 	 2.883736507094592E-6 	 3.022518509140067E-6 	 2.883736507094592E-6 	 3.022518509140067E-6 	 2.883736507094592E-6 	 3.022518509140067E-6 	 2.883736507094592E-6 	 3.022518509140067E-6 	 4.685637122729064E-4 	 2.2498646279350096E-6 	 4.685637122729064E-4 	 2.2498646279350096E-6 	 4.685637122729064E-4 	 2.2498646279350096E-6 	 4.685637122729064E-4 	 2.2498646279350096E-6 	 
0.45599999999999996 	 1.440879115108631E-6 	 1.7543425077880212E-6 	 1.440879115108631E-6 	 1.7543425077880212E-6 	 1.440879115108631E-6 	 1.7543425077880212E-6 	 1.440879115108631E-6 	 1.7543425077880212E-6 	 3.7737385909589427E-4 	 1.590976039352834E-6 	 3.7737385909589427E-4 	 1.590976039352834E-6 	 3.7737385909589427E-4 	 1.590976039352834E-6 	 3.7737385909589427E-4 	 1.590976039352834E-6 	 
0.48 	 1.71959844212736E-6 	 1.8990312238298312E-6 	 1.71959844212736E-6 	 1.8990312238298312E-6 	 1.71959844212736E-6 	 1.8990312238298312E-6 	 1.71959844212736E-6 	 1.8990312238298312E-6 	 3.1600203891789567E-4 	 1.524972772354308E-6 	 3.1600203891789567E-4 	 1.524972772354308E-6 	 3.1600203891789567E-4 	 1.524972772354308E-6 	 3.1600203891789567E-4 	 1.524972772354308E-6 	 
0.504 	 1.2236442653003432E-6 	 1.504797755608936E-6 	 1.2236442653003432E-6 	 1.504797755608936E-6 	 1.2236442653003432E-6 	 1.504797755608936E-6 	 1.2236442653003432E-6 	 1.504797755608936E-6 	 2.663102524591241E-4 	 1.1046677350780792E-6 	 2.663102524591241E-4 	 1.1046677350780792E-6 	 2.663102524591241E-4 	 1.1046677350780792E-6 	 2.663102524591241E-4 	 1.1046677350780792E-6 	 
0.528 	 1.1388665624534934E-6 	 1.2724506267390224E-6 	 1.1388665624534934E-6 	 1.2724506267390224E-6 	 1.1388665624534934E-6 	 1.2724506267390224E-6 	 1.1388665624534934E-6 	 1.2724506267390224E-6 	 1.5033057862637872E-4 	 9.178050845765653E-7 	 1.5033057862637872E-4 	 9.178050845765653E-7 	 1.5033057862637872E-4 	 9.178050845765653E-7 	 1.5033057862637872E-4 	 9.178050845765653E-7 	 
0.552 	 9.347955821892068E-7 	 9.368056811943247E-7 	 9.347955821892068E-7 	 9.368056811943247E-7 	 9.347955821892068E-7 	 9.368056811943247E-7 	 9.347955821892068E-7 	 9.368056811943247E-7 	 1.4541443750617334E-4 	 7.058694725355985E-7 	 1.4541443750617334E-4 	 7.058694725355985E-7 	 1.4541443750617334E-4 	 7.058694725355985E-7 	 1.4541443750617334E-4 	 7.058694725355985E-7 	 
0.5760000000000001 	 1.1412782294658403E-7 	 8.450294615775318E-9 	 1.1412782294658403E-7 	 8.450294615775318E-9 	 1.1412782294658403E-7 	 8.450294615775318E-9 	 1.1412782294658403E-7 	 8.450294615775318E-9 	 1.0605985019442744E-4 	 2.105058680221903E-7 	 1.0605985019442744E-4 	 2.105058680221903E-7 	 1.0605985019442744E-4 	 2.105058680221903E-7 	 1.0605985019442744E-4 	 2.105058680221903E-7 	 
0.6000000000000001 	 1.130104808723303E-7 	 5.7344906098852E-7 	 1.130104808723303E-7 	 5.7344906098852E-7 	 1.130104808723303E-7 	 5.7344906098852E-7 	 1.130104808723303E-7 	 5.7344906098852E-7 	 1.3993618358134886E-4 	 5.95763236900613E-7 	 1.3993618358134886E-4 	 5.95763236900613E-7 	 1.3993618358134886E-4 	 5.95763236900613E-7 	 1.3993618358134886E-4 	 5.95763236900613E-7 	 
0.6240000000000001 	 1.4424360983960136E-6 	 1.3032575628499667E-6 	 1.4424360983960136E-6 	 1.3032575628499667E-6 	 1.4424360983960136E-6 	 1.3032575628499667E-6 	 1.4424360983960136E-6 	 1.3032575628499667E-6 	 6.747973720028807E-5 	 6.476528757805351E-7 	 6.747973720028807E-5 	 6.476528757805351E-7 	 6.747973720028807E-5 	 6.476528757805351E-7 	 6.747973720028807E-5 	 6.476528757805351E-7 	 
0.6480000000000001 	 1.3432549244729556E-10 	 1.1600837984084612E-10 	 1.3432549244729556E-10 	 1.1600837984084612E-10 	 1.3432549244729556E-10 	 1.1600837984084612E-10 	 1.3432549244729556E-10 	 1.1600837984084612E-10 	 1.0609377989749551E-5 	 3.4075566804733175E-8 	 1.0609377989749551E-5 	 3.4075566804733175E-8 	 1.0609377989749551E-5 	 3.4075566804733175E-8 	 1.0609377989749551E-5 	 3.4075566804733175E-8 	 
0.6720000000000002 	 5.339438324779999E-8 	 6.78386645424542E-8 	 5.339438324779999E-8 	 6.78386645424542E-8 	 5.339438324779999E-8 	 6.78386645424542E-8 	 5.339438324779999E-8 	 6.78386645424542E-8 	 2.860952974708713E-5 	 9.123453846686143E-8 	 2.860952974708713E-5 	 9.123453846686143E-8 	 2.860952974708713E-5 	 9.123453846686143E-8 	 2.860952974708713E-5 	 9.123453846686143E-8 	 
0.6960000000000002 	 2.8531955736646008E-8 	 1.3249378118665057E-9 	 2.8531955736646008E-8 	 1.3249378118665057E-9 	 2.8531955736646008E-8 	 1.3249378118665057E-9 	 2.8531955736646008E-8 	 1.3249378118665057E-9 	 2.4747708592774445E-5 	 4.827108969565948E-8 	 2.4747708592774445E-5 	 4.827108969565948E-8 	 2.4747708592774445E-5 	 4.827108969565948E-8 	 2.4747708592774445E-5 	 4.827108969565948E-8 	 
0.7200000000000002 	 2.825109334334713E-8 	 1.431302484874483E-7 	 2.825109334334713E-8 	 1.431302484874483E-7 	 2.825109334334713E-8 	 1.431302484874483E-7 	 2.825109334334713E-8 	 1.431302484874483E-7 	 3.289374145200769E-5 	 1.4067326063846487E-7 	 3.289374145200769E-5 	 1.4067326063846487E-7 	 3.289374145200769E-5 	 1.4067326063846487E-7 	 3.289374145200769E-5 	 1.4067326063846487E-7 	 
0.7440000000000002 	 3.606090245990034E-7 	 3.20498838847449E-7 	 3.606090245990034E-7 	 3.20498838847449E-7 	 3.606090245990034E-7 	 3.20498838847449E-7 	 3.606090245990034E-7 	 3.20498838847449E-7 	 1.2077452998487015E-5 	 1.57309647247912E-7 	 1.2077452998487015E-5 	 1.57309647247912E-7 	 1.2077452998487015E-5 	 1.57309647247912E-7 	 1.2077452998487015E-5 	 1.57309647247912E-7 	 
0.7680000000000002 	 0.0 	 0.0 	 0.0 	 0.0 	 0.0 	 0.0 	 0.0 	 0.0 	 0.0 	 0.0 	 0.0 	 0.0 	 0.0 	 0.0 	 0.0 	 0.0 	 
0.7920000000000003 	 0.0 	 0.0 	 0.0 	 0.0 	 0.0 	 0.0 	 0.0 	 0.0 	 0.0 	 0.0 	 0.0 	 0.0 	 0.0 	 0.0 	 0.0 	 0.0 	 
0.8160000000000003 	 0.0 	 0.0 	 0.0 	 0.0 	 0.0 	 0.0 	 0.0 	 0.0 	 0.0 	 0.0 	 0.0 	 0.0 	 0.0 	 0.0 	 0.0 	 0.0 	 
0.8399999999999999 	 0.0 	 0.0 	 0.0 	 0.0 	 0.0 	 0.0 	 0.0 	 0.0 	 0.0 	 0.0 	 0.0 	 0.0 	 0.0 	 0.0 	 0.0 	 0.0 	 
0.8639999999999999 	 0.0 	 0.0 	 0.0 	 0.0 	 0.0 	 0.0 	 0.0 	 0.0 	 0.0 	 0.0 	 0.0 	 0.0 	 0.0 	 0.0 	 0.0 	 0.0 	 
0.8879999999999999 	 0.0 	 0.0 	 0.0 	 0.0 	 0.0 	 0.0 	 0.0 	 0.0 	 0.0 	 0.0 	 0.0 	 0.0 	 0.0 	 0.0 	 0.0 	 0.0 	 
0.9119999999999999 	 0.0 	 0.0 	 0.0 	 0.0 	 0.0 	 0.0 	 0.0 	 0.0 	 0.0 	 0.0 	 0.0 	 0.0 	 0.0 	 0.0 	 0.0 	 0.0 	 
0.9359999999999999 	 0.0 	 0.0 	 0.0 	 0.0 	 0.0 	 0.0 	 0.0 	 0.0 	 0.0 	 0.0 	 0.0 	 0.0 	 0.0 	 0.0 	 0.0 	 0.0 	 
0.96 	 0.0 	 0.0 	 0.0 	 0.0 	 0.0 	 0.0 	 0.0 	 0.0 	 0.0 	 0.0 	 0.0 	 0.0 	 0.0 	 0.0 	 0.0 	 0.0 	 
0.984 	 0.0 	 0.0 	 0.0 	 0.0 	 0.0 	 0.0 	 0.0 	 0.0 	 0.0 	 0.0 	 0.0 	 0.0 	 0.0 	 0.0 	 0.0 	 0.0 	 
1.008 	 0.0 	 0.0 	 0.0 	 0.0 	 0.0 	 0.0 	 0.0 	 0.0 	 0.0 	 0.0 	 0.0 	 0.0 	 0.0 	 0.0 	 0.0 	 0.0 	 
1.032 	 0.0 	 0.0 	 0.0 	 0.0 	 0.0 	 0.0 	 0.0 	 0.0 	 0.0 	 0.0 	 0.0 	 0.0 	 0.0 	 0.0 	 0.0 	 0.0 	 
1.056 	 0.0 	 0.0 	 0.0 	 0.0 	 0.0 	 0.0 	 0.0 	 0.0 	 0.0 	 0.0 	 0.0 	 0.0 	 0.0 	 0.0 	 0.0 	 0.0 	 
1.08 	 0.0 	 0.0 	 0.0 	 0.0 	 0.0 	 0.0 	 0.0 	 0.0 	 0.0 	 0.0 	 0.0 	 0.0 	 0.0 	 0.0 	 0.0 	 0.0 	 
1.104 	 0.0 	 0.0 	 0.0 	 0.0 	 0.0 	 0.0 	 0.0 	 0.0 	 0.0 	 0.0 	 0.0 	 0.0 	 0.0 	 0.0 	 0.0 	 0.0 	 
1.1280000000000001 	 0.0 	 0.0 	 0.0 	 0.0 	 0.0 	 0.0 	 0.0 	 0.0 	 0.0 	 0.0 	 0.0 	 0.0 	 0.0 	 0.0 	 0.0 	 0.0 	 
1.1520000000000001 	 0.0 	 0.0 	 0.0 	 0.0 	 0.0 	 0.0 	 0.0 	 0.0 	 0.0 	 0.0 	 0.0 	 0.0 	 0.0 	 0.0 	 0.0 	 0.0 	 
1.1760000000000002 	 0.0 	 0.0 	 0.0 	 0.0 	 0.0 	 0.0 	 0.0 	 0.0 	 0.0 	 0.0 	 0.0 	 0.0 	 0.0 	 0.0 	 0.0 	 0.0 	 
1.2000000000000002 	 0.0 	 0.0 	 0.0 	 0.0 	 0.0 	 0.0 	 0.0 	 0.0 	 0.0 	 0.0 	 0.0 	 0.0 	 0.0 	 0.0 	 0.0 	 0.0 	 
1.2240000000000002 	 0.0 	 0.0 	 0.0 	 0.0 	 0.0 	 0.0 	 0.0 	 0.0 	 0.0 	 0.0 	 0.0 	 0.0 	 0.0 	 0.0 	 0.0 	 0.0 	 
1.2480000000000002 	 0.0 	 0.0 	 0.0 	 0.0 	 0.0 	 0.0 	 0.0 	 0.0 	 0.0 	 0.0 	 0.0 	 0.0 	 0.0 	 0.0 	 0.0 	 0.0 	 
1.2720000000000002 	 0.0 	 0.0 	 0.0 	 0.0 	 0.0 	 0.0 	 0.0 	 0.0 	 0.0 	 0.0 	 0.0 	 0.0 	 0.0 	 0.0 	 0.0 	 0.0 	 
1.2960000000000003 	 0.0 	 0.0 	 0.0 	 0.0 	 0.0 	 0.0 	 0.0 	 0.0 	 0.0 	 0.0 	 0.0 	 0.0 	 0.0 	 0.0 	 0.0 	 0.0 	 
1.3200000000000003 	 0.0 	 0.0 	 0.0 	 0.0 	 0.0 	 0.0 	 0.0 	 0.0 	 0.0 	 0.0 	 0.0 	 0.0 	 0.0 	 0.0 	 0.0 	 0.0 	 
1.3440000000000003 	 0.0 	 0.0 	 0.0 	 0.0 	 0.0 	 0.0 	 0.0 	 0.0 	 0.0 	 0.0 	 0.0 	 0.0 	 0.0 	 0.0 	 0.0 	 0.0 	 
1.3680000000000003 	 0.0 	 0.0 	 0.0 	 0.0 	 0.0 	 0.0 	 0.0 	 0.0 	 0.0 	 0.0 	 0.0 	 0.0 	 0.0 	 0.0 	 0.0 	 0.0 	 
1.3920000000000003 	 0.0 	 0.0 	 0.0 	 0.0 	 0.0 	 0.0 	 0.0 	 0.0 	 0.0 	 0.0 	 0.0 	 0.0 	 0.0 	 0.0 	 0.0 	 0.0 	 
1.4160000000000004 	 0.0 	 0.0 	 0.0 	 0.0 	 0.0 	 0.0 	 0.0 	 0.0 	 0.0 	 0.0 	 0.0 	 0.0 	 0.0 	 0.0 	 0.0 	 0.0 	 
1.4400000000000004 	 0.0 	 0.0 	 0.0 	 0.0 	 0.0 	 0.0 	 0.0 	 0.0 	 0.0 	 0.0 	 0.0 	 0.0 	 0.0 	 0.0 	 0.0 	 0.0 	 
1.4640000000000004 	 0.0 	 0.0 	 0.0 	 0.0 	 0.0 	 0.0 	 0.0 	 0.0 	 0.0 	 0.0 	 0.0 	 0.0 	 0.0 	 0.0 	 0.0 	 0.0 	 
1.4880000000000004 	 0.0 	 0.0 	 0.0 	 0.0 	 0.0 	 0.0 	 0.0 	 0.0 	 0.0 	 0.0 	 0.0 	 0.0 	 0.0 	 0.0 	 0.0 	 0.0 	 
1.5120000000000005 	 0.0 	 0.0 	 0.0 	 0.0 	 0.0 	 0.0 	 0.0 	 0.0 	 0.0 	 0.0 	 0.0 	 0.0 	 0.0 	 0.0 	 0.0 	 0.0 	 
1.5360000000000005 	 0.0 	 0.0 	 0.0 	 0.0 	 0.0 	 0.0 	 0.0 	 0.0 	 0.0 	 0.0 	 0.0 	 0.0 	 0.0 	 0.0 	 0.0 	 0.0 	 
1.5600000000000005 	 0.0 	 0.0 	 0.0 	 0.0 	 0.0 	 0.0 	 0.0 	 0.0 	 0.0 	 0.0 	 0.0 	 0.0 	 0.0 	 0.0 	 0.0 	 0.0 	 
1.5840000000000005 	 0.0 	 0.0 	 0.0 	 0.0 	 0.0 	 0.0 	 0.0 	 0.0 	 0.0 	 0.0 	 0.0 	 0.0 	 0.0 	 0.0 	 0.0 	 0.0 	 
1.6080000000000005 	 0.0 	 0.0 	 0.0 	 0.0 	 0.0 	 0.0 	 0.0 	 0.0 	 0.0 	 0.0 	 0.0 	 0.0 	 0.0 	 0.0 	 0.0 	 0.0 	 
1.6319999999999997 	 0.0 	 0.0 	 0.0 	 0.0 	 0.0 	 0.0 	 0.0 	 0.0 	 0.0 	 0.0 	 0.0 	 0.0 	 0.0 	 0.0 	 0.0 	 0.0 	 
1.6559999999999997 	 0.0 	 0.0 	 0.0 	 0.0 	 0.0 	 0.0 	 0.0 	 0.0 	 0.0 	 0.0 	 0.0 	 0.0 	 0.0 	 0.0 	 0.0 	 0.0 	 
1.6799999999999997 	 0.0 	 0.0 	 0.0 	 0.0 	 0.0 	 0.0 	 0.0 	 0.0 	 0.0 	 0.0 	 0.0 	 0.0 	 0.0 	 0.0 	 0.0 	 0.0 	 
1.7039999999999997 	 0.0 	 0.0 	 0.0 	 0.0 	 0.0 	 0.0 	 0.0 	 0.0 	 0.0 	 0.0 	 0.0 	 0.0 	 0.0 	 0.0 	 0.0 	 0.0 	 
1.7279999999999998 	 0.0 	 0.0 	 0.0 	 0.0 	 0.0 	 0.0 	 0.0 	 0.0 	 0.0 	 0.0 	 0.0 	 0.0 	 0.0 	 0.0 	 0.0 	 0.0 	 
1.7519999999999998 	 0.0 	 0.0 	 0.0 	 0.0 	 0.0 	 0.0 	 0.0 	 0.0 	 0.0 	 0.0 	 0.0 	 0.0 	 0.0 	 0.0 	 0.0 	 0.0 	 
1.7759999999999998 	 0.0 	 0.0 	 0.0 	 0.0 	 0.0 	 0.0 	 0.0 	 0.0 	 0.0 	 0.0 	 0.0 	 0.0 	 0.0 	 0.0 	 0.0 	 0.0 	 
1.7999999999999998 	 0.0 	 0.0 	 0.0 	 0.0 	 0.0 	 0.0 	 0.0 	 0.0 	 0.0 	 0.0 	 0.0 	 0.0 	 0.0 	 0.0 	 0.0 	 0.0 	 
1.8239999999999998 	 0.0 	 0.0 	 0.0 	 0.0 	 0.0 	 0.0 	 0.0 	 0.0 	 0.0 	 0.0 	 0.0 	 0.0 	 0.0 	 0.0 	 0.0 	 0.0 	 
1.8479999999999999 	 0.0 	 0.0 	 0.0 	 0.0 	 0.0 	 0.0 	 0.0 	 0.0 	 0.0 	 0.0 	 0.0 	 0.0 	 0.0 	 0.0 	 0.0 	 0.0 	 
1.8719999999999999 	 0.0 	 0.0 	 0.0 	 0.0 	 0.0 	 0.0 	 0.0 	 0.0 	 0.0 	 0.0 	 0.0 	 0.0 	 0.0 	 0.0 	 0.0 	 0.0 	 
1.896 	 0.0 	 0.0 	 0.0 	 0.0 	 0.0 	 0.0 	 0.0 	 0.0 	 0.0 	 0.0 	 0.0 	 0.0 	 0.0 	 0.0 	 0.0 	 0.0 	 
1.92 	 0.0 	 0.0 	 0.0 	 0.0 	 0.0 	 0.0 	 0.0 	 0.0 	 0.0 	 0.0 	 0.0 	 0.0 	 0.0 	 0.0 	 0.0 	 0.0 	 
1.944 	 0.0 	 0.0 	 0.0 	 0.0 	 0.0 	 0.0 	 0.0 	 0.0 	 0.0 	 0.0 	 0.0 	 0.0 	 0.0 	 0.0 	 0.0 	 0.0 	 
1.968 	 0.0 	 0.0 	 0.0 	 0.0 	 0.0 	 0.0 	 0.0 	 0.0 	 0.0 	 0.0 	 0.0 	 0.0 	 0.0 	 0.0 	 0.0 	 0.0 	 
1.992 	 0.0 	 0.0 	 0.0 	 0.0 	 0.0 	 0.0 	 0.0 	 0.0 	 0.0 	 0.0 	 0.0 	 0.0 	 0.0 	 0.0 	 0.0 	 0.0 	 
2.016 	 0.0 	 0.0 	 0.0 	 0.0 	 0.0 	 0.0 	 0.0 	 0.0 	 0.0 	 0.0 	 0.0 	 0.0 	 0.0 	 0.0 	 0.0 	 0.0 	 
2.04 	 0.0 	 0.0 	 0.0 	 0.0 	 0.0 	 0.0 	 0.0 	 0.0 	 0.0 	 0.0 	 0.0 	 0.0 	 0.0 	 0.0 	 0.0 	 0.0 	 
2.064 	 0.0 	 0.0 	 0.0 	 0.0 	 0.0 	 0.0 	 0.0 	 0.0 	 0.0 	 0.0 	 0.0 	 0.0 	 0.0 	 0.0 	 0.0 	 0.0 	 
2.088 	 0.0 	 0.0 	 0.0 	 0.0 	 0.0 	 0.0 	 0.0 	 0.0 	 0.0 	 0.0 	 0.0 	 0.0 	 0.0 	 0.0 	 0.0 	 0.0 	 
2.112 	 0.0 	 0.0 	 0.0 	 0.0 	 0.0 	 0.0 	 0.0 	 0.0 	 0.0 	 0.0 	 0.0 	 0.0 	 0.0 	 0.0 	 0.0 	 0.0 	 
2.136 	 0.0 	 0.0 	 0.0 	 0.0 	 0.0 	 0.0 	 0.0 	 0.0 	 0.0 	 0.0 	 0.0 	 0.0 	 0.0 	 0.0 	 0.0 	 0.0 	 
2.16 	 0.0 	 0.0 	 0.0 	 0.0 	 0.0 	 0.0 	 0.0 	 0.0 	 0.0 	 0.0 	 0.0 	 0.0 	 0.0 	 0.0 	 0.0 	 0.0 	 
2.184 	 0.0 	 0.0 	 0.0 	 0.0 	 0.0 	 0.0 	 0.0 	 0.0 	 0.0 	 0.0 	 0.0 	 0.0 	 0.0 	 0.0 	 0.0 	 0.0 	 
2.208 	 0.0 	 0.0 	 0.0 	 0.0 	 0.0 	 0.0 	 0.0 	 0.0 	 0.0 	 0.0 	 0.0 	 0.0 	 0.0 	 0.0 	 0.0 	 0.0 	 
2.232 	 0.0 	 0.0 	 0.0 	 0.0 	 0.0 	 0.0 	 0.0 	 0.0 	 0.0 	 0.0 	 0.0 	 0.0 	 0.0 	 0.0 	 0.0 	 0.0 	 
2.2560000000000002 	 0.0 	 0.0 	 0.0 	 0.0 	 0.0 	 0.0 	 0.0 	 0.0 	 0.0 	 0.0 	 0.0 	 0.0 	 0.0 	 0.0 	 0.0 	 0.0 	 
2.2800000000000002 	 0.0 	 0.0 	 0.0 	 0.0 	 0.0 	 0.0 	 0.0 	 0.0 	 0.0 	 0.0 	 0.0 	 0.0 	 0.0 	 0.0 	 0.0 	 0.0 	 
2.3040000000000003 	 0.0 	 0.0 	 0.0 	 0.0 	 0.0 	 0.0 	 0.0 	 0.0 	 0.0 	 0.0 	 0.0 	 0.0 	 0.0 	 0.0 	 0.0 	 0.0 	 
2.3280000000000003 	 0.0 	 0.0 	 0.0 	 0.0 	 0.0 	 0.0 	 0.0 	 0.0 	 0.0 	 0.0 	 0.0 	 0.0 	 0.0 	 0.0 	 0.0 	 0.0 	 
2.3520000000000003 	 0.0 	 0.0 	 0.0 	 0.0 	 0.0 	 0.0 	 0.0 	 0.0 	 0.0 	 0.0 	 0.0 	 0.0 	 0.0 	 0.0 	 0.0 	 0.0 	 
2.3760000000000003 	 0.0 	 0.0 	 0.0 	 0.0 	 0.0 	 0.0 	 0.0 	 0.0 	 0.0 	 0.0 	 0.0 	 0.0 	 0.0 	 0.0 	 0.0 	 0.0 	 
2.4000000000000004 	 0.0 	 0.0 	 0.0 	 0.0 	 0.0 	 0.0 	 0.0 	 0.0 	 0.0 	 0.0 	 0.0 	 0.0 	 0.0 	 0.0 	 0.0 	 0.0 	 
2.4240000000000004 	 0.0 	 0.0 	 0.0 	 0.0 	 0.0 	 0.0 	 0.0 	 0.0 	 0.0 	 0.0 	 0.0 	 0.0 	 0.0 	 0.0 	 0.0 	 0.0 	 
2.4480000000000004 	 0.0 	 0.0 	 0.0 	 0.0 	 0.0 	 0.0 	 0.0 	 0.0 	 0.0 	 0.0 	 0.0 	 0.0 	 0.0 	 0.0 	 0.0 	 0.0 	 
2.4720000000000004 	 0.0 	 0.0 	 0.0 	 0.0 	 0.0 	 0.0 	 0.0 	 0.0 	 0.0 	 0.0 	 0.0 	 0.0 	 0.0 	 0.0 	 0.0 	 0.0 	 
2.4960000000000004 	 0.0 	 0.0 	 0.0 	 0.0 	 0.0 	 0.0 	 0.0 	 0.0 	 0.0 	 0.0 	 0.0 	 0.0 	 0.0 	 0.0 	 0.0 	 0.0 	 
2.5200000000000005 	 0.0 	 0.0 	 0.0 	 0.0 	 0.0 	 0.0 	 0.0 	 0.0 	 0.0 	 0.0 	 0.0 	 0.0 	 0.0 	 0.0 	 0.0 	 0.0 	 
2.5440000000000005 	 0.0 	 0.0 	 0.0 	 0.0 	 0.0 	 0.0 	 0.0 	 0.0 	 0.0 	 0.0 	 0.0 	 0.0 	 0.0 	 0.0 	 0.0 	 0.0 	 
2.5680000000000005 	 0.0 	 0.0 	 0.0 	 0.0 	 0.0 	 0.0 	 0.0 	 0.0 	 0.0 	 0.0 	 0.0 	 0.0 	 0.0 	 0.0 	 0.0 	 0.0 	 
2.5920000000000005 	 0.0 	 0.0 	 0.0 	 0.0 	 0.0 	 0.0 	 0.0 	 0.0 	 0.0 	 0.0 	 0.0 	 0.0 	 0.0 	 0.0 	 0.0 	 0.0 	 
2.6160000000000005 	 0.0 	 0.0 	 0.0 	 0.0 	 0.0 	 0.0 	 0.0 	 0.0 	 0.0 	 0.0 	 0.0 	 0.0 	 0.0 	 0.0 	 0.0 	 0.0 	 
2.6399999999999997 	 0.0 	 0.0 	 0.0 	 0.0 	 0.0 	 0.0 	 0.0 	 0.0 	 0.0 	 0.0 	 0.0 	 0.0 	 0.0 	 0.0 	 0.0 	 0.0 	 
2.6639999999999997 	 0.0 	 0.0 	 0.0 	 0.0 	 0.0 	 0.0 	 0.0 	 0.0 	 0.0 	 0.0 	 0.0 	 0.0 	 0.0 	 0.0 	 0.0 	 0.0 	 
2.6879999999999997 	 0.0 	 0.0 	 0.0 	 0.0 	 0.0 	 0.0 	 0.0 	 0.0 	 0.0 	 0.0 	 0.0 	 0.0 	 0.0 	 0.0 	 0.0 	 0.0 	 
2.7119999999999997 	 0.0 	 0.0 	 0.0 	 0.0 	 0.0 	 0.0 	 0.0 	 0.0 	 0.0 	 0.0 	 0.0 	 0.0 	 0.0 	 0.0 	 0.0 	 0.0 	 
2.7359999999999998 	 0.0 	 0.0 	 0.0 	 0.0 	 0.0 	 0.0 	 0.0 	 0.0 	 0.0 	 0.0 	 0.0 	 0.0 	 0.0 	 0.0 	 0.0 	 0.0 	 
2.76 	 0.0 	 0.0 	 0.0 	 0.0 	 0.0 	 0.0 	 0.0 	 0.0 	 0.0 	 0.0 	 0.0 	 0.0 	 0.0 	 0.0 	 0.0 	 0.0 	 
2.784 	 0.0 	 0.0 	 0.0 	 0.0 	 0.0 	 0.0 	 0.0 	 0.0 	 0.0 	 0.0 	 0.0 	 0.0 	 0.0 	 0.0 	 0.0 	 0.0 	 
2.808 	 0.0 	 0.0 	 0.0 	 0.0 	 0.0 	 0.0 	 0.0 	 0.0 	 0.0 	 0.0 	 0.0 	 0.0 	 0.0 	 0.0 	 0.0 	 0.0 	 
2.832 	 0.0 	 0.0 	 0.0 	 0.0 	 0.0 	 0.0 	 0.0 	 0.0 	 0.0 	 0.0 	 0.0 	 0.0 	 0.0 	 0.0 	 0.0 	 0.0 	 
2.856 	 0.0 	 0.0 	 0.0 	 0.0 	 0.0 	 0.0 	 0.0 	 0.0 	 0.0 	 0.0 	 0.0 	 0.0 	 0.0 	 0.0 	 0.0 	 0.0 	 
2.88 	 0.0 	 0.0 	 0.0 	 0.0 	 0.0 	 0.0 	 0.0 	 0.0 	 0.0 	 0.0 	 0.0 	 0.0 	 0.0 	 0.0 	 0.0 	 0.0 	 
2.904 	 0.0 	 0.0 	 0.0 	 0.0 	 0.0 	 0.0 	 0.0 	 0.0 	 0.0 	 0.0 	 0.0 	 0.0 	 0.0 	 0.0 	 0.0 	 0.0 	 
2.928 	 0.0 	 0.0 	 0.0 	 0.0 	 0.0 	 0.0 	 0.0 	 0.0 	 0.0 	 0.0 	 0.0 	 0.0 	 0.0 	 0.0 	 0.0 	 0.0 	 
2.952 	 0.0 	 0.0 	 0.0 	 0.0 	 0.0 	 0.0 	 0.0 	 0.0 	 0.0 	 0.0 	 0.0 	 0.0 	 0.0 	 0.0 	 0.0 	 0.0 	 
2.976 	 0.0 	 0.0 	 0.0 	 0.0 	 0.0 	 0.0 	 0.0 	 0.0 	 0.0 	 0.0 	 0.0 	 0.0 	 0.0 	 0.0 	 0.0 	 0.0 	 
