-3.0 	 1.1996334561724201E-4 	 1.6280442403753456E-4 	 4.917719193620127E-7 	 1.330563965842558E-4 	 1.1996334561724201E-4 	 1.6280442403753456E-4 	 4.917719193620127E-7 	 1.330563965842558E-4 	 1.1996334561724201E-4 	 1.6280442403753456E-4 	 4.917719193620127E-7 	 1.330563965842558E-4 	 1.1996334561724201E-4 	 1.6280442403753456E-4 	 4.917719193620127E-7 	 1.330563965842558E-4 	 
-2.976 	 1.1620871498431532E-4 	 1.8126268224725824E-4 	 5.352893231337057E-7 	 1.2641591042932527E-4 	 1.1620871498431532E-4 	 1.8126268224725824E-4 	 5.352893231337057E-7 	 1.2641591042932527E-4 	 1.1620871498431532E-4 	 1.8126268224725824E-4 	 5.352893231337057E-7 	 1.2641591042932527E-4 	 1.1620871498431532E-4 	 1.8126268224725824E-4 	 5.352893231337057E-7 	 1.2641591042932527E-4 	 
-2.952 	 1.2287103183885827E-4 	 1.8320761524384096E-4 	 5.256431783703719E-7 	 1.3275961115035911E-4 	 1.2287103183885827E-4 	 1.8320761524384096E-4 	 5.256431783703719E-7 	 1.3275961115035911E-4 	 1.2287103183885827E-4 	 1.8320761524384096E-4 	 5.256431783703719E-7 	 1.3275961115035911E-4 	 1.2287103183885827E-4 	 1.8320761524384096E-4 	 5.256431783703719E-7 	 1.3275961115035911E-4 	 
-2.928 	 1.3901149734707544E-4 	 2.2308864406070888E-4 	 6.834702315404951E-7 	 1.5012078101584508E-4 	 1.3901149734707544E-4 	 2.2308864406070888E-4 	 6.834702315404951E-7 	 1.5012078101584508E-4 	 1.3901149734707544E-4 	 2.2308864406070888E-4 	 6.834702315404951E-7 	 1.5012078101584508E-4 	 1.3901149734707544E-4 	 2.2308864406070888E-4 	 6.834702315404951E-7 	 1.5012078101584508E-4 	 
-2.904 	 1.474525640198587E-4 	 2.3742369961526642E-4 	 8.606897332075725E-7 	 1.5836875487542471E-4 	 1.474525640198587E-4 	 2.3742369961526642E-4 	 8.606897332075725E-7 	 1.5836875487542471E-4 	 1.474525640198587E-4 	 2.3742369961526642E-4 	 8.606897332075725E-7 	 1.5836875487542471E-4 	 1.474525640198587E-4 	 2.3742369961526642E-4 	 8.606897332075725E-7 	 1.5836875487542471E-4 	 
-2.88 	 1.5471309814149638E-4 	 2.2429562827407288E-4 	 1.0234825118913028E-5 	 1.666294307998238E-4 	 1.5471309814149638E-4 	 2.2429562827407288E-4 	 1.0234825118913028E-5 	 1.666294307998238E-4 	 1.5471309814149638E-4 	 2.2429562827407288E-4 	 1.0234825118913028E-5 	 1.666294307998238E-4 	 1.5471309814149638E-4 	 2.2429562827407288E-4 	 1.0234825118913028E-5 	 1.666294307998238E-4 	 
-2.856 	 1.540459508958666E-4 	 2.1121244657312872E-4 	 7.649740644199724E-7 	 1.656621653339068E-4 	 1.540459508958666E-4 	 2.1121244657312872E-4 	 7.649740644199724E-7 	 1.656621653339068E-4 	 1.540459508958666E-4 	 2.1121244657312872E-4 	 7.649740644199724E-7 	 1.656621653339068E-4 	 1.540459508958666E-4 	 2.1121244657312872E-4 	 7.649740644199724E-7 	 1.656621653339068E-4 	 
-2.832 	 1.651148460946112E-4 	 2.24493884673092E-4 	 1.025616304485505E-5 	 1.7892119573801883E-4 	 1.651148460946112E-4 	 2.24493884673092E-4 	 1.025616304485505E-5 	 1.7892119573801883E-4 	 1.651148460946112E-4 	 2.24493884673092E-4 	 1.025616304485505E-5 	 1.7892119573801883E-4 	 1.651148460946112E-4 	 2.24493884673092E-4 	 1.025616304485505E-5 	 1.7892119573801883E-4 	 
-2.808 	 1.8355194644844694E-4 	 2.376016952639014E-4 	 8.624213966257595E-7 	 2.0182514623111566E-4 	 1.8355194644844694E-4 	 2.376016952639014E-4 	 8.624213966257595E-7 	 2.0182514623111566E-4 	 1.8355194644844694E-4 	 2.376016952639014E-4 	 8.624213966257595E-7 	 2.0182514623111566E-4 	 1.8355194644844694E-4 	 2.376016952639014E-4 	 8.624213966257595E-7 	 2.0182514623111566E-4 	 
-2.784 	 1.8990371076387614E-4 	 2.672751520922217E-4 	 1.0581853146559078E-5 	 2.0689197018377076E-4 	 1.8990371076387614E-4 	 2.672751520922217E-4 	 1.0581853146559078E-5 	 2.0689197018377076E-4 	 1.8990371076387614E-4 	 2.672751520922217E-4 	 1.0581853146559078E-5 	 2.0689197018377076E-4 	 1.8990371076387614E-4 	 2.672751520922217E-4 	 1.0581853146559078E-5 	 2.0689197018377076E-4 	 
-2.76 	 1.8843554604556576E-4 	 2.479992669224657E-4 	 1.0293613308076813E-5 	 2.056370298917958E-4 	 1.8843554604556576E-4 	 2.479992669224657E-4 	 1.0293613308076813E-5 	 2.056370298917958E-4 	 1.8843554604556576E-4 	 2.479992669224657E-4 	 1.0293613308076813E-5 	 2.056370298917958E-4 	 1.8843554604556576E-4 	 2.479992669224657E-4 	 1.0293613308076813E-5 	 2.056370298917958E-4 	 
-2.7359999999999998 	 1.987836980661086E-4 	 2.342223740498374E-4 	 8.263594058664842E-7 	 2.1670500147228858E-4 	 1.987836980661086E-4 	 2.342223740498374E-4 	 8.263594058664842E-7 	 2.1670500147228858E-4 	 1.987836980661086E-4 	 2.342223740498374E-4 	 8.263594058664842E-7 	 2.1670500147228858E-4 	 1.987836980661086E-4 	 2.342223740498374E-4 	 8.263594058664842E-7 	 2.1670500147228858E-4 	 
-2.7119999999999997 	 2.0547282729592423E-4 	 2.4784041071616386E-4 	 1.032249741445886E-5 	 2.2653998587028221E-4 	 2.0547282729592423E-4 	 2.4784041071616386E-4 	 1.032249741445886E-5 	 2.2653998587028221E-4 	 2.0547282729592423E-4 	 2.4784041071616386E-4 	 1.032249741445886E-5 	 2.2653998587028221E-4 	 2.0547282729592423E-4 	 2.4784041071616386E-4 	 1.032249741445886E-5 	 2.2653998587028221E-4 	 
-2.688 	 2.1332198815915258E-4 	 2.7638355113879617E-4 	 9.78101844559361E-7 	 2.3504031258359678E-4 	 2.1332198815915258E-4 	 2.7638355113879617E-4 	 9.78101844559361E-7 	 2.3504031258359678E-4 	 2.1332198815915258E-4 	 2.7638355113879617E-4 	 9.78101844559361E-7 	 2.3504031258359678E-4 	 2.1332198815915258E-4 	 2.7638355113879617E-4 	 9.78101844559361E-7 	 2.3504031258359678E-4 	 
-2.664 	 2.190998806998002E-4 	 3.390363119910827E-4 	 1.0635670396803489E-5 	 2.4048552574970408E-4 	 2.190998806998002E-4 	 3.390363119910827E-4 	 1.0635670396803489E-5 	 2.4048552574970408E-4 	 2.190998806998002E-4 	 3.390363119910827E-4 	 1.0635670396803489E-5 	 2.4048552574970408E-4 	 2.190998806998002E-4 	 3.390363119910827E-4 	 1.0635670396803489E-5 	 2.4048552574970408E-4 	 
-2.64 	 2.4340845856184117E-4 	 4.381347130983726E-4 	 1.345933546009939E-6 	 2.6307507279078006E-4 	 2.4340845856184117E-4 	 4.381347130983726E-4 	 1.345933546009939E-6 	 2.6307507279078006E-4 	 2.4340845856184117E-4 	 4.381347130983726E-4 	 1.345933546009939E-6 	 2.6307507279078006E-4 	 2.4340845856184117E-4 	 4.381347130983726E-4 	 1.345933546009939E-6 	 2.6307507279078006E-4 	 
-2.616 	 2.6353783293349084E-4 	 4.6380589299072983E-4 	 1.3390590469817314E-6 	 2.806174659388061E-4 	 2.6353783293349084E-4 	 4.6380589299072983E-4 	 1.3390590469817314E-6 	 2.806174659388061E-4 	 2.6353783293349084E-4 	 4.6380589299072983E-4 	 1.3390590469817314E-6 	 2.806174659388061E-4 	 2.6353783293349084E-4 	 4.6380589299072983E-4 	 1.3390590469817314E-6 	 2.806174659388061E-4 	 
-2.592 	 2.86385403560156E-4 	 4.2936817741332173E-4 	 1.1765370076127663E-6 	 3.064612884619571E-4 	 2.86385403560156E-4 	 4.2936817741332173E-4 	 1.1765370076127663E-6 	 3.064612884619571E-4 	 2.86385403560156E-4 	 4.2936817741332173E-4 	 1.1765370076127663E-6 	 3.064612884619571E-4 	 2.86385403560156E-4 	 4.2936817741332173E-4 	 1.1765370076127663E-6 	 3.064612884619571E-4 	 
-2.568 	 2.906159379568535E-4 	 4.089781382987493E-4 	 1.1277827672967517E-6 	 3.1154977951986825E-4 	 2.906159379568535E-4 	 4.089781382987493E-4 	 1.1277827672967517E-6 	 3.1154977951986825E-4 	 2.906159379568535E-4 	 4.089781382987493E-4 	 1.1277827672967517E-6 	 3.1154977951986825E-4 	 2.906159379568535E-4 	 4.089781382987493E-4 	 1.1277827672967517E-6 	 3.1154977951986825E-4 	 
-2.544 	 3.1290313075954843E-4 	 4.611732656008555E-4 	 1.505056701149023E-6 	 3.4016218178991973E-4 	 3.1290313075954843E-4 	 4.611732656008555E-4 	 1.505056701149023E-6 	 3.4016218178991973E-4 	 3.1290313075954843E-4 	 4.611732656008555E-4 	 1.505056701149023E-6 	 3.4016218178991973E-4 	 3.1290313075954843E-4 	 4.611732656008555E-4 	 1.505056701149023E-6 	 3.4016218178991973E-4 	 
-2.52 	 3.4380726667001084E-4 	 5.763264027089065E-4 	 1.1343967710278353E-5 	 3.7275730280139933E-4 	 3.4380726667001084E-4 	 5.763264027089065E-4 	 1.1343967710278353E-5 	 3.7275730280139933E-4 	 3.4380726667001084E-4 	 5.763264027089065E-4 	 1.1343967710278353E-5 	 3.7275730280139933E-4 	 3.4380726667001084E-4 	 5.763264027089065E-4 	 1.1343967710278353E-5 	 3.7275730280139933E-4 	 
-2.496 	 3.7214449608192985E-4 	 6.265676982146352E-4 	 1.8253783273095238E-6 	 4.008319124456472E-4 	 3.7214449608192985E-4 	 6.265676982146352E-4 	 1.8253783273095238E-6 	 4.008319124456472E-4 	 3.7214449608192985E-4 	 6.265676982146352E-4 	 1.8253783273095238E-6 	 4.008319124456472E-4 	 3.7214449608192985E-4 	 6.265676982146352E-4 	 1.8253783273095238E-6 	 4.008319124456472E-4 	 
-2.472 	 3.998082843160391E-4 	 6.393887895183464E-4 	 1.827325276370535E-6 	 4.2971589905424853E-4 	 3.998082843160391E-4 	 6.393887895183464E-4 	 1.827325276370535E-6 	 4.2971589905424853E-4 	 3.998082843160391E-4 	 6.393887895183464E-4 	 1.827325276370535E-6 	 4.2971589905424853E-4 	 3.998082843160391E-4 	 6.393887895183464E-4 	 1.827325276370535E-6 	 4.2971589905424853E-4 	 
-2.448 	 4.378543379706727E-4 	 6.498892936379337E-4 	 1.8458697615480482E-6 	 4.718444456856075E-4 	 4.378543379706727E-4 	 6.498892936379337E-4 	 1.8458697615480482E-6 	 4.718444456856075E-4 	 4.378543379706727E-4 	 6.498892936379337E-4 	 1.8458697615480482E-6 	 4.718444456856075E-4 	 4.378543379706727E-4 	 6.498892936379337E-4 	 1.8458697615480482E-6 	 4.718444456856075E-4 	 
-2.424 	 4.6031606721561876E-4 	 6.607257048590853E-4 	 2.048492447595787E-6 	 4.984341432597111E-4 	 4.6031606721561876E-4 	 6.607257048590853E-4 	 2.048492447595787E-6 	 4.984341432597111E-4 	 4.6031606721561876E-4 	 6.607257048590853E-4 	 2.048492447595787E-6 	 4.984341432597111E-4 	 4.6031606721561876E-4 	 6.607257048590853E-4 	 2.048492447595787E-6 	 4.984341432597111E-4 	 
-2.4 	 4.737406458359481E-4 	 6.892373611507837E-4 	 1.1935567072708274E-5 	 5.157490472618105E-4 	 4.737406458359481E-4 	 6.892373611507837E-4 	 1.1935567072708274E-5 	 5.157490472618105E-4 	 4.737406458359481E-4 	 6.892373611507837E-4 	 1.1935567072708274E-5 	 5.157490472618105E-4 	 4.737406458359481E-4 	 6.892373611507837E-4 	 1.1935567072708274E-5 	 5.157490472618105E-4 	 
-2.376 	 4.964775116907907E-4 	 7.599275807208466E-4 	 2.1792061406800893E-5 	 5.393564368556951E-4 	 4.964775116907907E-4 	 7.599275807208466E-4 	 2.1792061406800893E-5 	 5.393564368556951E-4 	 4.964775116907907E-4 	 7.599275807208466E-4 	 2.1792061406800893E-5 	 5.393564368556951E-4 	 4.964775116907907E-4 	 7.599275807208466E-4 	 2.1792061406800893E-5 	 5.393564368556951E-4 	 
-2.352 	 5.433698491478328E-4 	 7.63069455627812E-4 	 2.138011310722765E-5 	 5.91843040372233E-4 	 5.433698491478328E-4 	 7.63069455627812E-4 	 2.138011310722765E-5 	 5.91843040372233E-4 	 5.433698491478328E-4 	 7.63069455627812E-4 	 2.138011310722765E-5 	 5.91843040372233E-4 	 5.433698491478328E-4 	 7.63069455627812E-4 	 2.138011310722765E-5 	 5.91843040372233E-4 	 
-2.328 	 5.895712910090209E-4 	 8.070032183784608E-4 	 2.6836364390559247E-6 	 6.465405521477872E-4 	 5.895712910090209E-4 	 8.070032183784608E-4 	 2.6836364390559247E-6 	 6.465405521477872E-4 	 5.895712910090209E-4 	 8.070032183784608E-4 	 2.6836364390559247E-6 	 6.465405521477872E-4 	 5.895712910090209E-4 	 8.070032183784608E-4 	 2.6836364390559247E-6 	 6.465405521477872E-4 	 
-2.304 	 6.161920141697904E-4 	 8.903192013343364E-4 	 2.2163216803567382E-5 	 6.741012058487996E-4 	 6.161920141697904E-4 	 8.903192013343364E-4 	 2.2163216803567382E-5 	 6.741012058487996E-4 	 6.161920141697904E-4 	 8.903192013343364E-4 	 2.2163216803567382E-5 	 6.741012058487996E-4 	 6.161920141697904E-4 	 8.903192013343364E-4 	 2.2163216803567382E-5 	 6.741012058487996E-4 	 
-2.2800000000000002 	 6.387578732589276E-4 	 9.190796182001916E-4 	 2.1838319249285194E-5 	 6.952669873937566E-4 	 6.387578732589276E-4 	 9.190796182001916E-4 	 2.1838319249285194E-5 	 6.952669873937566E-4 	 6.387578732589276E-4 	 9.190796182001916E-4 	 2.1838319249285194E-5 	 6.952669873937566E-4 	 6.387578732589276E-4 	 9.190796182001916E-4 	 2.1838319249285194E-5 	 6.952669873937566E-4 	 
-2.2560000000000002 	 6.551654408185113E-4 	 9.44024532675686E-4 	 3.051985719301949E-6 	 7.148930982496463E-4 	 6.551654408185113E-4 	 9.44024532675686E-4 	 3.051985719301949E-6 	 7.148930982496463E-4 	 6.551654408185113E-4 	 9.44024532675686E-4 	 3.051985719301949E-6 	 7.148930982496463E-4 	 6.551654408185113E-4 	 9.44024532675686E-4 	 3.051985719301949E-6 	 7.148930982496463E-4 	 
-2.232 	 7.128816102420382E-4 	 0.001123081818973436 	 2.2914639153587713E-5 	 7.749997624576411E-4 	 7.128816102420382E-4 	 0.001123081818973436 	 2.2914639153587713E-5 	 7.749997624576411E-4 	 7.128816102420382E-4 	 0.001123081818973436 	 2.2914639153587713E-5 	 7.749997624576411E-4 	 7.128816102420382E-4 	 0.001123081818973436 	 2.2914639153587713E-5 	 7.749997624576411E-4 	 
-2.208 	 7.692608102331818E-4 	 0.0011584923751257392 	 2.248179554436314E-5 	 8.358384093181E-4 	 7.692608102331818E-4 	 0.0011584923751257392 	 2.248179554436314E-5 	 8.358384093181E-4 	 7.692608102331818E-4 	 0.0011584923751257392 	 2.248179554436314E-5 	 8.358384093181E-4 	 7.692608102331818E-4 	 0.0011584923751257392 	 2.248179554436314E-5 	 8.358384093181E-4 	 
-2.184 	 8.297639160762849E-4 	 0.0012727187642008497 	 3.7192751420720778E-6 	 9.022173477688956E-4 	 8.297639160762849E-4 	 0.0012727187642008497 	 3.7192751420720778E-6 	 9.022173477688956E-4 	 8.297639160762849E-4 	 0.0012727187642008497 	 3.7192751420720778E-6 	 9.022173477688956E-4 	 8.297639160762849E-4 	 0.0012727187642008497 	 3.7192751420720778E-6 	 9.022173477688956E-4 	 
-2.16 	 8.661812759646176E-4 	 0.0013884020759803042 	 4.031324888809251E-6 	 9.365596435858614E-4 	 8.661812759646176E-4 	 0.0013884020759803042 	 4.031324888809251E-6 	 9.365596435858614E-4 	 8.661812759646176E-4 	 0.0013884020759803042 	 4.031324888809251E-6 	 9.365596435858614E-4 	 8.661812759646176E-4 	 0.0013884020759803042 	 4.031324888809251E-6 	 9.365596435858614E-4 	 
-2.136 	 9.312099047028263E-4 	 0.0014004420894546475 	 4.28108707637537E-6 	 0.0010053046522297117 	 9.312099047028263E-4 	 0.0014004420894546475 	 4.28108707637537E-6 	 0.0010053046522297117 	 9.312099047028263E-4 	 0.0014004420894546475 	 4.28108707637537E-6 	 0.0010053046522297117 	 9.312099047028263E-4 	 0.0014004420894546475 	 4.28108707637537E-6 	 0.0010053046522297117 	 
-2.112 	 9.99166849276507E-4 	 0.0014732171689716854 	 2.3615643766900163E-5 	 0.0010837455297459766 	 9.99166849276507E-4 	 0.0014732171689716854 	 2.3615643766900163E-5 	 0.0010837455297459766 	 9.99166849276507E-4 	 0.0014732171689716854 	 2.3615643766900163E-5 	 0.0010837455297459766 	 9.99166849276507E-4 	 0.0014732171689716854 	 2.3615643766900163E-5 	 0.0010837455297459766 	 
-2.088 	 0.0010476753095756137 	 0.0015341766989120083 	 1.3956746791415875E-5 	 0.0011383298389796835 	 0.0010476753095756137 	 0.0015341766989120083 	 1.3956746791415875E-5 	 0.0011383298389796835 	 0.0010476753095756137 	 0.0015341766989120083 	 1.3956746791415875E-5 	 0.0011383298389796835 	 0.0010476753095756137 	 0.0015341766989120083 	 1.3956746791415875E-5 	 0.0011383298389796835 	 
-2.064 	 0.0011250784855672377 	 0.0017014723885084464 	 5.131773966572392E-6 	 0.0012234433623677346 	 0.0011250784855672377 	 0.0017014723885084464 	 5.131773966572392E-6 	 0.0012234433623677346 	 0.0011250784855672377 	 0.0017014723885084464 	 5.131773966572392E-6 	 0.0012234433623677346 	 0.0011250784855672377 	 0.0017014723885084464 	 5.131773966572392E-6 	 0.0012234433623677346 	 
-2.04 	 0.0012192719835713544 	 0.0018462735684869388 	 1.4968542000643038E-5 	 0.0013255849481145538 	 0.0012192719835713544 	 0.0018462735684869388 	 1.4968542000643038E-5 	 0.0013255849481145538 	 0.0012192719835713544 	 0.0018462735684869388 	 1.4968542000643038E-5 	 0.0013255849481145538 	 0.0012192719835713544 	 0.0018462735684869388 	 1.4968542000643038E-5 	 0.0013255849481145538 	 
-2.016 	 0.0012632461710795663 	 0.0019185688815508794 	 6.0201295086840105E-6 	 0.0013696819862941882 	 0.0012632461710795663 	 0.0019185688815508794 	 6.0201295086840105E-6 	 0.0013696819862941882 	 0.0012632461710795663 	 0.0019185688815508794 	 6.0201295086840105E-6 	 0.0013696819862941882 	 0.0012632461710795663 	 0.0019185688815508794 	 6.0201295086840105E-6 	 0.0013696819862941882 	 
-1.992 	 0.0013896062019687417 	 0.002146337248068004 	 3.530990304318416E-5 	 0.0015088775483118118 	 0.0013896062019687417 	 0.002146337248068004 	 3.530990304318416E-5 	 0.0015088775483118118 	 0.0013896062019687417 	 0.002146337248068004 	 3.530990304318416E-5 	 0.0015088775483118118 	 0.0013896062019687417 	 0.002146337248068004 	 3.530990304318416E-5 	 0.0015088775483118118 	 
-1.968 	 0.0014533823931108386 	 0.0022490029082013665 	 1.6561857218114823E-5 	 0.0015721946608671631 	 0.0014533823931108386 	 0.0022490029082013665 	 1.6561857218114823E-5 	 0.0015721946608671631 	 0.0014533823931108386 	 0.0022490029082013665 	 1.6561857218114823E-5 	 0.0015721946608671631 	 0.0014533823931108386 	 0.0022490029082013665 	 1.6561857218114823E-5 	 0.0015721946608671631 	 
-1.944 	 0.0015608939501872941 	 0.0022941259667377807 	 3.58579875308852E-5 	 0.0016952806191347398 	 0.0015608939501872941 	 0.0022941259667377807 	 3.58579875308852E-5 	 0.0016952806191347398 	 0.0015608939501872941 	 0.0022941259667377807 	 3.58579875308852E-5 	 0.0016952806191347398 	 0.0015608939501872941 	 0.0022941259667377807 	 3.58579875308852E-5 	 0.0016952806191347398 	 
-1.92 	 0.001653990584815188 	 0.002566689742183742 	 3.6533228214948604E-5 	 0.0017990970484027175 	 0.001653990584815188 	 0.002566689742183742 	 3.6533228214948604E-5 	 0.0017990970484027175 	 0.001653990584815188 	 0.002566689742183742 	 3.6533228214948604E-5 	 0.0017990970484027175 	 0.001653990584815188 	 0.002566689742183742 	 3.6533228214948604E-5 	 0.0017990970484027175 	 
-1.896 	 0.001778299158195545 	 0.002831681860032091 	 1.8530280759166926E-5 	 0.0019279419679687926 	 0.001778299158195545 	 0.002831681860032091 	 1.8530280759166926E-5 	 0.0019279419679687926 	 0.001778299158195545 	 0.002831681860032091 	 1.8530280759166926E-5 	 0.0019279419679687926 	 0.001778299158195545 	 0.002831681860032091 	 1.8530280759166926E-5 	 0.0019279419679687926 	 
-1.8719999999999999 	 0.0019569088402259633 	 0.0030212834190653215 	 4.767832220293301E-5 	 0.0021224638612478406 	 0.0019569088402259633 	 0.0030212834190653215 	 4.767832220293301E-5 	 0.0021224638612478406 	 0.0019569088402259633 	 0.0030212834190653215 	 4.767832220293301E-5 	 0.0021224638612478406 	 0.0019569088402259633 	 0.0030212834190653215 	 4.767832220293301E-5 	 0.0021224638612478406 	 
-1.8479999999999999 	 0.002032629727950131 	 0.0032086609251481854 	 3.842270179959069E-5 	 0.0022049674752554296 	 0.002032629727950131 	 0.0032086609251481854 	 3.842270179959069E-5 	 0.0022049674752554296 	 0.002032629727950131 	 0.0032086609251481854 	 3.842270179959069E-5 	 0.0022049674752554296 	 0.002032629727950131 	 0.0032086609251481854 	 3.842270179959069E-5 	 0.0022049674752554296 	 
-1.824 	 0.00221488302682941 	 0.0034615280313926382 	 2.956700544234697E-5 	 0.002397599642911526 	 0.00221488302682941 	 0.0034615280313926382 	 2.956700544234697E-5 	 0.002397599642911526 	 0.00221488302682941 	 0.0034615280313926382 	 2.956700544234697E-5 	 0.002397599642911526 	 0.00221488302682941 	 0.0034615280313926382 	 2.956700544234697E-5 	 0.002397599642911526 	 
-1.8 	 0.0023925513831352966 	 0.003721363788021798 	 3.100275053000234E-5 	 0.0025939456475329212 	 0.0023925513831352966 	 0.003721363788021798 	 3.100275053000234E-5 	 0.0025939456475329212 	 0.0023925513831352966 	 0.003721363788021798 	 3.100275053000234E-5 	 0.0025939456475329212 	 0.0023925513831352966 	 0.003721363788021798 	 3.100275053000234E-5 	 0.0025939456475329212 	 
-1.776 	 0.0025248761428091635 	 0.003971220023360785 	 6.962280593610009E-5 	 0.0027414622200286447 	 0.0025248761428091635 	 0.003971220023360785 	 6.962280593610009E-5 	 0.0027414622200286447 	 0.0025248761428091635 	 0.003971220023360785 	 6.962280593610009E-5 	 0.0027414622200286447 	 0.0025248761428091635 	 0.003971220023360785 	 6.962280593610009E-5 	 0.0027414622200286447 	 
-1.752 	 0.0027399554290568795 	 0.004344060838832163 	 4.266996317230045E-5 	 0.002970268351007082 	 0.0027399554290568795 	 0.004344060838832163 	 4.266996317230045E-5 	 0.002970268351007082 	 0.0027399554290568795 	 0.004344060838832163 	 4.266996317230045E-5 	 0.002970268351007082 	 0.0027399554290568795 	 0.004344060838832163 	 4.266996317230045E-5 	 0.002970268351007082 	 
-1.728 	 0.002946090261253444 	 0.004671807937264514 	 8.140683027820648E-5 	 0.003192770205944118 	 0.002946090261253444 	 0.004671807937264514 	 8.140683027820648E-5 	 0.003192770205944118 	 0.002946090261253444 	 0.004671807937264514 	 8.140683027820648E-5 	 0.003192770205944118 	 0.002946090261253444 	 0.004671807937264514 	 8.140683027820648E-5 	 0.003192770205944118 	 
-1.704 	 0.0031891263897775085 	 0.005005544753792035 	 5.337823567409605E-5 	 0.003461602288676925 	 0.0031891263897775085 	 0.005005544753792035 	 5.337823567409605E-5 	 0.003461602288676925 	 0.0031891263897775085 	 0.005005544753792035 	 5.337823567409605E-5 	 0.003461602288676925 	 0.0031891263897775085 	 0.005005544753792035 	 5.337823567409605E-5 	 0.003461602288676925 	 
-1.68 	 0.00342151836317535 	 0.00533582878098277 	 4.538598160341775E-5 	 0.0037126511797448396 	 0.00342151836317535 	 0.00533582878098277 	 4.538598160341775E-5 	 0.0037126511797448396 	 0.00342151836317535 	 0.00533582878098277 	 4.538598160341775E-5 	 0.0037126511797448396 	 0.00342151836317535 	 0.00533582878098277 	 4.538598160341775E-5 	 0.0037126511797448396 	 
-1.656 	 0.0036285243354118495 	 0.0056212580014763204 	 8.383856654501985E-5 	 0.003941822280567052 	 0.0036285243354118495 	 0.0056212580014763204 	 8.383856654501985E-5 	 0.003941822280567052 	 0.0036285243354118495 	 0.0056212580014763204 	 8.383856654501985E-5 	 0.003941822280567052 	 0.0036285243354118495 	 0.0056212580014763204 	 8.383856654501985E-5 	 0.003941822280567052 	 
-1.632 	 0.003954596612561589 	 0.0062945142180678305 	 4.877081945949229E-5 	 0.0042938970398452795 	 0.003954596612561589 	 0.0062945142180678305 	 4.877081945949229E-5 	 0.0042938970398452795 	 0.003954596612561589 	 0.0062945142180678305 	 4.877081945949229E-5 	 0.0042938970398452795 	 0.003954596612561589 	 0.0062945142180678305 	 4.877081945949229E-5 	 0.0042938970398452795 	 
-1.6079999999999999 	 0.004223860180996821 	 0.0066912799374472046 	 1.0629073319351365E-4 	 0.004589772939564113 	 0.004223860180996821 	 0.0066912799374472046 	 1.0629073319351365E-4 	 0.004589772939564113 	 0.004223860180996821 	 0.0066912799374472046 	 1.0629073319351365E-4 	 0.004589772939564113 	 0.004223860180996821 	 0.0066912799374472046 	 1.0629073319351365E-4 	 0.004589772939564113 	 
-1.584 	 0.004577042528349032 	 0.00735080576574966 	 6.046829132293838E-5 	 0.004969141244522127 	 0.004577042528349032 	 0.00735080576574966 	 6.046829132293838E-5 	 0.004969141244522127 	 0.004577042528349032 	 0.00735080576574966 	 6.046829132293838E-5 	 0.004969141244522127 	 0.004577042528349032 	 0.00735080576574966 	 6.046829132293838E-5 	 0.004969141244522127 	 
-1.56 	 0.004959318879300348 	 0.008005889167349333 	 6.241993400176945E-5 	 0.005377717060008436 	 0.004959318879300348 	 0.008005889167349333 	 6.241993400176945E-5 	 0.005377717060008436 	 0.004959318879300348 	 0.008005889167349333 	 6.241993400176945E-5 	 0.005377717060008436 	 0.004959318879300348 	 0.008005889167349333 	 6.241993400176945E-5 	 0.005377717060008436 	 
-1.536 	 0.005303447887708993 	 0.00845401019964994 	 7.319115799989879E-5 	 0.005746069431244402 	 0.005303447887708993 	 0.00845401019964994 	 7.319115799989879E-5 	 0.005746069431244402 	 0.005303447887708993 	 0.00845401019964994 	 7.319115799989879E-5 	 0.005746069431244402 	 0.005303447887708993 	 0.00845401019964994 	 7.319115799989879E-5 	 0.005746069431244402 	 
-1.512 	 0.005762556209637205 	 0.009069510491998585 	 8.457160664285256E-5 	 0.006256767640414241 	 0.005762556209637205 	 0.009069510491998585 	 8.457160664285256E-5 	 0.006256767640414241 	 0.005762556209637205 	 0.009069510491998585 	 8.457160664285256E-5 	 0.006256767640414241 	 0.005762556209637205 	 0.009069510491998585 	 8.457160664285256E-5 	 0.006256767640414241 	 
-1.488 	 0.006152104419702413 	 0.009754601532513158 	 7.721598226571516E-5 	 0.006675033786303742 	 0.006152104419702413 	 0.009754601532513158 	 7.721598226571516E-5 	 0.006675033786303742 	 0.006152104419702413 	 0.009754601532513158 	 7.721598226571516E-5 	 0.006675033786303742 	 0.006152104419702413 	 0.009754601532513158 	 7.721598226571516E-5 	 0.006675033786303742 	 
-1.464 	 0.006658128025169408 	 0.01063309147927393 	 9.860713108649077E-5 	 0.007231862085667612 	 0.006658128025169408 	 0.01063309147927393 	 9.860713108649077E-5 	 0.007231862085667612 	 0.006658128025169408 	 0.01063309147927393 	 9.860713108649077E-5 	 0.007231862085667612 	 0.006658128025169408 	 0.01063309147927393 	 9.860713108649077E-5 	 0.007231862085667612 	 
-1.44 	 0.007244803041927841 	 0.01155136335562825 	 7.292338505279814E-5 	 0.007871946226459247 	 0.007244803041927841 	 0.01155136335562825 	 7.292338505279814E-5 	 0.007871946226459247 	 0.007244803041927841 	 0.01155136335562825 	 7.292338505279814E-5 	 0.007871946226459247 	 0.007244803041927841 	 0.01155136335562825 	 7.292338505279814E-5 	 0.007871946226459247 	 
-1.416 	 0.007734007486931998 	 0.01248399079646366 	 1.0438702444244564E-4 	 0.008385587734149358 	 0.007734007486931998 	 0.01248399079646366 	 1.0438702444244564E-4 	 0.008385587734149358 	 0.007734007486931998 	 0.01248399079646366 	 1.0438702444244564E-4 	 0.008385587734149358 	 0.007734007486931998 	 0.01248399079646366 	 1.0438702444244564E-4 	 0.008385587734149358 	 
-1.392 	 0.008456091278556186 	 0.013454907749997976 	 1.0659285902938786E-4 	 0.009178602529124757 	 0.008456091278556186 	 0.013454907749997976 	 1.0659285902938786E-4 	 0.009178602529124757 	 0.008456091278556186 	 0.013454907749997976 	 1.0659285902938786E-4 	 0.009178602529124757 	 0.008456091278556186 	 0.013454907749997976 	 1.0659285902938786E-4 	 0.009178602529124757 	 
-1.3679999999999999 	 0.009035417580264245 	 0.014541774551384248 	 8.196264244678281E-5 	 0.009797777705788949 	 0.009035417580264245 	 0.014541774551384248 	 8.196264244678281E-5 	 0.009797777705788949 	 0.009035417580264245 	 0.014541774551384248 	 8.196264244678281E-5 	 0.009797777705788949 	 0.009035417580264245 	 0.014541774551384248 	 8.196264244678281E-5 	 0.009797777705788949 	 
-1.3439999999999999 	 0.009822415186289308 	 0.015821921747069503 	 1.4317833932065804E-4 	 0.01065815282160452 	 0.009822415186289308 	 0.015821921747069503 	 1.4317833932065804E-4 	 0.01065815282160452 	 0.009822415186289308 	 0.015821921747069503 	 1.4317833932065804E-4 	 0.01065815282160452 	 0.009822415186289308 	 0.015821921747069503 	 1.4317833932065804E-4 	 0.01065815282160452 	 
-1.32 	 0.010555333186344308 	 0.01685914031616824 	 1.3582412291073418E-4 	 0.011445485628407375 	 0.010555333186344308 	 0.01685914031616824 	 1.3582412291073418E-4 	 0.011445485628407375 	 0.010555333186344308 	 0.01685914031616824 	 1.3582412291073418E-4 	 0.011445485628407375 	 0.010555333186344308 	 0.01685914031616824 	 1.3582412291073418E-4 	 0.011445485628407375 	 
-1.296 	 0.011392032483017046 	 0.018081562965709883 	 1.199229187616662E-4 	 0.012362095702783153 	 0.011392032483017046 	 0.018081562965709883 	 1.199229187616662E-4 	 0.012362095702783153 	 0.011392032483017046 	 0.018081562965709883 	 1.199229187616662E-4 	 0.012362095702783153 	 0.011392032483017046 	 0.018081562965709883 	 1.199229187616662E-4 	 0.012362095702783153 	 
-1.272 	 0.012355955118096366 	 0.019337436403605485 	 1.0453148541048784E-4 	 0.01342248506814821 	 0.012355955118096366 	 0.019337436403605485 	 1.0453148541048784E-4 	 0.01342248506814821 	 0.012355955118096366 	 0.019337436403605485 	 1.0453148541048784E-4 	 0.01342248506814821 	 0.012355955118096366 	 0.019337436403605485 	 1.0453148541048784E-4 	 0.01342248506814821 	 
-1.248 	 0.013250521772776754 	 0.020867937823124495 	 1.2921597257778511E-4 	 0.014397573153967577 	 0.013250521772776754 	 0.020867937823124495 	 1.2921597257778511E-4 	 0.014397573153967577 	 0.013250521772776754 	 0.020867937823124495 	 1.2921597257778511E-4 	 0.014397573153967577 	 0.013250521772776754 	 0.020867937823124495 	 1.2921597257778511E-4 	 0.014397573153967577 	 
-1.224 	 0.014313449728573496 	 0.022312963691842033 	 1.80696530301203E-4 	 0.015558786463420111 	 0.014313449728573496 	 0.022312963691842033 	 1.80696530301203E-4 	 0.015558786463420111 	 0.014313449728573496 	 0.022312963691842033 	 1.80696530301203E-4 	 0.015558786463420111 	 0.014313449728573496 	 0.022312963691842033 	 1.80696530301203E-4 	 0.015558786463420111 	 
-1.2 	 0.01527930981501145 	 0.02367187227489749 	 1.5645272670738143E-4 	 0.01659593394056486 	 0.01527930981501145 	 0.02367187227489749 	 1.5645272670738143E-4 	 0.01659593394056486 	 0.01527930981501145 	 0.02367187227489749 	 1.5645272670738143E-4 	 0.01659593394056486 	 0.01527930981501145 	 0.02367187227489749 	 1.5645272670738143E-4 	 0.01659593394056486 	 
-1.176 	 0.016407398341837066 	 0.02505022617099063 	 2.0725945116197158E-4 	 0.017847977706780205 	 0.016407398341837066 	 0.02505022617099063 	 2.0725945116197158E-4 	 0.017847977706780205 	 0.016407398341837066 	 0.02505022617099063 	 2.0725945116197158E-4 	 0.017847977706780205 	 0.016407398341837066 	 0.02505022617099063 	 2.0725945116197158E-4 	 0.017847977706780205 	 
-1.152 	 0.017627060666138304 	 0.02650028056580295 	 1.5471864867164865E-4 	 0.019180548033004344 	 0.017627060666138304 	 0.02650028056580295 	 1.5471864867164865E-4 	 0.019180548033004344 	 0.017627060666138304 	 0.02650028056580295 	 1.5471864867164865E-4 	 0.019180548033004344 	 0.017627060666138304 	 0.02650028056580295 	 1.5471864867164865E-4 	 0.019180548033004344 	 
-1.128 	 0.018726325224967946 	 0.027777132933986797 	 2.147067494902114E-4 	 0.020398589649802467 	 0.018726325224967946 	 0.027777132933986797 	 2.147067494902114E-4 	 0.020398589649802467 	 0.018726325224967946 	 0.027777132933986797 	 2.147067494902114E-4 	 0.020398589649802467 	 0.018726325224967946 	 0.027777132933986797 	 2.147067494902114E-4 	 0.020398589649802467 	 
-1.1039999999999999 	 0.019925730477220256 	 0.028968472458544895 	 1.6030740248105057E-4 	 0.021729987343065586 	 0.019925730477220256 	 0.028968472458544895 	 1.6030740248105057E-4 	 0.021729987343065586 	 0.019925730477220256 	 0.028968472458544895 	 1.6030740248105057E-4 	 0.021729987343065586 	 0.019925730477220256 	 0.028968472458544895 	 1.6030740248105057E-4 	 0.021729987343065586 	 
-1.08 	 0.02107981742416367 	 0.030131796206043622 	 1.6390716601904533E-4 	 0.022992026163186557 	 0.02107981742416367 	 0.030131796206043622 	 1.6390716601904533E-4 	 0.022992026163186557 	 0.02107981742416367 	 0.030131796206043622 	 1.6390716601904533E-4 	 0.022992026163186557 	 0.02107981742416367 	 0.030131796206043622 	 1.6390716601904533E-4 	 0.022992026163186557 	 
-1.056 	 0.022337985707979367 	 0.030902984732218065 	 1.8443677357539667E-4 	 0.024410373852592468 	 0.022337985707979367 	 0.030902984732218065 	 1.8443677357539667E-4 	 0.024410373852592468 	 0.022337985707979367 	 0.030902984732218065 	 1.8443677357539667E-4 	 0.024410373852592468 	 0.022337985707979367 	 0.030902984732218065 	 1.8443677357539667E-4 	 0.024410373852592468 	 
-1.032 	 0.02339609413572241 	 0.031361101539228685 	 1.6610569213809672E-4 	 0.025596623351072184 	 0.02339609413572241 	 0.031361101539228685 	 1.6610569213809672E-4 	 0.025596623351072184 	 0.02339609413572241 	 0.031361101539228685 	 1.6610569213809672E-4 	 0.025596623351072184 	 0.02339609413572241 	 0.031361101539228685 	 1.6610569213809672E-4 	 0.025596623351072184 	 
-1.008 	 0.024447805387297034 	 0.03168656680608454 	 1.5696261703328085E-4 	 0.026790686771161344 	 0.024447805387297034 	 0.03168656680608454 	 1.5696261703328085E-4 	 0.026790686771161344 	 0.024447805387297034 	 0.03168656680608454 	 1.5696261703328085E-4 	 0.026790686771161344 	 0.024447805387297034 	 0.03168656680608454 	 1.5696261703328085E-4 	 0.026790686771161344 	 
-0.984 	 0.02534137283778285 	 0.03177587845452639 	 1.384996402762398E-4 	 0.02780791707994329 	 0.02534137283778285 	 0.03177587845452639 	 1.384996402762398E-4 	 0.02780791707994329 	 0.02534137283778285 	 0.03177587845452639 	 1.384996402762398E-4 	 0.02780791707994329 	 0.02534137283778285 	 0.03177587845452639 	 1.384996402762398E-4 	 0.02780791707994329 	 
-0.96 	 0.026225614831833242 	 0.03168643929699839 	 1.7700386676238643E-4 	 0.028818144935199245 	 0.026225614831833242 	 0.03168643929699839 	 1.7700386676238643E-4 	 0.028818144935199245 	 0.026225614831833242 	 0.03168643929699839 	 1.7700386676238643E-4 	 0.028818144935199245 	 0.026225614831833242 	 0.03168643929699839 	 1.7700386676238643E-4 	 0.028818144935199245 	 
-0.9359999999999999 	 0.026885843916357326 	 0.030952260537332296 	 1.9239265303482044E-4 	 0.029581019929924575 	 0.026885843916357326 	 0.030952260537332296 	 1.9239265303482044E-4 	 0.029581019929924575 	 0.026885843916357326 	 0.030952260537332296 	 1.9239265303482044E-4 	 0.029581019929924575 	 0.026885843916357326 	 0.030952260537332296 	 1.9239265303482044E-4 	 0.029581019929924575 	 
-0.9119999999999999 	 0.0273652487770893 	 0.029880893018223633 	 1.2284722147902285E-4 	 0.03015008808997712 	 0.0273652487770893 	 0.029880893018223633 	 1.2284722147902285E-4 	 0.03015008808997712 	 0.0273652487770893 	 0.029880893018223633 	 1.2284722147902285E-4 	 0.03015008808997712 	 0.0273652487770893 	 0.029880893018223633 	 1.2284722147902285E-4 	 0.03015008808997712 	 
-0.8879999999999999 	 0.027687001266865404 	 0.02840675377415877 	 1.659394287140846E-4 	 0.03055548997234704 	 0.027687001266865404 	 0.02840675377415877 	 1.659394287140846E-4 	 0.03055548997234704 	 0.027687001266865404 	 0.02840675377415877 	 1.659394287140846E-4 	 0.03055548997234704 	 0.027687001266865404 	 0.02840675377415877 	 1.659394287140846E-4 	 0.03055548997234704 	 
-0.8639999999999999 	 0.02773910593500618 	 0.026875863745014734 	 1.335511384235981E-4 	 0.030651442638798973 	 0.02773910593500618 	 0.026875863745014734 	 1.335511384235981E-4 	 0.030651442638798973 	 0.02773910593500618 	 0.026875863745014734 	 1.335511384235981E-4 	 0.030651442638798973 	 0.02773910593500618 	 0.026875863745014734 	 1.335511384235981E-4 	 0.030651442638798973 	 
-0.8399999999999999 	 0.02759896083455072 	 0.025124984444065312 	 1.5719026715867396E-4 	 0.030526318261199087 	 0.02759896083455072 	 0.025124984444065312 	 1.5719026715867396E-4 	 0.030526318261199087 	 0.02759896083455072 	 0.025124984444065312 	 1.5719026715867396E-4 	 0.030526318261199087 	 0.02759896083455072 	 0.025124984444065312 	 1.5719026715867396E-4 	 0.030526318261199087 	 
-0.8159999999999998 	 0.027195749752869043 	 0.023066933377821022 	 1.322098590069473E-4 	 0.03009067257201019 	 0.027195749752869043 	 0.023066933377821022 	 1.322098590069473E-4 	 0.03009067257201019 	 0.027195749752869043 	 0.023066933377821022 	 1.322098590069473E-4 	 0.03009067257201019 	 0.027195749752869043 	 0.023066933377821022 	 1.322098590069473E-4 	 0.03009067257201019 	 
-0.7919999999999998 	 0.026638813467961115 	 0.02065594654833473 	 1.2510593748479642E-4 	 0.0294706457795249 	 0.026638813467961115 	 0.02065594654833473 	 1.2510593748479642E-4 	 0.0294706457795249 	 0.026638813467961115 	 0.02065594654833473 	 1.2510593748479642E-4 	 0.0294706457795249 	 0.026638813467961115 	 0.02065594654833473 	 1.2510593748479642E-4 	 0.0294706457795249 	 
-0.7679999999999998 	 0.02583085678702349 	 0.018304619200192957 	 1.0000719360848536E-4 	 0.02857859109665723 	 0.02583085678702349 	 0.018304619200192957 	 1.0000719360848536E-4 	 0.02857859109665723 	 0.02583085678702349 	 0.018304619200192957 	 1.0000719360848536E-4 	 0.02857859109665723 	 0.02583085678702349 	 0.018304619200192957 	 1.0000719360848536E-4 	 0.02857859109665723 	 
-0.7439999999999998 	 0.02481219024300789 	 0.016213581950676136 	 1.1404896333934042E-4 	 0.02740075677697239 	 0.02481219024300789 	 0.016213581950676136 	 1.1404896333934042E-4 	 0.02740075677697239 	 0.02481219024300789 	 0.016213581950676136 	 1.1404896333934042E-4 	 0.02740075677697239 	 0.02481219024300789 	 0.016213581950676136 	 1.1404896333934042E-4 	 0.02740075677697239 	 
-0.7199999999999998 	 0.02363121500262562 	 0.014170149935097312 	 1.0907288815552708E-4 	 0.026038769748744195 	 0.02363121500262562 	 0.014170149935097312 	 1.0907288815552708E-4 	 0.026038769748744195 	 0.02363121500262562 	 0.014170149935097312 	 1.0907288815552708E-4 	 0.026038769748744195 	 0.02363121500262562 	 0.014170149935097312 	 1.0907288815552708E-4 	 0.026038769748744195 	 
-0.6959999999999997 	 0.022255750678309292 	 0.012377070360283765 	 1.233188646183431E-4 	 0.024414382401992205 	 0.022255750678309292 	 0.012377070360283765 	 1.233188646183431E-4 	 0.024414382401992205 	 0.022255750678309292 	 0.012377070360283765 	 1.233188646183431E-4 	 0.024414382401992205 	 0.022255750678309292 	 0.012377070360283765 	 1.233188646183431E-4 	 0.024414382401992205 	 
-0.6720000000000002 	 0.021006720596932763 	 0.010762067823561268 	 8.122955430471993E-5 	 0.022907234860397287 	 0.021006720596932763 	 0.010762067823561268 	 8.122955430471993E-5 	 0.022907234860397287 	 0.021006720596932763 	 0.010762067823561268 	 8.122955430471993E-5 	 0.022907234860397287 	 0.021006720596932763 	 0.010762067823561268 	 8.122955430471993E-5 	 0.022907234860397287 	 
-0.6480000000000001 	 0.019580783804070637 	 0.009158360509775447 	 9.596402015617892E-5 	 0.021180871020366206 	 0.019580783804070637 	 0.009158360509775447 	 9.596402015617892E-5 	 0.021180871020366206 	 0.019580783804070637 	 0.009158360509775447 	 9.596402015617892E-5 	 0.021180871020366206 	 0.019580783804070637 	 0.009158360509775447 	 9.596402015617892E-5 	 0.021180871020366206 	 
-0.6240000000000001 	 0.018154526824700635 	 0.007787008353402271 	 7.367437161643837E-5 	 0.019454587640860457 	 0.018154526824700635 	 0.007787008353402271 	 7.367437161643837E-5 	 0.019454587640860457 	 0.018154526824700635 	 0.007787008353402271 	 7.367437161643837E-5 	 0.019454587640860457 	 0.018154526824700635 	 0.007787008353402271 	 7.367437161643837E-5 	 0.019454587640860457 	 
-0.6000000000000001 	 0.016621130219627318 	 0.006573721989130337 	 8.03204114307179E-5 	 0.017576917248297456 	 0.016621130219627318 	 0.006573721989130337 	 8.03204114307179E-5 	 0.017576917248297456 	 0.016621130219627318 	 0.006573721989130337 	 8.03204114307179E-5 	 0.017576917248297456 	 0.016621130219627318 	 0.006573721989130337 	 8.03204114307179E-5 	 0.017576917248297456 	 
-0.5760000000000001 	 0.015232398613721755 	 0.005656000467450127 	 7.836619083850358E-5 	 0.01586066336524685 	 0.015232398613721755 	 0.005656000467450127 	 7.836619083850358E-5 	 0.01586066336524685 	 0.015232398613721755 	 0.005656000467450127 	 7.836619083850358E-5 	 0.01586066336524685 	 0.015232398613721755 	 0.005656000467450127 	 7.836619083850358E-5 	 0.01586066336524685 	 
-0.552 	 0.013945907190890798 	 0.00484740204932372 	 7.648334151695337E-5 	 0.014259145830274485 	 0.013945907190890798 	 0.00484740204932372 	 7.648334151695337E-5 	 0.014259145830274485 	 0.013945907190890798 	 0.00484740204932372 	 7.648334151695337E-5 	 0.014259145830274485 	 0.013945907190890798 	 0.00484740204932372 	 7.648334151695337E-5 	 0.014259145830274485 	 
-0.528 	 0.01269090962280644 	 0.004291085823096098 	 7.511622856757931E-5 	 0.012682839336005353 	 0.01269090962280644 	 0.004291085823096098 	 7.511622856757931E-5 	 0.012682839336005353 	 0.01269090962280644 	 0.004291085823096098 	 7.511622856757931E-5 	 0.012682839336005353 	 0.01269090962280644 	 0.004291085823096098 	 7.511622856757931E-5 	 0.012682839336005353 	 
-0.504 	 0.011555699239833647 	 0.0038465922951473525 	 5.4814636569657996E-5 	 0.011246335018005905 	 0.011555699239833647 	 0.0038465922951473525 	 5.4814636569657996E-5 	 0.011246335018005905 	 0.011555699239833647 	 0.0038465922951473525 	 5.4814636569657996E-5 	 0.011246335018005905 	 0.011555699239833647 	 0.0038465922951473525 	 5.4814636569657996E-5 	 0.011246335018005905 	 
-0.48 	 0.01044869068715557 	 0.003336937549185079 	 4.380196908967176E-5 	 0.00982635667957866 	 0.01044869068715557 	 0.003336937549185079 	 4.380196908967176E-5 	 0.00982635667957866 	 0.01044869068715557 	 0.003336937549185079 	 4.380196908967176E-5 	 0.00982635667957866 	 0.01044869068715557 	 0.003336937549185079 	 4.380196908967176E-5 	 0.00982635667957866 	 
-0.45599999999999996 	 0.00945296091375866 	 0.002937935338357758 	 3.326750826866594E-5 	 0.008577796061736519 	 0.00945296091375866 	 0.002937935338357758 	 3.326750826866594E-5 	 0.008577796061736519 	 0.00945296091375866 	 0.002937935338357758 	 3.326750826866594E-5 	 0.008577796061736519 	 0.00945296091375866 	 0.002937935338357758 	 3.326750826866594E-5 	 0.008577796061736519 	 
-0.43199999999999994 	 0.008552136760004542 	 0.0026212404296053027 	 2.3875065140592686E-5 	 0.007443238369743985 	 0.008552136760004542 	 0.0026212404296053027 	 2.3875065140592686E-5 	 0.007443238369743985 	 0.008552136760004542 	 0.0026212404296053027 	 2.3875065140592686E-5 	 0.007443238369743985 	 0.008552136760004542 	 0.0026212404296053027 	 2.3875065140592686E-5 	 0.007443238369743985 	 
-0.4079999999999999 	 0.007778046953861063 	 0.002379370013784844 	 7.094685718360928E-5 	 0.006477859399196897 	 0.007778046953861063 	 0.002379370013784844 	 7.094685718360928E-5 	 0.006477859399196897 	 0.007778046953861063 	 0.002379370013784844 	 7.094685718360928E-5 	 0.006477859399196897 	 0.007778046953861063 	 0.002379370013784844 	 7.094685718360928E-5 	 0.006477859399196897 	 
-0.3839999999999999 	 0.007090146951771684 	 0.002138907134793243 	 4.128001362887779E-5 	 0.005632055809494462 	 0.007090146951771684 	 0.002138907134793243 	 4.128001362887779E-5 	 0.005632055809494462 	 0.007090146951771684 	 0.002138907134793243 	 4.128001362887779E-5 	 0.005632055809494462 	 0.007090146951771684 	 0.002138907134793243 	 4.128001362887779E-5 	 0.005632055809494462 	 
-0.3599999999999999 	 0.006396110259069061 	 0.001967197108619551 	 2.1800370447986243E-5 	 0.0047997923337194555 	 0.006396110259069061 	 0.001967197108619551 	 2.1800370447986243E-5 	 0.0047997923337194555 	 0.006396110259069061 	 0.001967197108619551 	 2.1800370447986243E-5 	 0.0047997923337194555 	 0.006396110259069061 	 0.001967197108619551 	 2.1800370447986243E-5 	 0.0047997923337194555 	 
-0.33599999999999985 	 0.005887451664455116 	 0.0018118266726685343 	 2.14806941887587E-5 	 0.0042010567342232455 	 0.005887451664455116 	 0.0018118266726685343 	 2.14806941887587E-5 	 0.0042010567342232455 	 0.005887451664455116 	 0.0018118266726685343 	 2.14806941887587E-5 	 0.0042010567342232455 	 0.005887451664455116 	 0.0018118266726685343 	 2.14806941887587E-5 	 0.0042010567342232455 	 
-0.31199999999999983 	 0.005322951994606924 	 0.0016828130801774526 	 2.177506951951931E-5 	 0.0035600803577656723 	 0.005322951994606924 	 0.0016828130801774526 	 2.177506951951931E-5 	 0.0035600803577656723 	 0.005322951994606924 	 0.0016828130801774526 	 2.177506951951931E-5 	 0.0035600803577656723 	 0.005322951994606924 	 0.0016828130801774526 	 2.177506951951931E-5 	 0.0035600803577656723 	 
-0.2879999999999998 	 0.004836111801684384 	 0.0015629384898900153 	 4.9805221456693344E-5 	 0.003048196914019384 	 0.004836111801684384 	 0.0015629384898900153 	 4.9805221456693344E-5 	 0.003048196914019384 	 0.004836111801684384 	 0.0015629384898900153 	 4.9805221456693344E-5 	 0.003048196914019384 	 0.004836111801684384 	 0.0015629384898900153 	 4.9805221456693344E-5 	 0.003048196914019384 	 
-0.2639999999999998 	 0.004428503824796752 	 0.001458841073118023 	 2.1624249114265157E-5 	 0.0026206563644351893 	 0.004428503824796752 	 0.001458841073118023 	 2.1624249114265157E-5 	 0.0026206563644351893 	 0.004428503824796752 	 0.001458841073118023 	 2.1624249114265157E-5 	 0.0026206563644351893 	 0.004428503824796752 	 0.001458841073118023 	 2.1624249114265157E-5 	 0.0026206563644351893 	 
-0.23999999999999977 	 0.004016474243462531 	 0.001350404347487962 	 6.885592949227161E-5 	 0.0022273206455925873 	 0.004016474243462531 	 0.001350404347487962 	 6.885592949227161E-5 	 0.0022273206455925873 	 0.004016474243462531 	 0.001350404347487962 	 6.885592949227161E-5 	 0.0022273206455925873 	 0.004016474243462531 	 0.001350404347487962 	 6.885592949227161E-5 	 0.0022273206455925873 	 
-0.21599999999999975 	 0.0037007525844191054 	 0.0012595139194805404 	 3.995898617873265E-5 	 0.0019573453264798805 	 0.0037007525844191054 	 0.0012595139194805404 	 3.995898617873265E-5 	 0.0019573453264798805 	 0.0037007525844191054 	 0.0012595139194805404 	 3.995898617873265E-5 	 0.0019573453264798805 	 0.0037007525844191054 	 0.0012595139194805404 	 3.995898617873265E-5 	 0.0019573453264798805 	 
-0.19199999999999973 	 0.003368030992260674 	 0.0011960387473129868 	 4.963050423589205E-5 	 0.0016574008396203549 	 0.003368030992260674 	 0.0011960387473129868 	 4.963050423589205E-5 	 0.0016574008396203549 	 0.003368030992260674 	 0.0011960387473129868 	 4.963050423589205E-5 	 0.0016574008396203549 	 0.003368030992260674 	 0.0011960387473129868 	 4.963050423589205E-5 	 0.0016574008396203549 	 
-0.16800000000000015 	 0.0030905069868301326 	 0.0011332122709521546 	 5.841213503566857E-5 	 0.0014473475808694965 	 0.0030905069868301326 	 0.0011332122709521546 	 5.841213503566857E-5 	 0.0014473475808694965 	 0.0030905069868301326 	 0.0011332122709521546 	 5.841213503566857E-5 	 0.0014473475808694965 	 0.0030905069868301326 	 0.0011332122709521546 	 5.841213503566857E-5 	 0.0014473475808694965 	 
-0.14400000000000013 	 0.0028195518813367145 	 0.0010779461482253228 	 2.0620816327519273E-5 	 0.0012277854988605023 	 0.0028195518813367145 	 0.0010779461482253228 	 2.0620816327519273E-5 	 0.0012277854988605023 	 0.0028195518813367145 	 0.0010779461482253228 	 2.0620816327519273E-5 	 0.0012277854988605023 	 0.0028195518813367145 	 0.0010779461482253228 	 2.0620816327519273E-5 	 0.0012277854988605023 	 
-0.1200000000000001 	 0.0026018472585900847 	 0.0010152692185185607 	 5.859953513849878E-5 	 0.0010752270439682097 	 0.0026018472585900847 	 0.0010152692185185607 	 5.859953513849878E-5 	 0.0010752270439682097 	 0.0026018472585900847 	 0.0010152692185185607 	 5.859953513849878E-5 	 0.0010752270439682097 	 0.0026018472585900847 	 0.0010152692185185607 	 5.859953513849878E-5 	 0.0010752270439682097 	 
-0.09600000000000009 	 0.002416453535186878 	 9.865241020381205E-4 	 3.93805908001107E-5 	 9.427676710230605E-4 	 0.002416453535186878 	 9.865241020381205E-4 	 3.93805908001107E-5 	 9.427676710230605E-4 	 0.002416453535186878 	 9.865241020381205E-4 	 3.93805908001107E-5 	 9.427676710230605E-4 	 0.002416453535186878 	 9.865241020381205E-4 	 3.93805908001107E-5 	 9.427676710230605E-4 	 
-0.07200000000000006 	 0.002236595907947044 	 9.538151285762782E-4 	 2.990716024688106E-5 	 8.284828921800365E-4 	 0.002236595907947044 	 9.538151285762782E-4 	 2.990716024688106E-5 	 8.284828921800365E-4 	 0.002236595907947044 	 9.538151285762782E-4 	 2.990716024688106E-5 	 8.284828921800365E-4 	 0.002236595907947044 	 9.538151285762782E-4 	 2.990716024688106E-5 	 8.284828921800365E-4 	 
-0.04800000000000004 	 0.002073424502061114 	 9.035381784392523E-4 	 3.0441246663545463E-5 	 7.166289572492725E-4 	 0.002073424502061114 	 9.035381784392523E-4 	 3.0441246663545463E-5 	 7.166289572492725E-4 	 0.002073424502061114 	 9.035381784392523E-4 	 3.0441246663545463E-5 	 7.166289572492725E-4 	 0.002073424502061114 	 9.035381784392523E-4 	 3.0441246663545463E-5 	 7.166289572492725E-4 	 
-0.02400000000000002 	 0.0019542476356432205 	 8.797287521049823E-4 	 4.980788731037212E-5 	 6.443492690256118E-4 	 0.0019542476356432205 	 8.797287521049823E-4 	 4.980788731037212E-5 	 6.443492690256118E-4 	 0.0019542476356432205 	 8.797287521049823E-4 	 4.980788731037212E-5 	 6.443492690256118E-4 	 0.0019542476356432205 	 8.797287521049823E-4 	 4.980788731037212E-5 	 6.443492690256118E-4 	 
0.0 	 0.0018480374869410236 	 8.532026493670345E-4 	 3.1664998009987213E-5 	 5.787452164235496E-4 	 0.0018480374869410236 	 8.532026493670345E-4 	 3.1664998009987213E-5 	 5.787452164235496E-4 	 0.0018480374869410236 	 8.532026493670345E-4 	 3.1664998009987213E-5 	 5.787452164235496E-4 	 0.0018480374869410236 	 8.532026493670345E-4 	 3.1664998009987213E-5 	 5.787452164235496E-4 	 
0.02400000000000002 	 0.0017428747168518259 	 8.137362225631757E-4 	 6.139230963084527E-5 	 5.118155296847175E-4 	 0.0017428747168518259 	 8.137362225631757E-4 	 6.139230963084527E-5 	 5.118155296847175E-4 	 0.0017428747168518259 	 8.137362225631757E-4 	 6.139230963084527E-5 	 5.118155296847175E-4 	 0.0017428747168518259 	 8.137362225631757E-4 	 6.139230963084527E-5 	 5.118155296847175E-4 	 
0.04800000000000004 	 0.001669249895103469 	 7.910826061659944E-4 	 7.283812445883902E-5 	 4.6740047807180695E-4 	 0.001669249895103469 	 7.910826061659944E-4 	 7.283812445883902E-5 	 4.6740047807180695E-4 	 0.001669249895103469 	 7.910826061659944E-4 	 7.283812445883902E-5 	 4.6740047807180695E-4 	 0.001669249895103469 	 7.910826061659944E-4 	 7.283812445883902E-5 	 4.6740047807180695E-4 	 
0.07200000000000006 	 0.0015791170787358242 	 7.732610372884767E-4 	 1.1472710025227609E-4 	 4.082580974041341E-4 	 0.0015791170787358242 	 7.732610372884767E-4 	 1.1472710025227609E-4 	 4.082580974041341E-4 	 0.0015791170787358242 	 7.732610372884767E-4 	 1.1472710025227609E-4 	 4.082580974041341E-4 	 0.0015791170787358242 	 7.732610372884767E-4 	 1.1472710025227609E-4 	 4.082580974041341E-4 	 
0.09600000000000009 	 0.0015400266332799778 	 7.651494894222635E-4 	 2.3439187298366992E-4 	 3.8009792890504417E-4 	 0.0015400266332799778 	 7.651494894222635E-4 	 2.3439187298366992E-4 	 3.8009792890504417E-4 	 0.0015400266332799778 	 7.651494894222635E-4 	 2.3439187298366992E-4 	 3.8009792890504417E-4 	 0.0015400266332799778 	 7.651494894222635E-4 	 2.3439187298366992E-4 	 3.8009792890504417E-4 	 
0.1200000000000001 	 0.0014779609514469368 	 7.698032666788623E-4 	 3.811255495443101E-4 	 3.441101871348274E-4 	 0.0014779609514469368 	 7.698032666788623E-4 	 3.811255495443101E-4 	 3.441101871348274E-4 	 0.0014779609514469368 	 7.698032666788623E-4 	 3.811255495443101E-4 	 3.441101871348274E-4 	 0.0014779609514469368 	 7.698032666788623E-4 	 3.811255495443101E-4 	 3.441101871348274E-4 	 
0.14400000000000013 	 0.0014477489870730153 	 7.809297108939927E-4 	 4.192167113537977E-4 	 3.1356944517089703E-4 	 0.0014477489870730153 	 7.809297108939927E-4 	 4.192167113537977E-4 	 3.1356944517089703E-4 	 0.0014477489870730153 	 7.809297108939927E-4 	 4.192167113537977E-4 	 3.1356944517089703E-4 	 0.0014477489870730153 	 7.809297108939927E-4 	 4.192167113537977E-4 	 3.1356944517089703E-4 	 
0.16800000000000015 	 0.0014180077197213478 	 7.72458188343678E-4 	 7.75890093272926E-4 	 2.890588143855813E-4 	 0.0014180077197213478 	 7.72458188343678E-4 	 7.75890093272926E-4 	 2.890588143855813E-4 	 0.0014180077197213478 	 7.72458188343678E-4 	 7.75890093272926E-4 	 2.890588143855813E-4 	 0.0014180077197213478 	 7.72458188343678E-4 	 7.75890093272926E-4 	 2.890588143855813E-4 	 
0.19200000000000017 	 0.001396775003647951 	 7.774334886390732E-4 	 0.001179726553735404 	 2.6605623230530637E-4 	 0.001396775003647951 	 7.774334886390732E-4 	 0.001179726553735404 	 2.6605623230530637E-4 	 0.001396775003647951 	 7.774334886390732E-4 	 0.001179726553735404 	 2.6605623230530637E-4 	 0.001396775003647951 	 7.774334886390732E-4 	 0.001179726553735404 	 2.6605623230530637E-4 	 
0.2160000000000002 	 0.0013917945719959346 	 7.968829866602041E-4 	 0.0020278780825773194 	 2.504946489421717E-4 	 0.0013917945719959346 	 7.968829866602041E-4 	 0.0020278780825773194 	 2.504946489421717E-4 	 0.0013917945719959346 	 7.968829866602041E-4 	 0.0020278780825773194 	 2.504946489421717E-4 	 0.0013917945719959346 	 7.968829866602041E-4 	 0.0020278780825773194 	 2.504946489421717E-4 	 
0.2400000000000002 	 0.0013984040124718992 	 8.14986478462195E-4 	 0.003494818934719319 	 2.3745161539568383E-4 	 0.0013984040124718992 	 8.14986478462195E-4 	 0.003494818934719319 	 2.3745161539568383E-4 	 0.0013984040124718992 	 8.14986478462195E-4 	 0.003494818934719319 	 2.3745161539568383E-4 	 0.0013984040124718992 	 8.14986478462195E-4 	 0.003494818934719319 	 2.3745161539568383E-4 	 
0.26400000000000023 	 0.0014170716969149327 	 8.390706687969519E-4 	 0.005114947012592823 	 2.2888137795491192E-4 	 0.0014170716969149327 	 8.390706687969519E-4 	 0.005114947012592823 	 2.2888137795491192E-4 	 0.0014170716969149327 	 8.390706687969519E-4 	 0.005114947012592823 	 2.2888137795491192E-4 	 0.0014170716969149327 	 8.390706687969519E-4 	 0.005114947012592823 	 2.2888137795491192E-4 	 
0.28800000000000026 	 0.0014464826682635348 	 8.765999635188289E-4 	 0.00716809961076264 	 2.1870074335675528E-4 	 0.0014464826682635348 	 8.765999635188289E-4 	 0.00716809961076264 	 2.1870074335675528E-4 	 0.0014464826682635348 	 8.765999635188289E-4 	 0.00716809961076264 	 2.1870074335675528E-4 	 0.0014464826682635348 	 8.765999635188289E-4 	 0.00716809961076264 	 2.1870074335675528E-4 	 
0.3120000000000003 	 0.0014976584889434092 	 9.217186861887067E-4 	 0.010788273347252818 	 2.202542772387792E-4 	 0.0014976584889434092 	 9.217186861887067E-4 	 0.010788273347252818 	 2.202542772387792E-4 	 0.0014976584889434092 	 9.217186861887067E-4 	 0.010788273347252818 	 2.202542772387792E-4 	 0.0014976584889434092 	 9.217186861887067E-4 	 0.010788273347252818 	 2.202542772387792E-4 	 
0.33599999999999985 	 0.0015499455730719125 	 9.698267106488124E-4 	 0.014966687889765407 	 2.183451881421876E-4 	 0.0015499455730719125 	 9.698267106488124E-4 	 0.014966687889765407 	 2.183451881421876E-4 	 0.0015499455730719125 	 9.698267106488124E-4 	 0.014966687889765407 	 2.183451881421876E-4 	 0.0015499455730719125 	 9.698267106488124E-4 	 0.014966687889765407 	 2.183451881421876E-4 	 
0.3599999999999999 	 0.001606503907299119 	 0.0010249735840455808 	 0.019682273791661205 	 2.1285119698258453E-4 	 0.001606503907299119 	 0.0010249735840455808 	 0.019682273791661205 	 2.1285119698258453E-4 	 0.001606503907299119 	 0.0010249735840455808 	 0.019682273791661205 	 2.1285119698258453E-4 	 0.001606503907299119 	 0.0010249735840455808 	 0.019682273791661205 	 2.1285119698258453E-4 	 
0.3839999999999999 	 0.0016698974004054094 	 0.0010893481564779842 	 0.024329659389226224 	 2.1398394939918595E-4 	 0.0016698974004054094 	 0.0010893481564779842 	 0.024329659389226224 	 2.1398394939918595E-4 	 0.0016698974004054094 	 0.0010893481564779842 	 0.024329659389226224 	 2.1398394939918595E-4 	 0.0016698974004054094 	 0.0010893481564779842 	 0.024329659389226224 	 2.1398394939918595E-4 	 
0.4079999999999999 	 0.0017430823380602824 	 0.0011582820965913973 	 0.03104943172043404 	 2.2312392571301732E-4 	 0.0017430823380602824 	 0.0011582820965913973 	 0.03104943172043404 	 2.2312392571301732E-4 	 0.0017430823380602824 	 0.0011582820965913973 	 0.03104943172043404 	 2.2312392571301732E-4 	 0.0017430823380602824 	 0.0011582820965913973 	 0.03104943172043404 	 2.2312392571301732E-4 	 
0.43199999999999994 	 0.0018049553038325895 	 0.001207837286778917 	 0.03769003774064011 	 2.25031396961824E-4 	 0.0018049553038325895 	 0.001207837286778917 	 0.03769003774064011 	 2.25031396961824E-4 	 0.0018049553038325895 	 0.001207837286778917 	 0.03769003774064011 	 2.25031396961824E-4 	 0.0018049553038325895 	 0.001207837286778917 	 0.03769003774064011 	 2.25031396961824E-4 	 
0.45599999999999996 	 0.0018349217716108928 	 0.0012315511810747923 	 0.04321884235985611 	 2.2467551481383962E-4 	 0.0018349217716108928 	 0.0012315511810747923 	 0.04321884235985611 	 2.2467551481383962E-4 	 0.0018349217716108928 	 0.0012315511810747923 	 0.04321884235985611 	 2.2467551481383962E-4 	 0.0018349217716108928 	 0.0012315511810747923 	 0.04321884235985611 	 2.2467551481383962E-4 	 
0.48 	 0.001855927498441194 	 0.001255810636159886 	 0.047934462386120466 	 2.2709785136837573E-4 	 0.001855927498441194 	 0.001255810636159886 	 0.047934462386120466 	 2.2709785136837573E-4 	 0.001855927498441194 	 0.001255810636159886 	 0.047934462386120466 	 2.2709785136837573E-4 	 0.001855927498441194 	 0.001255810636159886 	 0.047934462386120466 	 2.2709785136837573E-4 	 
0.504 	 0.0018494919729258874 	 0.001268538065682835 	 0.0529939608180902 	 2.231499295802627E-4 	 0.0018494919729258874 	 0.001268538065682835 	 0.0529939608180902 	 2.231499295802627E-4 	 0.0018494919729258874 	 0.001268538065682835 	 0.0529939608180902 	 2.231499295802627E-4 	 0.0018494919729258874 	 0.001268538065682835 	 0.0529939608180902 	 2.231499295802627E-4 	 
0.528 	 0.0018080627325033902 	 0.001243741428025667 	 0.055417194828511145 	 2.1794464466656343E-4 	 0.0018080627325033902 	 0.001243741428025667 	 0.055417194828511145 	 2.1794464466656343E-4 	 0.0018080627325033902 	 0.001243741428025667 	 0.055417194828511145 	 2.1794464466656343E-4 	 0.0018080627325033902 	 0.001243741428025667 	 0.055417194828511145 	 2.1794464466656343E-4 	 
0.552 	 0.0017433027258920181 	 0.0011976018141803865 	 0.056700664355860034 	 2.103644752930401E-4 	 0.0017433027258920181 	 0.0011976018141803865 	 0.056700664355860034 	 2.103644752930401E-4 	 0.0017433027258920181 	 0.0011976018141803865 	 0.056700664355860034 	 2.103644752930401E-4 	 0.0017433027258920181 	 0.0011976018141803865 	 0.056700664355860034 	 2.103644752930401E-4 	 
0.5760000000000001 	 0.0016572121405909073 	 0.0011429313536073535 	 0.05672888824817749 	 1.9871015877097632E-4 	 0.0016572121405909073 	 0.0011429313536073535 	 0.05672888824817749 	 1.9871015877097632E-4 	 0.0016572121405909073 	 0.0011429313536073535 	 0.05672888824817749 	 1.9871015877097632E-4 	 0.0016572121405909073 	 0.0011429313536073535 	 0.05672888824817749 	 1.9871015877097632E-4 	 
0.6000000000000001 	 0.0015546066266347478 	 0.0010649178725072959 	 0.05651863819757478 	 1.8974751495880158E-4 	 0.0015546066266347478 	 0.0010649178725072959 	 0.05651863819757478 	 1.8974751495880158E-4 	 0.0015546066266347478 	 0.0010649178725072959 	 0.05651863819757478 	 1.8974751495880158E-4 	 0.0015546066266347478 	 0.0010649178725072959 	 0.05651863819757478 	 1.8974751495880158E-4 	 
0.6240000000000001 	 0.0014159085085132148 	 9.709355174230367E-4 	 0.052286044961207326 	 1.7298537912226994E-4 	 0.0014159085085132148 	 9.709355174230367E-4 	 0.052286044961207326 	 1.7298537912226994E-4 	 0.0014159085085132148 	 9.709355174230367E-4 	 0.052286044961207326 	 1.7298537912226994E-4 	 0.0014159085085132148 	 9.709355174230367E-4 	 0.052286044961207326 	 1.7298537912226994E-4 	 
0.6480000000000001 	 0.0012804288279682414 	 8.78308284038807E-4 	 0.049315416614533855 	 1.5234919613476788E-4 	 0.0012804288279682414 	 8.78308284038807E-4 	 0.049315416614533855 	 1.5234919613476788E-4 	 0.0012804288279682414 	 8.78308284038807E-4 	 0.049315416614533855 	 1.5234919613476788E-4 	 0.0012804288279682414 	 8.78308284038807E-4 	 0.049315416614533855 	 1.5234919613476788E-4 	 
0.6720000000000002 	 0.0011378475220200253 	 7.785428469807216E-4 	 0.043883043347714173 	 1.3794731964704546E-4 	 0.0011378475220200253 	 7.785428469807216E-4 	 0.043883043347714173 	 1.3794731964704546E-4 	 0.0011378475220200253 	 7.785428469807216E-4 	 0.043883043347714173 	 1.3794731964704546E-4 	 0.0011378475220200253 	 7.785428469807216E-4 	 0.043883043347714173 	 1.3794731964704546E-4 	 
0.6960000000000002 	 0.0010131378723659283 	 6.9244322644526E-4 	 0.03938647963955303 	 1.2709165054699384E-4 	 0.0010131378723659283 	 6.9244322644526E-4 	 0.03938647963955303 	 1.2709165054699384E-4 	 0.0010131378723659283 	 6.9244322644526E-4 	 0.03938647963955303 	 1.2709165054699384E-4 	 0.0010131378723659283 	 6.9244322644526E-4 	 0.03938647963955303 	 1.2709165054699384E-4 	 
0.7200000000000002 	 8.940834748168437E-4 	 6.106543413621096E-4 	 0.03560592872848141 	 1.1136562547700781E-4 	 8.940834748168437E-4 	 6.106543413621096E-4 	 0.03560592872848141 	 1.1136562547700781E-4 	 8.940834748168437E-4 	 6.106543413621096E-4 	 0.03560592872848141 	 1.1136562547700781E-4 	 8.940834748168437E-4 	 6.106543413621096E-4 	 0.03560592872848141 	 1.1136562547700781E-4 	 
0.7440000000000002 	 7.732947783569277E-4 	 5.28119851876E-4 	 0.030463222540715214 	 9.565823979701608E-5 	 7.732947783569277E-4 	 5.28119851876E-4 	 0.030463222540715214 	 9.565823979701608E-5 	 7.732947783569277E-4 	 5.28119851876E-4 	 0.030463222540715214 	 9.565823979701608E-5 	 7.732947783569277E-4 	 5.28119851876E-4 	 0.030463222540715214 	 9.565823979701608E-5 	 
0.7680000000000002 	 6.782690385365442E-4 	 4.625123119255737E-4 	 0.026449691595380267 	 8.296566910233394E-5 	 6.782690385365442E-4 	 4.625123119255737E-4 	 0.026449691595380267 	 8.296566910233394E-5 	 6.782690385365442E-4 	 4.625123119255737E-4 	 0.026449691595380267 	 8.296566910233394E-5 	 6.782690385365442E-4 	 4.625123119255737E-4 	 0.026449691595380267 	 8.296566910233394E-5 	 
0.7920000000000003 	 5.954523640401312E-4 	 4.064786123986204E-4 	 0.02373189713248054 	 7.407728122298331E-5 	 5.954523640401312E-4 	 4.064786123986204E-4 	 0.02373189713248054 	 7.407728122298331E-5 	 5.954523640401312E-4 	 4.064786123986204E-4 	 0.02373189713248054 	 7.407728122298331E-5 	 5.954523640401312E-4 	 4.064786123986204E-4 	 0.02373189713248054 	 7.407728122298331E-5 	 
0.8160000000000003 	 5.193426917057556E-4 	 3.573725856315101E-4 	 0.02037743459858398 	 6.698517617272738E-5 	 5.193426917057556E-4 	 3.573725856315101E-4 	 0.02037743459858398 	 6.698517617272738E-5 	 5.193426917057556E-4 	 3.573725856315101E-4 	 0.02037743459858398 	 6.698517617272738E-5 	 5.193426917057556E-4 	 3.573725856315101E-4 	 0.02037743459858398 	 6.698517617272738E-5 	 
0.8399999999999999 	 4.501973883393023E-4 	 3.101244338353551E-4 	 0.017367921766817205 	 5.776723712831802E-5 	 4.501973883393023E-4 	 3.101244338353551E-4 	 0.017367921766817205 	 5.776723712831802E-5 	 4.501973883393023E-4 	 3.101244338353551E-4 	 0.017367921766817205 	 5.776723712831802E-5 	 4.501973883393023E-4 	 3.101244338353551E-4 	 0.017367921766817205 	 5.776723712831802E-5 	 
0.8639999999999999 	 3.9829586282530963E-4 	 2.720536039850247E-4 	 0.015317824151242542 	 5.051705215179302E-5 	 3.9829586282530963E-4 	 2.720536039850247E-4 	 0.015317824151242542 	 5.051705215179302E-5 	 3.9829586282530963E-4 	 2.720536039850247E-4 	 0.015317824151242542 	 5.051705215179302E-5 	 3.9829586282530963E-4 	 2.720536039850247E-4 	 0.015317824151242542 	 5.051705215179302E-5 	 
0.8879999999999999 	 3.5153183911374234E-4 	 2.4177130248138803E-4 	 0.013702118430632773 	 4.488789733154243E-5 	 3.5153183911374234E-4 	 2.4177130248138803E-4 	 0.013702118430632773 	 4.488789733154243E-5 	 3.5153183911374234E-4 	 2.4177130248138803E-4 	 0.013702118430632773 	 4.488789733154243E-5 	 3.5153183911374234E-4 	 2.4177130248138803E-4 	 0.013702118430632773 	 4.488789733154243E-5 	 
0.9119999999999999 	 3.1142458402813567E-4 	 2.14984841184803E-4 	 0.012191716603102207 	 4.159092884644323E-5 	 3.1142458402813567E-4 	 2.14984841184803E-4 	 0.012191716603102207 	 4.159092884644323E-5 	 3.1142458402813567E-4 	 2.14984841184803E-4 	 0.012191716603102207 	 4.159092884644323E-5 	 3.1142458402813567E-4 	 2.14984841184803E-4 	 0.012191716603102207 	 4.159092884644323E-5 	 
0.9359999999999999 	 2.7081461537484686E-4 	 1.8539869170960046E-4 	 0.01063061169131142 	 3.6215634410182656E-5 	 2.7081461537484686E-4 	 1.8539869170960046E-4 	 0.01063061169131142 	 3.6215634410182656E-5 	 2.7081461537484686E-4 	 1.8539869170960046E-4 	 0.01063061169131142 	 3.6215634410182656E-5 	 2.7081461537484686E-4 	 1.8539869170960046E-4 	 0.01063061169131142 	 3.6215634410182656E-5 	 
0.96 	 2.328482207849067E-4 	 1.5932349556739407E-4 	 0.008915040162757274 	 2.997244624402514E-5 	 2.328482207849067E-4 	 1.5932349556739407E-4 	 0.008915040162757274 	 2.997244624402514E-5 	 2.328482207849067E-4 	 1.5932349556739407E-4 	 0.008915040162757274 	 2.997244624402514E-5 	 2.328482207849067E-4 	 1.5932349556739407E-4 	 0.008915040162757274 	 2.997244624402514E-5 	 
0.984 	 2.0836372858599284E-4 	 1.403002125804251E-4 	 0.008199012194250293 	 2.832319377772118E-5 	 2.0836372858599284E-4 	 1.403002125804251E-4 	 0.008199012194250293 	 2.832319377772118E-5 	 2.0836372858599284E-4 	 1.403002125804251E-4 	 0.008199012194250293 	 2.832319377772118E-5 	 2.0836372858599284E-4 	 1.403002125804251E-4 	 0.008199012194250293 	 2.832319377772118E-5 	 
1.008 	 1.8187036513365497E-4 	 1.214829068604442E-4 	 0.006951047286473515 	 2.6020639524924342E-5 	 1.8187036513365497E-4 	 1.214829068604442E-4 	 0.006951047286473515 	 2.6020639524924342E-5 	 1.8187036513365497E-4 	 1.214829068604442E-4 	 0.006951047286473515 	 2.6020639524924342E-5 	 1.8187036513365497E-4 	 1.214829068604442E-4 	 0.006951047286473515 	 2.6020639524924342E-5 	 
1.032 	 1.582341049347257E-4 	 1.067525275889191E-4 	 0.006031175883611246 	 2.159547208214438E-5 	 1.582341049347257E-4 	 1.067525275889191E-4 	 0.006031175883611246 	 2.159547208214438E-5 	 1.582341049347257E-4 	 1.067525275889191E-4 	 0.006031175883611246 	 2.159547208214438E-5 	 1.582341049347257E-4 	 1.067525275889191E-4 	 0.006031175883611246 	 2.159547208214438E-5 	 
1.056 	 1.4110387083491412E-4 	 9.419355485867619E-5 	 0.0057143685295634765 	 1.8700053185181676E-5 	 1.4110387083491412E-4 	 9.419355485867619E-5 	 0.0057143685295634765 	 1.8700053185181676E-5 	 1.4110387083491412E-4 	 9.419355485867619E-5 	 0.0057143685295634765 	 1.8700053185181676E-5 	 1.4110387083491412E-4 	 9.419355485867619E-5 	 0.0057143685295634765 	 1.8700053185181676E-5 	 
1.08 	 1.1816719258582791E-4 	 7.885450003262058E-5 	 0.004745109712915662 	 1.583219223077692E-5 	 1.1816719258582791E-4 	 7.885450003262058E-5 	 0.004745109712915662 	 1.583219223077692E-5 	 1.1816719258582791E-4 	 7.885450003262058E-5 	 0.004745109712915662 	 1.583219223077692E-5 	 1.1816719258582791E-4 	 7.885450003262058E-5 	 0.004745109712915662 	 1.583219223077692E-5 	 
1.104 	 1.0268605799517188E-4 	 7.291647782418029E-5 	 0.003814579282915615 	 1.524006675431997E-5 	 1.0268605799517188E-4 	 7.291647782418029E-5 	 0.003814579282915615 	 1.524006675431997E-5 	 1.0268605799517188E-4 	 7.291647782418029E-5 	 0.003814579282915615 	 1.524006675431997E-5 	 1.0268605799517188E-4 	 7.291647782418029E-5 	 0.003814579282915615 	 1.524006675431997E-5 	 
1.1280000000000001 	 8.925432084258074E-5 	 6.357691282043262E-5 	 0.003406102471340384 	 1.325604632307371E-5 	 8.925432084258074E-5 	 6.357691282043262E-5 	 0.003406102471340384 	 1.325604632307371E-5 	 8.925432084258074E-5 	 6.357691282043262E-5 	 0.003406102471340384 	 1.325604632307371E-5 	 8.925432084258074E-5 	 6.357691282043262E-5 	 0.003406102471340384 	 1.325604632307371E-5 	 
1.1520000000000001 	 7.748881407157015E-5 	 5.434652224792041E-5 	 0.002639362234086379 	 1.0826233514638962E-5 	 7.748881407157015E-5 	 5.434652224792041E-5 	 0.002639362234086379 	 1.0826233514638962E-5 	 7.748881407157015E-5 	 5.434652224792041E-5 	 0.002639362234086379 	 1.0826233514638962E-5 	 7.748881407157015E-5 	 5.434652224792041E-5 	 0.002639362234086379 	 1.0826233514638962E-5 	 
1.1760000000000002 	 7.115659798636234E-5 	 4.86079051501916E-5 	 0.0027765206451887594 	 9.787109732065842E-6 	 7.115659798636234E-5 	 4.86079051501916E-5 	 0.0027765206451887594 	 9.787109732065842E-6 	 7.115659798636234E-5 	 4.86079051501916E-5 	 0.0027765206451887594 	 9.787109732065842E-6 	 7.115659798636234E-5 	 4.86079051501916E-5 	 0.0027765206451887594 	 9.787109732065842E-6 	 
1.2000000000000002 	 6.227453720867408E-5 	 4.1651285510103615E-5 	 0.0024293144414371127 	 9.563869132955177E-6 	 6.227453720867408E-5 	 4.1651285510103615E-5 	 0.0024293144414371127 	 9.563869132955177E-6 	 6.227453720867408E-5 	 4.1651285510103615E-5 	 0.0024293144414371127 	 9.563869132955177E-6 	 6.227453720867408E-5 	 4.1651285510103615E-5 	 0.0024293144414371127 	 9.563869132955177E-6 	 
1.2240000000000002 	 5.265351618457681E-5 	 3.447423955526141E-5 	 0.001856292506107991 	 8.86561645881357E-6 	 5.265351618457681E-5 	 3.447423955526141E-5 	 0.001856292506107991 	 8.86561645881357E-6 	 5.265351618457681E-5 	 3.447423955526141E-5 	 0.001856292506107991 	 8.86561645881357E-6 	 5.265351618457681E-5 	 3.447423955526141E-5 	 0.001856292506107991 	 8.86561645881357E-6 	 
1.2480000000000002 	 4.5925815169161906E-5 	 3.058576490593626E-5 	 0.0015398139177858425 	 7.067459792404151E-6 	 4.5925815169161906E-5 	 3.058576490593626E-5 	 0.0015398139177858425 	 7.067459792404151E-6 	 4.5925815169161906E-5 	 3.058576490593626E-5 	 0.0015398139177858425 	 7.067459792404151E-6 	 4.5925815169161906E-5 	 3.058576490593626E-5 	 0.0015398139177858425 	 7.067459792404151E-6 	 
1.2720000000000002 	 4.198709302297656E-5 	 2.996602420290825E-5 	 0.001589552689598647 	 6.2905486453522305E-6 	 4.198709302297656E-5 	 2.996602420290825E-5 	 0.001589552689598647 	 6.2905486453522305E-6 	 4.198709302297656E-5 	 2.996602420290825E-5 	 0.001589552689598647 	 6.2905486453522305E-6 	 4.198709302297656E-5 	 2.996602420290825E-5 	 0.001589552689598647 	 6.2905486453522305E-6 	 
1.2960000000000003 	 3.701533502320272E-5 	 2.625844279298846E-5 	 0.0011653604250487246 	 6.982875420113245E-6 	 3.701533502320272E-5 	 2.625844279298846E-5 	 0.0011653604250487246 	 6.982875420113245E-6 	 3.701533502320272E-5 	 2.625844279298846E-5 	 0.0011653604250487246 	 6.982875420113245E-6 	 3.701533502320272E-5 	 2.625844279298846E-5 	 0.0011653604250487246 	 6.982875420113245E-6 	 
1.3200000000000003 	 3.430559966011527E-5 	 2.3925758774585053E-5 	 0.001090946390761498 	 5.639487022909135E-6 	 3.430559966011527E-5 	 2.3925758774585053E-5 	 0.001090946390761498 	 5.639487022909135E-6 	 3.430559966011527E-5 	 2.3925758774585053E-5 	 0.001090946390761498 	 5.639487022909135E-6 	 3.430559966011527E-5 	 2.3925758774585053E-5 	 0.001090946390761498 	 5.639487022909135E-6 	 
1.3440000000000003 	 3.191208224566379E-5 	 2.1754507945048705E-5 	 0.0012416818025630652 	 5.002280185062569E-6 	 3.191208224566379E-5 	 2.1754507945048705E-5 	 0.0012416818025630652 	 5.002280185062569E-6 	 3.191208224566379E-5 	 2.1754507945048705E-5 	 0.0012416818025630652 	 5.002280185062569E-6 	 3.191208224566379E-5 	 2.1754507945048705E-5 	 0.0012416818025630652 	 5.002280185062569E-6 	 
1.3680000000000003 	 2.6888605854795834E-5 	 1.816427848761467E-5 	 0.0010909064358736195 	 3.68855527008092E-6 	 2.6888605854795834E-5 	 1.816427848761467E-5 	 0.0010909064358736195 	 3.68855527008092E-6 	 2.6888605854795834E-5 	 1.816427848761467E-5 	 0.0010909064358736195 	 3.68855527008092E-6 	 2.6888605854795834E-5 	 1.816427848761467E-5 	 0.0010909064358736195 	 3.68855527008092E-6 	 
1.3920000000000003 	 2.3520529136456885E-5 	 1.530880962748221E-5 	 7.357364387728121E-4 	 4.563069887577533E-6 	 2.3520529136456885E-5 	 1.530880962748221E-5 	 7.357364387728121E-4 	 4.563069887577533E-6 	 2.3520529136456885E-5 	 1.530880962748221E-5 	 7.357364387728121E-4 	 4.563069887577533E-6 	 2.3520529136456885E-5 	 1.530880962748221E-5 	 7.357364387728121E-4 	 4.563069887577533E-6 	 
1.4160000000000004 	 2.1519239047099273E-5 	 1.4204272707816564E-5 	 7.641681114186908E-4 	 3.756827209495444E-6 	 2.1519239047099273E-5 	 1.4204272707816564E-5 	 7.641681114186908E-4 	 3.756827209495444E-6 	 2.1519239047099273E-5 	 1.4204272707816564E-5 	 7.641681114186908E-4 	 3.756827209495444E-6 	 2.1519239047099273E-5 	 1.4204272707816564E-5 	 7.641681114186908E-4 	 3.756827209495444E-6 	 
1.4400000000000004 	 1.912254471836301E-5 	 1.2080693944191702E-5 	 7.493414430406065E-4 	 3.4553293968169913E-6 	 1.912254471836301E-5 	 1.2080693944191702E-5 	 7.493414430406065E-4 	 3.4553293968169913E-6 	 1.912254471836301E-5 	 1.2080693944191702E-5 	 7.493414430406065E-4 	 3.4553293968169913E-6 	 1.912254471836301E-5 	 1.2080693944191702E-5 	 7.493414430406065E-4 	 3.4553293968169913E-6 	 
1.4640000000000004 	 1.6068153549887746E-5 	 1.017442035919766E-5 	 4.710265529805914E-4 	 3.402880162701276E-6 	 1.6068153549887746E-5 	 1.017442035919766E-5 	 4.710265529805914E-4 	 3.402880162701276E-6 	 1.6068153549887746E-5 	 1.017442035919766E-5 	 4.710265529805914E-4 	 3.402880162701276E-6 	 1.6068153549887746E-5 	 1.017442035919766E-5 	 4.710265529805914E-4 	 3.402880162701276E-6 	 
1.4880000000000004 	 1.4641957614169274E-5 	 9.863309374443456E-6 	 4.90874270811632E-4 	 2.1100695339261067E-6 	 1.4641957614169274E-5 	 9.863309374443456E-6 	 4.90874270811632E-4 	 2.1100695339261067E-6 	 1.4641957614169274E-5 	 9.863309374443456E-6 	 4.90874270811632E-4 	 2.1100695339261067E-6 	 1.4641957614169274E-5 	 9.863309374443456E-6 	 4.90874270811632E-4 	 2.1100695339261067E-6 	 
1.5120000000000005 	 1.3902396051385576E-5 	 8.992032716282572E-6 	 5.263173482278993E-4 	 2.4103004571642514E-6 	 1.3902396051385576E-5 	 8.992032716282572E-6 	 5.263173482278993E-4 	 2.4103004571642514E-6 	 1.3902396051385576E-5 	 8.992032716282572E-6 	 5.263173482278993E-4 	 2.4103004571642514E-6 	 1.3902396051385576E-5 	 8.992032716282572E-6 	 5.263173482278993E-4 	 2.4103004571642514E-6 	 
1.5360000000000005 	 1.219162468198608E-5 	 8.526990491749564E-6 	 3.678369351302324E-4 	 1.490224241825585E-6 	 1.219162468198608E-5 	 8.526990491749564E-6 	 3.678369351302324E-4 	 1.490224241825585E-6 	 1.219162468198608E-5 	 8.526990491749564E-6 	 3.678369351302324E-4 	 1.490224241825585E-6 	 1.219162468198608E-5 	 8.526990491749564E-6 	 3.678369351302324E-4 	 1.490224241825585E-6 	 
1.5600000000000005 	 1.2165879904183006E-5 	 7.864092807848832E-6 	 6.396859476938817E-4 	 1.7623520252357072E-6 	 1.2165879904183006E-5 	 7.864092807848832E-6 	 6.396859476938817E-4 	 1.7623520252357072E-6 	 1.2165879904183006E-5 	 7.864092807848832E-6 	 6.396859476938817E-4 	 1.7623520252357072E-6 	 1.2165879904183006E-5 	 7.864092807848832E-6 	 6.396859476938817E-4 	 1.7623520252357072E-6 	 
1.5840000000000005 	 8.543895008632957E-6 	 5.606444480037844E-6 	 2.751801863404527E-4 	 1.541457811117652E-6 	 8.543895008632957E-6 	 5.606444480037844E-6 	 2.751801863404527E-4 	 1.541457811117652E-6 	 8.543895008632957E-6 	 5.606444480037844E-6 	 2.751801863404527E-4 	 1.541457811117652E-6 	 8.543895008632957E-6 	 5.606444480037844E-6 	 2.751801863404527E-4 	 1.541457811117652E-6 	 
1.6080000000000005 	 8.100635139135747E-6 	 5.407369413093312E-6 	 3.124645778913213E-4 	 1.34434596636074E-6 	 8.100635139135747E-6 	 5.407369413093312E-6 	 3.124645778913213E-4 	 1.34434596636074E-6 	 8.100635139135747E-6 	 5.407369413093312E-6 	 3.124645778913213E-4 	 1.34434596636074E-6 	 8.100635139135747E-6 	 5.407369413093312E-6 	 3.124645778913213E-4 	 1.34434596636074E-6 	 
1.6319999999999997 	 6.684624022967278E-6 	 6.937405447994571E-6 	 2.535475996136075E-4 	 1.2185482465784106E-6 	 6.684624022967278E-6 	 6.937405447994571E-6 	 2.535475996136075E-4 	 1.2185482465784106E-6 	 6.684624022967278E-6 	 6.937405447994571E-6 	 2.535475996136075E-4 	 1.2185482465784106E-6 	 6.684624022967278E-6 	 6.937405447994571E-6 	 2.535475996136075E-4 	 1.2185482465784106E-6 	 
1.6559999999999997 	 5.830497945747379E-6 	 6.264191361415071E-6 	 1.8595568127434156E-4 	 9.701438329062092E-7 	 5.830497945747379E-6 	 6.264191361415071E-6 	 1.8595568127434156E-4 	 9.701438329062092E-7 	 5.830497945747379E-6 	 6.264191361415071E-6 	 1.8595568127434156E-4 	 9.701438329062092E-7 	 5.830497945747379E-6 	 6.264191361415071E-6 	 1.8595568127434156E-4 	 9.701438329062092E-7 	 
1.6799999999999997 	 5.733702031819932E-6 	 4.99869376700963E-6 	 1.67232771719466E-4 	 1.176047637049253E-6 	 5.733702031819932E-6 	 4.99869376700963E-6 	 1.67232771719466E-4 	 1.176047637049253E-6 	 5.733702031819932E-6 	 4.99869376700963E-6 	 1.67232771719466E-4 	 1.176047637049253E-6 	 5.733702031819932E-6 	 4.99869376700963E-6 	 1.67232771719466E-4 	 1.176047637049253E-6 	 
1.7039999999999997 	 5.7030852740211185E-6 	 4.318238594959332E-6 	 1.961543206157596E-4 	 1.2478536226179824E-6 	 5.7030852740211185E-6 	 4.318238594959332E-6 	 1.961543206157596E-4 	 1.2478536226179824E-6 	 5.7030852740211185E-6 	 4.318238594959332E-6 	 1.961543206157596E-4 	 1.2478536226179824E-6 	 5.7030852740211185E-6 	 4.318238594959332E-6 	 1.961543206157596E-4 	 1.2478536226179824E-6 	 
1.7279999999999998 	 5.215843546579047E-6 	 3.7523608959519773E-6 	 2.046457058409899E-4 	 1.2701945658563044E-6 	 5.215843546579047E-6 	 3.7523608959519773E-6 	 2.046457058409899E-4 	 1.2701945658563044E-6 	 5.215843546579047E-6 	 3.7523608959519773E-6 	 2.046457058409899E-4 	 1.2701945658563044E-6 	 5.215843546579047E-6 	 3.7523608959519773E-6 	 2.046457058409899E-4 	 1.2701945658563044E-6 	 
1.7519999999999998 	 4.30881574145985E-6 	 2.7000784974043384E-6 	 1.4560817877607303E-4 	 1.4805508208453232E-6 	 4.30881574145985E-6 	 2.7000784974043384E-6 	 1.4560817877607303E-4 	 1.4805508208453232E-6 	 4.30881574145985E-6 	 2.7000784974043384E-6 	 1.4560817877607303E-4 	 1.4805508208453232E-6 	 4.30881574145985E-6 	 2.7000784974043384E-6 	 1.4560817877607303E-4 	 1.4805508208453232E-6 	 
1.7759999999999998 	 3.4598102383526596E-6 	 2.2703307752262125E-6 	 7.029252025591852E-5 	 9.636966325231113E-7 	 3.4598102383526596E-6 	 2.2703307752262125E-6 	 7.029252025591852E-5 	 9.636966325231113E-7 	 3.4598102383526596E-6 	 2.2703307752262125E-6 	 7.029252025591852E-5 	 9.636966325231113E-7 	 3.4598102383526596E-6 	 2.2703307752262125E-6 	 7.029252025591852E-5 	 9.636966325231113E-7 	 
1.7999999999999998 	 3.7739058605948976E-6 	 2.338774420241994E-6 	 1.556892549621694E-4 	 9.866515995297866E-7 	 3.7739058605948976E-6 	 2.338774420241994E-6 	 1.556892549621694E-4 	 9.866515995297866E-7 	 3.7739058605948976E-6 	 2.338774420241994E-6 	 1.556892549621694E-4 	 9.866515995297866E-7 	 3.7739058605948976E-6 	 2.338774420241994E-6 	 1.556892549621694E-4 	 9.866515995297866E-7 	 
1.8239999999999998 	 3.6460071958670588E-6 	 1.9679256710720184E-6 	 9.816784383186109E-5 	 1.6087659090526012E-6 	 3.6460071958670588E-6 	 1.9679256710720184E-6 	 9.816784383186109E-5 	 1.6087659090526012E-6 	 3.6460071958670588E-6 	 1.9679256710720184E-6 	 9.816784383186109E-5 	 1.6087659090526012E-6 	 3.6460071958670588E-6 	 1.9679256710720184E-6 	 9.816784383186109E-5 	 1.6087659090526012E-6 	 
1.8479999999999999 	 2.716861336083613E-6 	 1.5975258627787864E-6 	 1.0720759274759666E-4 	 8.6830455816686E-7 	 2.716861336083613E-6 	 1.5975258627787864E-6 	 1.0720759274759666E-4 	 8.6830455816686E-7 	 2.716861336083613E-6 	 1.5975258627787864E-6 	 1.0720759274759666E-4 	 8.6830455816686E-7 	 2.716861336083613E-6 	 1.5975258627787864E-6 	 1.0720759274759666E-4 	 8.6830455816686E-7 	 
1.8719999999999999 	 2.1711020717501542E-6 	 1.188534371827709E-6 	 7.768141211318862E-5 	 7.966628164387719E-7 	 2.1711020717501542E-6 	 1.188534371827709E-6 	 7.768141211318862E-5 	 7.966628164387719E-7 	 2.1711020717501542E-6 	 1.188534371827709E-6 	 7.768141211318862E-5 	 7.966628164387719E-7 	 2.1711020717501542E-6 	 1.188534371827709E-6 	 7.768141211318862E-5 	 7.966628164387719E-7 	 
1.896 	 1.3651675622281082E-6 	 9.409239377100693E-7 	 3.942924693743494E-5 	 1.4592936407305744E-7 	 1.3651675622281082E-6 	 9.409239377100693E-7 	 3.942924693743494E-5 	 1.4592936407305744E-7 	 1.3651675622281082E-6 	 9.409239377100693E-7 	 3.942924693743494E-5 	 1.4592936407305744E-7 	 1.3651675622281082E-6 	 9.409239377100693E-7 	 3.942924693743494E-5 	 1.4592936407305744E-7 	 
1.92 	 1.8565538684262025E-6 	 1.049571280932103E-6 	 4.935787038068294E-5 	 7.209336092033578E-7 	 1.8565538684262025E-6 	 1.049571280932103E-6 	 4.935787038068294E-5 	 7.209336092033578E-7 	 1.8565538684262025E-6 	 1.049571280932103E-6 	 4.935787038068294E-5 	 7.209336092033578E-7 	 1.8565538684262025E-6 	 1.049571280932103E-6 	 4.935787038068294E-5 	 7.209336092033578E-7 	 
1.944 	 1.751158290937726E-6 	 9.700547024122232E-7 	 6.8194478787395E-5 	 6.498014517320736E-7 	 1.751158290937726E-6 	 9.700547024122232E-7 	 6.8194478787395E-5 	 6.498014517320736E-7 	 1.751158290937726E-6 	 9.700547024122232E-7 	 6.8194478787395E-5 	 6.498014517320736E-7 	 1.751158290937726E-6 	 9.700547024122232E-7 	 6.8194478787395E-5 	 6.498014517320736E-7 	 
1.968 	 1.2916937663195774E-6 	 6.459857302889679E-7 	 4.828578306593145E-5 	 5.315774325161541E-7 	 1.2916937663195774E-6 	 6.459857302889679E-7 	 4.828578306593145E-5 	 5.315774325161541E-7 	 1.2916937663195774E-6 	 6.459857302889679E-7 	 4.828578306593145E-5 	 5.315774325161541E-7 	 1.2916937663195774E-6 	 6.459857302889679E-7 	 4.828578306593145E-5 	 5.315774325161541E-7 	 
1.992 	 9.787519560612443E-7 	 5.342744905689888E-7 	 1.0371742666605652E-5 	 3.9102085697464926E-7 	 9.787519560612443E-7 	 5.342744905689888E-7 	 1.0371742666605652E-5 	 3.9102085697464926E-7 	 9.787519560612443E-7 	 5.342744905689888E-7 	 1.0371742666605652E-5 	 3.9102085697464926E-7 	 9.787519560612443E-7 	 5.342744905689888E-7 	 1.0371742666605652E-5 	 3.9102085697464926E-7 	 
2.016 	 8.751059079495837E-7 	 6.102422419649142E-7 	 3.901865558691499E-5 	 8.973594874136092E-8 	 8.751059079495837E-7 	 6.102422419649142E-7 	 3.901865558691499E-5 	 8.973594874136092E-8 	 8.751059079495837E-7 	 6.102422419649142E-7 	 3.901865558691499E-5 	 8.973594874136092E-8 	 8.751059079495837E-7 	 6.102422419649142E-7 	 3.901865558691499E-5 	 8.973594874136092E-8 	 
2.04 	 9.49922302334177E-7 	 5.265247013545553E-7 	 2.9399674510906534E-5 	 3.142214953374569E-7 	 9.49922302334177E-7 	 5.265247013545553E-7 	 2.9399674510906534E-5 	 3.142214953374569E-7 	 9.49922302334177E-7 	 5.265247013545553E-7 	 2.9399674510906534E-5 	 3.142214953374569E-7 	 9.49922302334177E-7 	 5.265247013545553E-7 	 2.9399674510906534E-5 	 3.142214953374569E-7 	 
2.064 	 7.865229036751506E-7 	 4.5578060664342867E-7 	 2.9221675858981445E-5 	 2.0620481713572103E-7 	 7.865229036751506E-7 	 4.5578060664342867E-7 	 2.9221675858981445E-5 	 2.0620481713572103E-7 	 7.865229036751506E-7 	 4.5578060664342867E-7 	 2.9221675858981445E-5 	 2.0620481713572103E-7 	 7.865229036751506E-7 	 4.5578060664342867E-7 	 2.9221675858981445E-5 	 2.0620481713572103E-7 	 
2.088 	 5.386522370032793E-7 	 3.9346160400596986E-7 	 1.9786047057984855E-5 	 5.64342772022193E-8 	 5.386522370032793E-7 	 3.9346160400596986E-7 	 1.9786047057984855E-5 	 5.64342772022193E-8 	 5.386522370032793E-7 	 3.9346160400596986E-7 	 1.9786047057984855E-5 	 5.64342772022193E-8 	 5.386522370032793E-7 	 3.9346160400596986E-7 	 1.9786047057984855E-5 	 5.64342772022193E-8 	 
2.112 	 6.445244815803315E-7 	 3.700684741692288E-7 	 2.904088936725547E-5 	 1.6628239931755532E-7 	 6.445244815803315E-7 	 3.700684741692288E-7 	 2.904088936725547E-5 	 1.6628239931755532E-7 	 6.445244815803315E-7 	 3.700684741692288E-7 	 2.904088936725547E-5 	 1.6628239931755532E-7 	 6.445244815803315E-7 	 3.700684741692288E-7 	 2.904088936725547E-5 	 1.6628239931755532E-7 	 
2.136 	 4.908944424688165E-7 	 3.288564136865519E-7 	 1.0327457301630233E-5 	 8.846417130992858E-8 	 4.908944424688165E-7 	 3.288564136865519E-7 	 1.0327457301630233E-5 	 8.846417130992858E-8 	 4.908944424688165E-7 	 3.288564136865519E-7 	 1.0327457301630233E-5 	 8.846417130992858E-8 	 4.908944424688165E-7 	 3.288564136865519E-7 	 1.0327457301630233E-5 	 8.846417130992858E-8 	 
2.16 	 4.481142508725872E-7 	 2.806618885257315E-7 	 3.844655946494225E-5 	 4.6168662191790454E-8 	 4.481142508725872E-7 	 2.806618885257315E-7 	 3.844655946494225E-5 	 4.6168662191790454E-8 	 4.481142508725872E-7 	 2.806618885257315E-7 	 3.844655946494225E-5 	 4.6168662191790454E-8 	 4.481142508725872E-7 	 2.806618885257315E-7 	 3.844655946494225E-5 	 4.6168662191790454E-8 	 
2.184 	 1.5246294531050493E-7 	 7.415377652253654E-8 	 1.817288977296945E-8 	 4.8880922201772983E-8 	 1.5246294531050493E-7 	 7.415377652253654E-8 	 1.817288977296945E-8 	 4.8880922201772983E-8 	 1.5246294531050493E-7 	 7.415377652253654E-8 	 1.817288977296945E-8 	 4.8880922201772983E-8 	 1.5246294531050493E-7 	 7.415377652253654E-8 	 1.817288977296945E-8 	 4.8880922201772983E-8 	 
2.208 	 1.690691081986638E-7 	 1.3749779072244095E-7 	 3.6189414107681377E-7 	 1.7053011874093986E-8 	 1.690691081986638E-7 	 1.3749779072244095E-7 	 3.6189414107681377E-7 	 1.7053011874093986E-8 	 1.690691081986638E-7 	 1.3749779072244095E-7 	 3.6189414107681377E-7 	 1.7053011874093986E-8 	 1.690691081986638E-7 	 1.3749779072244095E-7 	 3.6189414107681377E-7 	 1.7053011874093986E-8 	 
2.232 	 2.694020348382256E-7 	 1.5330471835476987E-7 	 1.922306861077801E-5 	 4.769030953829328E-8 	 2.694020348382256E-7 	 1.5330471835476987E-7 	 1.922306861077801E-5 	 4.769030953829328E-8 	 2.694020348382256E-7 	 1.5330471835476987E-7 	 1.922306861077801E-5 	 4.769030953829328E-8 	 2.694020348382256E-7 	 1.5330471835476987E-7 	 1.922306861077801E-5 	 4.769030953829328E-8 	 
2.2560000000000002 	 8.25169069023826E-8 	 4.542523934325944E-8 	 1.039712760440507E-8 	 1.6089665122755644E-8 	 8.25169069023826E-8 	 4.542523934325944E-8 	 1.039712760440507E-8 	 1.6089665122755644E-8 	 8.25169069023826E-8 	 4.542523934325944E-8 	 1.039712760440507E-8 	 1.6089665122755644E-8 	 8.25169069023826E-8 	 4.542523934325944E-8 	 1.039712760440507E-8 	 1.6089665122755644E-8 	 
2.2800000000000002 	 9.249867277157565E-8 	 7.427126277780722E-8 	 1.8375755542767077E-7 	 8.635205685968651E-9 	 9.249867277157565E-8 	 7.427126277780722E-8 	 1.8375755542767077E-7 	 8.635205685968651E-9 	 9.249867277157565E-8 	 7.427126277780722E-8 	 1.8375755542767077E-7 	 8.635205685968651E-9 	 9.249867277157565E-8 	 7.427126277780722E-8 	 1.8375755542767077E-7 	 8.635205685968651E-9 	 
2.3040000000000003 	 1.4646757551140118E-7 	 8.739763660921983E-8 	 9.617598427026509E-6 	 1.7136690615397713E-8 	 1.4646757551140118E-7 	 8.739763660921983E-8 	 9.617598427026509E-6 	 1.7136690615397713E-8 	 1.4646757551140118E-7 	 8.739763660921983E-8 	 9.617598427026509E-6 	 1.7136690615397713E-8 	 1.4646757551140118E-7 	 8.739763660921983E-8 	 9.617598427026509E-6 	 1.7136690615397713E-8 	 
2.3280000000000003 	 7.918741340791578E-8 	 6.65350044923795E-8 	 1.802322786415676E-7 	 8.394926401659632E-9 	 7.918741340791578E-8 	 6.65350044923795E-8 	 1.802322786415676E-7 	 8.394926401659632E-9 	 7.918741340791578E-8 	 6.65350044923795E-8 	 1.802322786415676E-7 	 8.394926401659632E-9 	 7.918741340791578E-8 	 6.65350044923795E-8 	 1.802322786415676E-7 	 8.394926401659632E-9 	 
2.3520000000000003 	 1.1705514037622857E-7 	 6.856279887900587E-8 	 9.609212433509381E-6 	 1.4050964553204583E-8 	 1.1705514037622857E-7 	 6.856279887900587E-8 	 9.609212433509381E-6 	 1.4050964553204583E-8 	 1.1705514037622857E-7 	 6.856279887900587E-8 	 9.609212433509381E-6 	 1.4050964553204583E-8 	 1.1705514037622857E-7 	 6.856279887900587E-8 	 9.609212433509381E-6 	 1.4050964553204583E-8 	 
2.3760000000000003 	 1.477183265449617E-8 	 9.821853992478495E-9 	 1.5511748804818083E-9 	 1.079146370405933E-9 	 1.477183265449617E-8 	 9.821853992478495E-9 	 1.5511748804818083E-9 	 1.079146370405933E-9 	 1.477183265449617E-8 	 9.821853992478495E-9 	 1.5511748804818083E-9 	 1.079146370405933E-9 	 1.477183265449617E-8 	 9.821853992478495E-9 	 1.5511748804818083E-9 	 1.079146370405933E-9 	 
2.4000000000000004 	 2.2983478783104997E-8 	 1.476230741378861E-8 	 4.8126410867211095E-9 	 2.761259113464439E-9 	 2.2983478783104997E-8 	 1.476230741378861E-8 	 4.8126410867211095E-9 	 2.761259113464439E-9 	 2.2983478783104997E-8 	 1.476230741378861E-8 	 4.8126410867211095E-9 	 2.761259113464439E-9 	 2.2983478783104997E-8 	 1.476230741378861E-8 	 4.8126410867211095E-9 	 2.761259113464439E-9 	 
2.4240000000000004 	 2.9578794274775324E-8 	 2.1775731367652943E-8 	 8.568881975240462E-9 	 3.2374391112177988E-9 	 2.9578794274775324E-8 	 2.1775731367652943E-8 	 8.568881975240462E-9 	 3.2374391112177988E-9 	 2.9578794274775324E-8 	 2.1775731367652943E-8 	 8.568881975240462E-9 	 3.2374391112177988E-9 	 2.9578794274775324E-8 	 2.1775731367652943E-8 	 8.568881975240462E-9 	 3.2374391112177988E-9 	 
2.4480000000000004 	 6.273523857331323E-8 	 5.493944531733818E-8 	 1.7870620525727534E-7 	 6.474878222435598E-9 	 6.273523857331323E-8 	 5.493944531733818E-8 	 1.7870620525727534E-7 	 6.474878222435598E-9 	 6.273523857331323E-8 	 5.493944531733818E-8 	 1.7870620525727534E-7 	 6.474878222435598E-9 	 6.273523857331323E-8 	 5.493944531733818E-8 	 1.7870620525727534E-7 	 6.474878222435598E-9 	 
2.4720000000000004 	 9.240810806021491E-8 	 5.682917833478905E-8 	 9.608737745383628E-6 	 9.712317333653396E-9 	 9.240810806021491E-8 	 5.682917833478905E-8 	 9.608737745383628E-6 	 9.712317333653396E-9 	 9.240810806021491E-8 	 5.682917833478905E-8 	 9.608737745383628E-6 	 9.712317333653396E-9 	 9.240810806021491E-8 	 5.682917833478905E-8 	 9.608737745383628E-6 	 9.712317333653396E-9 	 
2.4960000000000004 	 0.0 	 0.0 	 0.0 	 0.0 	 0.0 	 0.0 	 0.0 	 0.0 	 0.0 	 0.0 	 0.0 	 0.0 	 0.0 	 0.0 	 0.0 	 0.0 	 
2.5200000000000005 	 0.0 	 0.0 	 0.0 	 0.0 	 0.0 	 0.0 	 0.0 	 0.0 	 0.0 	 0.0 	 0.0 	 0.0 	 0.0 	 0.0 	 0.0 	 0.0 	 
2.5440000000000005 	 0.0 	 0.0 	 0.0 	 0.0 	 0.0 	 0.0 	 0.0 	 0.0 	 0.0 	 0.0 	 0.0 	 0.0 	 0.0 	 0.0 	 0.0 	 0.0 	 
2.5680000000000005 	 0.0 	 0.0 	 0.0 	 0.0 	 0.0 	 0.0 	 0.0 	 0.0 	 0.0 	 0.0 	 0.0 	 0.0 	 0.0 	 0.0 	 0.0 	 0.0 	 
2.5920000000000005 	 0.0 	 0.0 	 0.0 	 0.0 	 0.0 	 0.0 	 0.0 	 0.0 	 0.0 	 0.0 	 0.0 	 0.0 	 0.0 	 0.0 	 0.0 	 0.0 	 
2.6160000000000005 	 0.0 	 0.0 	 0.0 	 0.0 	 0.0 	 0.0 	 0.0 	 0.0 	 0.0 	 0.0 	 0.0 	 0.0 	 0.0 	 0.0 	 0.0 	 0.0 	 
2.6399999999999997 	 0.0 	 0.0 	 0.0 	 0.0 	 0.0 	 0.0 	 0.0 	 0.0 	 0.0 	 0.0 	 0.0 	 0.0 	 0.0 	 0.0 	 0.0 	 0.0 	 
2.6639999999999997 	 0.0 	 0.0 	 0.0 	 0.0 	 0.0 	 0.0 	 0.0 	 0.0 	 0.0 	 0.0 	 0.0 	 0.0 	 0.0 	 0.0 	 0.0 	 0.0 	 
2.6879999999999997 	 0.0 	 0.0 	 0.0 	 0.0 	 0.0 	 0.0 	 0.0 	 0.0 	 0.0 	 0.0 	 0.0 	 0.0 	 0.0 	 0.0 	 0.0 	 0.0 	 
2.7119999999999997 	 0.0 	 0.0 	 0.0 	 0.0 	 0.0 	 0.0 	 0.0 	 0.0 	 0.0 	 0.0 	 0.0 	 0.0 	 0.0 	 0.0 	 0.0 	 0.0 	 
2.7359999999999998 	 0.0 	 0.0 	 0.0 	 0.0 	 0.0 	 0.0 	 0.0 	 0.0 	 0.0 	 0.0 	 0.0 	 0.0 	 0.0 	 0.0 	 0.0 	 0.0 	 
2.76 	 0.0 	 0.0 	 0.0 	 0.0 	 0.0 	 0.0 	 0.0 	 0.0 	 0.0 	 0.0 	 0.0 	 0.0 	 0.0 	 0.0 	 0.0 	 0.0 	 
2.784 	 0.0 	 0.0 	 0.0 	 0.0 	 0.0 	 0.0 	 0.0 	 0.0 	 0.0 	 0.0 	 0.0 	 0.0 	 0.0 	 0.0 	 0.0 	 0.0 	 
2.808 	 0.0 	 0.0 	 0.0 	 0.0 	 0.0 	 0.0 	 0.0 	 0.0 	 0.0 	 0.0 	 0.0 	 0.0 	 0.0 	 0.0 	 0.0 	 0.0 	 
2.832 	 0.0 	 0.0 	 0.0 	 0.0 	 0.0 	 0.0 	 0.0 	 0.0 	 0.0 	 0.0 	 0.0 	 0.0 	 0.0 	 0.0 	 0.0 	 0.0 	 
2.856 	 0.0 	 0.0 	 0.0 	 0.0 	 0.0 	 0.0 	 0.0 	 0.0 	 0.0 	 0.0 	 0.0 	 0.0 	 0.0 	 0.0 	 0.0 	 0.0 	 
2.88 	 0.0 	 0.0 	 0.0 	 0.0 	 0.0 	 0.0 	 0.0 	 0.0 	 0.0 	 0.0 	 0.0 	 0.0 	 0.0 	 0.0 	 0.0 	 0.0 	 
2.904 	 0.0 	 0.0 	 0.0 	 0.0 	 0.0 	 0.0 	 0.0 	 0.0 	 0.0 	 0.0 	 0.0 	 0.0 	 0.0 	 0.0 	 0.0 	 0.0 	 
2.928 	 0.0 	 0.0 	 0.0 	 0.0 	 0.0 	 0.0 	 0.0 	 0.0 	 0.0 	 0.0 	 0.0 	 0.0 	 0.0 	 0.0 	 0.0 	 0.0 	 
2.952 	 0.0 	 0.0 	 0.0 	 0.0 	 0.0 	 0.0 	 0.0 	 0.0 	 0.0 	 0.0 	 0.0 	 0.0 	 0.0 	 0.0 	 0.0 	 0.0 	 
2.976 	 0.0 	 0.0 	 0.0 	 0.0 	 0.0 	 0.0 	 0.0 	 0.0 	 0.0 	 0.0 	 0.0 	 0.0 	 0.0 	 0.0 	 0.0 	 0.0 	 
