-3.0 	 0.0 	 0.0 	 0.0 	 0.0 	 0.0 	 0.0 	 0.0 	 0.0 	 0.0 	 0.0 	 0.0 	 0.0 	 0.0 	 0.0 	 0.0 	 0.0 	 
-2.976 	 2.8641976343322836E-4 	 4.2943809183452233E-4 	 1.1765375862009137E-6 	 3.0650207052300654E-4 	 2.8641976343322836E-4 	 4.2943809183452233E-4 	 1.1765375862009137E-6 	 3.0650207052300654E-4 	 2.8641976343322836E-4 	 4.2943809183452233E-4 	 1.1765375862009137E-6 	 3.0650207052300654E-4 	 2.8641976343322836E-4 	 4.2943809183452233E-4 	 1.1765375862009137E-6 	 3.0650207052300654E-4 	 
-2.952 	 2.9065080539987563E-4 	 4.0904473259084406E-4 	 1.127783321908921E-6 	 3.115912387273005E-4 	 2.9065080539987563E-4 	 4.0904473259084406E-4 	 1.127783321908921E-6 	 3.115912387273005E-4 	 2.9065080539987563E-4 	 4.0904473259084406E-4 	 1.127783321908921E-6 	 3.115912387273005E-4 	 2.9065080539987563E-4 	 4.0904473259084406E-4 	 1.127783321908921E-6 	 3.115912387273005E-4 	 
-2.928 	 3.129406721695616E-4 	 4.6124835887425994E-4 	 1.50505744129401E-6 	 3.402074485671172E-4 	 3.129406721695616E-4 	 4.6124835887425994E-4 	 1.50505744129401E-6 	 3.402074485671172E-4 	 3.129406721695616E-4 	 4.6124835887425994E-4 	 1.50505744129401E-6 	 3.402074485671172E-4 	 3.129406721695616E-4 	 4.6124835887425994E-4 	 1.50505744129401E-6 	 3.402074485671172E-4 	 
-2.904 	 3.4384851588836236E-4 	 5.764202464751371E-4 	 1.1343973288925875E-5 	 3.7280690714508577E-4 	 3.4384851588836236E-4 	 5.764202464751371E-4 	 1.1343973288925875E-5 	 3.7280690714508577E-4 	 3.4384851588836236E-4 	 5.764202464751371E-4 	 1.1343973288925875E-5 	 3.7280690714508577E-4 	 3.4384851588836236E-4 	 5.764202464751371E-4 	 1.1343973288925875E-5 	 3.7280690714508577E-4 	 
-2.88 	 3.7218914513698293E-4 	 6.266697228179198E-4 	 1.8253792249797695E-6 	 4.0088525279282755E-4 	 3.7218914513698293E-4 	 6.266697228179198E-4 	 1.8253792249797695E-6 	 4.0088525279282755E-4 	 3.7218914513698293E-4 	 6.266697228179198E-4 	 1.8253792249797695E-6 	 4.0088525279282755E-4 	 3.7218914513698293E-4 	 6.266697228179198E-4 	 1.8253792249797695E-6 	 4.0088525279282755E-4 	 
-2.856 	 3.998562524098442E-4 	 6.394929017918983E-4 	 1.827326174998236E-6 	 4.297730831120363E-4 	 3.998562524098442E-4 	 6.394929017918983E-4 	 1.827326174998236E-6 	 4.297730831120363E-4 	 3.998562524098442E-4 	 6.394929017918983E-4 	 1.827326174998236E-6 	 4.297730831120363E-4 	 3.998562524098442E-4 	 6.394929017918983E-4 	 1.827326174998236E-6 	 4.297730831120363E-4 	 
-2.832 	 4.3790687074395595E-4 	 6.49995115718375E-4 	 1.8458706692954108E-6 	 4.7190723596194663E-4 	 4.3790687074395595E-4 	 6.49995115718375E-4 	 1.8458706692954108E-6 	 4.7190723596194663E-4 	 4.3790687074395595E-4 	 6.49995115718375E-4 	 1.8458706692954108E-6 	 4.7190723596194663E-4 	 4.3790687074395595E-4 	 6.49995115718375E-4 	 1.8458706692954108E-6 	 4.7190723596194663E-4 	 
-2.808 	 4.603712948963807E-4 	 6.60833291442483E-4 	 2.048493454987346E-6 	 4.985004719362025E-4 	 4.603712948963807E-4 	 6.60833291442483E-4 	 2.048493454987346E-6 	 4.985004719362025E-4 	 4.603712948963807E-4 	 6.60833291442483E-4 	 2.048493454987346E-6 	 4.985004719362025E-4 	 4.603712948963807E-4 	 6.60833291442483E-4 	 2.048493454987346E-6 	 4.985004719362025E-4 	 
-2.784 	 4.7379748416729385E-4 	 6.893495903137948E-4 	 1.1935572942287894E-5 	 5.158176801036195E-4 	 4.7379748416729385E-4 	 6.893495903137948E-4 	 1.1935572942287894E-5 	 5.158176801036195E-4 	 4.7379748416729385E-4 	 6.893495903137948E-4 	 1.1935572942287894E-5 	 5.158176801036195E-4 	 4.7379748416729385E-4 	 6.893495903137948E-4 	 1.1935572942287894E-5 	 5.158176801036195E-4 	 
-2.76 	 4.965370779398834E-4 	 7.60051320438309E-4 	 2.1792072123530036E-5 	 5.394282112296973E-4 	 4.965370779398834E-4 	 7.60051320438309E-4 	 2.1792072123530036E-5 	 5.394282112296973E-4 	 4.965370779398834E-4 	 7.60051320438309E-4 	 2.1792072123530036E-5 	 5.394282112296973E-4 	 4.965370779398834E-4 	 7.60051320438309E-4 	 2.1792072123530036E-5 	 5.394282112296973E-4 	 
-2.7359999999999998 	 5.434350414335288E-4 	 7.631937069396988E-4 	 2.138012362137209E-5 	 5.919217993539147E-4 	 5.434350414335288E-4 	 7.631937069396988E-4 	 2.138012362137209E-5 	 5.919217993539147E-4 	 5.434350414335288E-4 	 7.631937069396988E-4 	 2.138012362137209E-5 	 5.919217993539147E-4 	 5.434350414335288E-4 	 7.631937069396988E-4 	 2.138012362137209E-5 	 5.919217993539147E-4 	 
-2.7119999999999997 	 5.896420264392291E-4 	 8.071346234659543E-4 	 2.6836377587936173E-6 	 6.466265899517817E-4 	 5.896420264392291E-4 	 8.071346234659543E-4 	 2.6836377587936173E-6 	 6.466265899517817E-4 	 5.896420264392291E-4 	 8.071346234659543E-4 	 2.6836377587936173E-6 	 6.466265899517817E-4 	 5.896420264392291E-4 	 8.071346234659543E-4 	 2.6836377587936173E-6 	 6.466265899517817E-4 	 
-2.688 	 6.16265943494162E-4 	 8.904641728411213E-4 	 2.2163227702820416E-5 	 6.74190911262062E-4 	 6.16265943494162E-4 	 8.904641728411213E-4 	 2.2163227702820416E-5 	 6.74190911262062E-4 	 6.16265943494162E-4 	 8.904641728411213E-4 	 2.2163227702820416E-5 	 6.74190911262062E-4 	 6.16265943494162E-4 	 8.904641728411213E-4 	 2.2163227702820416E-5 	 6.74190911262062E-4 	 
-2.664 	 6.38834509984041E-4 	 9.192292727925064E-4 	 2.1838329988762657E-5 	 6.953595094244113E-4 	 6.38834509984041E-4 	 9.192292727925064E-4 	 2.1838329988762657E-5 	 6.953595094244113E-4 	 6.38834509984041E-4 	 9.192292727925064E-4 	 2.1838329988762657E-5 	 6.953595094244113E-4 	 6.38834509984041E-4 	 9.192292727925064E-4 	 2.1838329988762657E-5 	 6.953595094244113E-4 	 
-2.64 	 6.552440460864757E-4 	 9.441782490717143E-4 	 3.0519872201835634E-6 	 7.149882320073974E-4 	 6.552440460864757E-4 	 9.441782490717143E-4 	 3.0519872201835634E-6 	 7.149882320073974E-4 	 6.552440460864757E-4 	 9.441782490717143E-4 	 3.0519872201835634E-6 	 7.149882320073974E-4 	 6.552440460864757E-4 	 9.441782490717143E-4 	 3.0519872201835634E-6 	 7.149882320073974E-4 	 
-2.616 	 7.129671401654876E-4 	 0.0011232646914345658 	 2.2914650422369343E-5 	 7.751028948558127E-4 	 7.129671401654876E-4 	 0.0011232646914345658 	 2.2914650422369343E-5 	 7.751028948558127E-4 	 7.129671401654876E-4 	 0.0011232646914345658 	 2.2914650422369343E-5 	 7.751028948558127E-4 	 7.129671401654876E-4 	 0.0011232646914345658 	 2.2914650422369343E-5 	 7.751028948558127E-4 	 
-2.592 	 7.693531044055473E-4 	 0.0011586810135207877 	 2.248180660028433E-5 	 8.359496377646269E-4 	 7.693531044055473E-4 	 0.0011586810135207877 	 2.248180660028433E-5 	 8.359496377646269E-4 	 7.693531044055473E-4 	 0.0011586810135207877 	 2.248180660028433E-5 	 8.359496377646269E-4 	 7.693531044055473E-4 	 0.0011586810135207877 	 2.248180660028433E-5 	 8.359496377646269E-4 	 
-2.568 	 8.298634692744646E-4 	 0.001272926002185477 	 3.719276971108054E-6 	 9.023374095331112E-4 	 8.298634692744646E-4 	 0.001272926002185477 	 3.719276971108054E-6 	 9.023374095331112E-4 	 8.298634692744646E-4 	 0.001272926002185477 	 3.719276971108054E-6 	 9.023374095331112E-4 	 8.298634692744646E-4 	 0.001272926002185477 	 3.719276971108054E-6 	 9.023374095331112E-4 	 
-2.544 	 8.662851984352806E-4 	 0.0013886281507865944 	 4.031326871302606E-6 	 9.366842754202859E-4 	 8.662851984352806E-4 	 0.0013886281507865944 	 4.031326871302606E-6 	 9.366842754202859E-4 	 8.662851984352806E-4 	 0.0013886281507865944 	 4.031326871302606E-6 	 9.366842754202859E-4 	 8.662851984352806E-4 	 0.0013886281507865944 	 4.031326871302606E-6 	 9.366842754202859E-4 	 
-2.52 	 9.313216291613062E-4 	 0.0014006701247475726 	 4.281089181694815E-6 	 0.0010054384322444934 	 9.313216291613062E-4 	 0.0014006701247475726 	 4.281089181694815E-6 	 0.0010054384322444934 	 9.313216291613062E-4 	 0.0014006701247475726 	 4.281089181694815E-6 	 0.0010054384322444934 	 9.313216291613062E-4 	 0.0014006701247475726 	 4.281089181694815E-6 	 0.0010054384322444934 	 
-2.496 	 9.992867270555157E-4 	 0.0014734570542987535 	 2.3615655380416346E-5 	 0.001083889748210168 	 9.992867270555157E-4 	 0.0014734570542987535 	 2.3615655380416346E-5 	 0.001083889748210168 	 9.992867270555157E-4 	 0.0014734570542987535 	 2.3615655380416346E-5 	 0.001083889748210168 	 9.992867270555157E-4 	 0.0014734570542987535 	 2.3615655380416346E-5 	 0.001083889748210168 	 
-2.472 	 0.0010478010072899893 	 0.0015344265103362504 	 1.3956753654955414E-5 	 0.0011384813212018611 	 0.0010478010072899893 	 0.0015344265103362504 	 1.3956753654955414E-5 	 0.0011384813212018611 	 0.0010478010072899893 	 0.0015344265103362504 	 1.3956753654955414E-5 	 0.0011384813212018611 	 0.0010478010072899893 	 0.0015344265103362504 	 1.3956753654955414E-5 	 0.0011384813212018611 	 
-2.448 	 0.0011252134699396253 	 0.0017017494408460183 	 5.131776490235969E-6 	 0.0012236061709956856 	 0.0011252134699396253 	 0.0017017494408460183 	 5.131776490235969E-6 	 0.0012236061709956856 	 0.0011252134699396253 	 0.0017017494408460183 	 5.131776490235969E-6 	 0.0012236061709956856 	 0.0011252134699396253 	 0.0017017494408460183 	 5.131776490235969E-6 	 0.0012236061709956856 	 
-2.424 	 0.0012194182690666185 	 0.0018465741989358378 	 1.4968549361755293E-5 	 0.0013257613491424014 	 0.0012194182690666185 	 0.0018465741989358378 	 1.4968549361755293E-5 	 0.0013257613491424014 	 0.0012194182690666185 	 0.0018465741989358378 	 1.4968549361755293E-5 	 0.0013257613491424014 	 0.0012194182690666185 	 0.0018465741989358378 	 1.4968549361755293E-5 	 0.0013257613491424014 	 
-2.4 	 0.001263397732498402 	 0.001918881283913102 	 6.020132469216112E-6 	 0.001369864255495834 	 0.001263397732498402 	 0.001918881283913102 	 6.020132469216112E-6 	 0.001369864255495834 	 0.001263397732498402 	 0.001918881283913102 	 6.020132469216112E-6 	 0.001369864255495834 	 0.001263397732498402 	 0.001918881283913102 	 6.020132469216112E-6 	 0.001369864255495834 	 
-2.376 	 0.0013897729237783265 	 0.0021466867381659985 	 3.5309920407611506E-5 	 0.001509078340838007 	 0.0013897729237783265 	 0.0021466867381659985 	 3.5309920407611506E-5 	 0.001509078340838007 	 0.0013897729237783265 	 0.0021466867381659985 	 3.5309920407611506E-5 	 0.001509078340838007 	 0.0013897729237783265 	 0.0021466867381659985 	 3.5309920407611506E-5 	 0.001509078340838007 	 
-2.352 	 0.0014535567666436099 	 0.0022493691154446527 	 1.6561865362775147E-5 	 0.0015724038792613126 	 0.0014535567666436099 	 0.0022493691154446527 	 1.6561865362775147E-5 	 0.0015724038792613126 	 0.0014535567666436099 	 0.0022493691154446527 	 1.6561865362775147E-5 	 0.0015724038792613126 	 0.0014535567666436099 	 0.0022493691154446527 	 1.6561865362775147E-5 	 0.0015724038792613126 	 
-2.328 	 0.0015610812227135511 	 0.0022944995214108166 	 3.585800516484524E-5 	 0.0016955062170823708 	 0.0015610812227135511 	 0.0022944995214108166 	 3.585800516484524E-5 	 0.0016955062170823708 	 0.0015610812227135511 	 0.0022944995214108166 	 3.585800516484524E-5 	 0.0016955062170823708 	 0.0015610812227135511 	 0.0022944995214108166 	 3.585800516484524E-5 	 0.0016955062170823708 	 
-2.304 	 0.001654189026865134 	 0.0025671076786708087 	 3.6533246180973214E-5 	 0.0017993364616285445 	 0.001654189026865134 	 0.0025671076786708087 	 3.6533246180973214E-5 	 0.0017993364616285445 	 0.001654189026865134 	 0.0025671076786708087 	 3.6533246180973214E-5 	 0.0017993364616285445 	 0.001654189026865134 	 0.0025671076786708087 	 3.6533246180973214E-5 	 0.0017993364616285445 	 
-2.2800000000000002 	 0.0017785125145070074 	 0.002832142945433112 	 1.853028987184315E-5 	 0.0019281985271167098 	 0.0017785125145070074 	 0.002832142945433112 	 1.853028987184315E-5 	 0.0019281985271167098 	 0.0017785125145070074 	 0.002832142945433112 	 1.853028987184315E-5 	 0.0019281985271167098 	 0.0017785125145070074 	 0.002832142945433112 	 1.853028987184315E-5 	 0.0019281985271167098 	 
-2.2560000000000002 	 0.0019571436257231583 	 0.0030217753774652184 	 4.7678345649804575E-5 	 0.002122746306222209 	 0.0019571436257231583 	 0.0030217753774652184 	 4.7678345649804575E-5 	 0.002122746306222209 	 0.0019571436257231583 	 0.0030217753774652184 	 4.7678345649804575E-5 	 0.002122746306222209 	 0.0019571436257231583 	 0.0030217753774652184 	 4.7678345649804575E-5 	 0.002122746306222209 	 
-2.232 	 0.002032873598268196 	 0.0032091833944023398 	 3.842272069480581E-5 	 0.0022052608993242215 	 0.002032873598268196 	 0.0032091833944023398 	 3.842272069480581E-5 	 0.0022052608993242215 	 0.002032873598268196 	 0.0032091833944023398 	 3.842272069480581E-5 	 0.0022052608993242215 	 0.002032873598268196 	 0.0032091833944023398 	 3.842272069480581E-5 	 0.0022052608993242215 	 
-2.208 	 0.0022151487634861178 	 0.0034620916752337873 	 2.9567019982577147E-5 	 0.0023979187013332274 	 0.0022151487634861178 	 0.0034620916752337873 	 2.9567019982577147E-5 	 0.0023979187013332274 	 0.0022151487634861178 	 0.0034620916752337873 	 2.9567019982577147E-5 	 0.0023979187013332274 	 0.0022151487634861178 	 0.0034620916752337873 	 2.9567019982577147E-5 	 0.0023979187013332274 	 
-2.184 	 0.0023928384360396055 	 0.0037219697411617902 	 3.1002765776291986E-5 	 0.0025942908345230544 	 0.0023928384360396055 	 0.0037219697411617902 	 3.1002765776291986E-5 	 0.0025942908345230544 	 0.0023928384360396055 	 0.0037219697411617902 	 3.1002765776291986E-5 	 0.0025942908345230544 	 0.0023928384360396055 	 0.0037219697411617902 	 3.1002765776291986E-5 	 0.0025942908345230544 	 
-2.16 	 0.002525179071738892 	 0.0039718666608248515 	 6.962284017465786E-5 	 0.002741827037654332 	 0.002525179071738892 	 0.0039718666608248515 	 6.962284017465786E-5 	 0.002741827037654332 	 0.002525179071738892 	 0.0039718666608248515 	 6.962284017465786E-5 	 0.002741827037654332 	 0.002525179071738892 	 0.0039718666608248515 	 6.962284017465786E-5 	 0.002741827037654332 	 
-2.136 	 0.0027402841627129806 	 0.004344768186314309 	 4.266998415620047E-5 	 0.002970663616803398 	 0.0027402841627129806 	 0.004344768186314309 	 4.266998415620047E-5 	 0.002970663616803398 	 0.0027402841627129806 	 0.004344768186314309 	 4.266998415620047E-5 	 0.002970663616803398 	 0.0027402841627129806 	 0.004344768186314309 	 4.266998415620047E-5 	 0.002970663616803398 	 
-2.112 	 0.002946443726500548 	 0.004672568652112694 	 8.140687031181938E-5 	 0.003193195080975183 	 0.002946443726500548 	 0.004672568652112694 	 8.140687031181938E-5 	 0.003193195080975183 	 0.002946443726500548 	 0.004672568652112694 	 8.140687031181938E-5 	 0.003193195080975183 	 0.002946443726500548 	 0.004672568652112694 	 8.140687031181938E-5 	 0.003193195080975183 	 
-2.088 	 0.0031895090139496983 	 0.005006359811317637 	 5.337826192402639E-5 	 0.0034620629382962425 	 0.0031895090139496983 	 0.005006359811317637 	 5.337826192402639E-5 	 0.0034620629382962425 	 0.0031895090139496983 	 0.005006359811317637 	 5.337826192402639E-5 	 0.0034620629382962425 	 0.0031895090139496983 	 0.005006359811317637 	 5.337826192402639E-5 	 0.0034620629382962425 	 
-2.064 	 0.003421928869210965 	 0.005336697618964884 	 4.538600392298003E-5 	 0.0037131452374701314 	 0.003421928869210965 	 0.005336697618964884 	 4.538600392298003E-5 	 0.0037131452374701314 	 0.003421928869210965 	 0.005336697618964884 	 4.538600392298003E-5 	 0.0037131452374701314 	 0.003421928869210965 	 0.005336697618964884 	 4.538600392298003E-5 	 0.0037131452374701314 	 
-2.04 	 0.003628959677555879 	 0.005622173316164894 	 8.383860777449294E-5 	 0.003942346835031006 	 0.003628959677555879 	 0.005622173316164894 	 8.383860777449294E-5 	 0.003942346835031006 	 0.003628959677555879 	 0.005622173316164894 	 8.383860777449294E-5 	 0.003942346835031006 	 0.003628959677555879 	 0.005622173316164894 	 8.383860777449294E-5 	 0.003942346835031006 	 
-2.016 	 0.003955071076120034 	 0.0062955391596947255 	 4.87708434436236E-5 	 0.004294468446341995 	 0.003955071076120034 	 0.0062955391596947255 	 4.87708434436236E-5 	 0.004294468446341995 	 0.003955071076120034 	 0.0062955391596947255 	 4.87708434436236E-5 	 0.004294468446341995 	 0.003955071076120034 	 0.0062955391596947255 	 4.87708434436236E-5 	 0.004294468446341995 	 
-1.992 	 0.004224366950189281 	 0.00669236948480662 	 1.0629078546433726E-4 	 0.004590383719480766 	 0.004224366950189281 	 0.00669236948480662 	 1.0629078546433726E-4 	 0.004590383719480766 	 0.004224366950189281 	 0.00669236948480662 	 1.0629078546433726E-4 	 0.004590383719480766 	 0.004224366950189281 	 0.00669236948480662 	 1.0629078546433726E-4 	 0.004590383719480766 	 
-1.968 	 0.004577591671560822 	 0.007352002704315453 	 6.046832105956071E-5 	 0.004969802508535648 	 0.004577591671560822 	 0.007352002704315453 	 6.046832105956071E-5 	 0.004969802508535648 	 0.004577591671560822 	 0.007352002704315453 	 6.046832105956071E-5 	 0.004969802508535648 	 0.004577591671560822 	 0.007352002704315453 	 6.046832105956071E-5 	 0.004969802508535648 	 
-1.944 	 0.004959913887164226 	 0.008007192773757017 	 6.241996469815533E-5 	 0.005378432694882088 	 0.004959913887164226 	 0.008007192773757017 	 6.241996469815533E-5 	 0.005378432694882088 	 0.004959913887164226 	 0.008007192773757017 	 6.241996469815533E-5 	 0.005378432694882088 	 0.004959913887164226 	 0.008007192773757017 	 6.241996469815533E-5 	 0.005378432694882088 	 
-1.92 	 0.005304084183393069 	 0.008455386774023695 	 7.319119399327278E-5 	 0.005746834084279423 	 0.005304084183393069 	 0.008455386774023695 	 7.319119399327278E-5 	 0.005746834084279423 	 0.005304084183393069 	 0.008455386774023695 	 7.319119399327278E-5 	 0.005746834084279423 	 0.005304084183393069 	 0.008455386774023695 	 7.319119399327278E-5 	 0.005746834084279423 	 
-1.896 	 0.005763247588099494 	 0.009070987288859593 	 8.457164823281436E-5 	 0.006257600254155323 	 0.005763247588099494 	 0.009070987288859593 	 8.457164823281436E-5 	 0.006257600254155323 	 0.005763247588099494 	 0.009070987288859593 	 8.457164823281436E-5 	 0.006257600254155323 	 0.005763247588099494 	 0.009070987288859593 	 8.457164823281436E-5 	 0.006257600254155323 	 
-1.8719999999999999 	 0.006152842535278001 	 0.009756189883387917 	 7.721602023838568E-5 	 0.006675922060436981 	 0.006152842535278001 	 0.009756189883387917 	 7.721602023838568E-5 	 0.006675922060436981 	 0.006152842535278001 	 0.009756189883387917 	 7.721602023838568E-5 	 0.006675922060436981 	 0.006152842535278001 	 0.009756189883387917 	 7.721602023838568E-5 	 0.006675922060436981 	 
-1.8479999999999999 	 0.006658926852312832 	 0.010634822875486907 	 9.860717957873277E-5 	 0.0072328244592272835 	 0.006658926852312832 	 0.010634822875486907 	 9.860717957873277E-5 	 0.0072328244592272835 	 0.006658926852312832 	 0.010634822875486907 	 9.860717957873277E-5 	 0.0072328244592272835 	 0.006658926852312832 	 0.010634822875486907 	 9.860717957873277E-5 	 0.0072328244592272835 	 
-1.824 	 0.007245672257013038 	 0.011553244274908182 	 7.292342091448883E-5 	 0.007872993778641762 	 0.007245672257013038 	 0.011553244274908182 	 7.292342091448883E-5 	 0.007872993778641762 	 0.007245672257013038 	 0.011553244274908182 	 7.292342091448883E-5 	 0.007872993778641762 	 0.007245672257013038 	 0.011553244274908182 	 7.292342091448883E-5 	 0.007872993778641762 	 
-1.8 	 0.007734935395660195 	 0.012486023576340516 	 1.043870757770783E-4 	 0.008386703638714745 	 0.007734935395660195 	 0.012486023576340516 	 1.043870757770783E-4 	 0.008386703638714745 	 0.007734935395660195 	 0.012486023576340516 	 1.043870757770783E-4 	 0.008386703638714745 	 0.007734935395660195 	 0.012486023576340516 	 1.043870757770783E-4 	 0.008386703638714745 	 
-1.776 	 0.008457105821264743 	 0.013457098625188856 	 1.0659291144878855E-4 	 0.009179823963422607 	 0.008457105821264743 	 0.013457098625188856 	 1.0659291144878855E-4 	 0.009179823963422607 	 0.008457105821264743 	 0.013457098625188856 	 1.0659291144878855E-4 	 0.009179823963422607 	 0.008457105821264743 	 0.013457098625188856 	 1.0659291144878855E-4 	 0.009179823963422607 	 
-1.752 	 0.009036501629232363 	 0.014544142402111132 	 8.196268275372866E-5 	 0.009799081536268 	 0.009036501629232363 	 0.014544142402111132 	 8.196268275372866E-5 	 0.009799081536268 	 0.009036501629232363 	 0.014544142402111132 	 8.196268275372866E-5 	 0.009799081536268 	 0.009036501629232363 	 0.014544142402111132 	 8.196268275372866E-5 	 0.009799081536268 	 
-1.728 	 0.00982359365745044 	 0.015824498045359448 	 1.4317840973177947E-4 	 0.010659571145730304 	 0.00982359365745044 	 0.015824498045359448 	 1.4317840973177947E-4 	 0.010659571145730304 	 0.00982359365745044 	 0.015824498045359448 	 1.4317840973177947E-4 	 0.010659571145730304 	 0.00982359365745044 	 0.015824498045359448 	 1.4317840973177947E-4 	 0.010659571145730304 	 
-1.704 	 0.010556599591349629 	 0.016861885505726173 	 1.358241897052567E-4 	 0.011447008726140143 	 0.010556599591349629 	 0.016861885505726173 	 1.358241897052567E-4 	 0.011447008726140143 	 0.010556599591349629 	 0.016861885505726173 	 1.358241897052567E-4 	 0.011447008726140143 	 0.010556599591349629 	 0.016861885505726173 	 1.358241897052567E-4 	 0.011447008726140143 	 
-1.68 	 0.011393399273311827 	 0.018084507203489135 	 1.1992297773641918E-4 	 0.012363740777579318 	 0.011393399273311827 	 0.018084507203489135 	 1.1992297773641918E-4 	 0.012363740777579318 	 0.011393399273311827 	 0.018084507203489135 	 1.1992297773641918E-4 	 0.012363740777579318 	 0.011393399273311827 	 0.018084507203489135 	 1.1992297773641918E-4 	 0.012363740777579318 	 
-1.656 	 0.012357437557649039 	 0.019340585136429157 	 1.0453153681616237E-4 	 0.013424271253307946 	 0.012357437557649039 	 0.019340585136429157 	 1.0453153681616237E-4 	 0.013424271253307946 	 0.012357437557649039 	 0.019340585136429157 	 1.0453153681616237E-4 	 0.013424271253307946 	 0.012357437557649039 	 0.019340585136429157 	 1.0453153681616237E-4 	 0.013424271253307946 	 
-1.632 	 0.013252111540413634 	 0.020871335768923235 	 1.2921603612260326E-4 	 0.014399489098099624 	 0.013252111540413634 	 0.020871335768923235 	 1.2921603612260326E-4 	 0.014399489098099624 	 0.013252111540413634 	 0.020871335768923235 	 1.2921603612260326E-4 	 0.014399489098099624 	 0.013252111540413634 	 0.020871335768923235 	 1.2921603612260326E-4 	 0.014399489098099624 	 
-1.6079999999999999 	 0.014315167023902753 	 0.0223165969325521 	 1.8069661916272632E-4 	 0.015560856934971641 	 0.014315167023902753 	 0.0223165969325521 	 1.8069661916272632E-4 	 0.015560856934971641 	 0.014315167023902753 	 0.0223165969325521 	 1.8069661916272632E-4 	 0.015560856934971641 	 0.014315167023902753 	 0.0223165969325521 	 1.8069661916272632E-4 	 0.015560856934971641 	 
-1.584 	 0.015281142992049633 	 0.023675726787960857 	 1.5645280364647704E-4 	 0.016598142429586533 	 0.015281142992049633 	 0.023675726787960857 	 1.5645280364647704E-4 	 0.016598142429586533 	 0.015281142992049633 	 0.023675726787960857 	 1.5645280364647704E-4 	 0.016598142429586533 	 0.015281142992049633 	 0.023675726787960857 	 1.5645280364647704E-4 	 0.016598142429586533 	 
-1.56 	 0.01640936686438558 	 0.025054305122705775 	 2.072595530863999E-4 	 0.017850352810402915 	 0.01640936686438558 	 0.025054305122705775 	 2.072595530863999E-4 	 0.017850352810402915 	 0.01640936686438558 	 0.025054305122705775 	 2.072595530863999E-4 	 0.017850352810402915 	 0.01640936686438558 	 0.025054305122705775 	 2.072595530863999E-4 	 0.017850352810402915 	 
-1.536 	 0.017629175521014277 	 0.026504595631229023 	 1.5471872475797296E-4 	 0.019183100467227827 	 0.017629175521014277 	 0.026504595631229023 	 1.5471872475797296E-4 	 0.019183100467227827 	 0.017629175521014277 	 0.026504595631229023 	 1.5471872475797296E-4 	 0.019183100467227827 	 0.017629175521014277 	 0.026504595631229023 	 1.5471872475797296E-4 	 0.019183100467227827 	 
-1.512 	 0.018728571967119755 	 0.027781655910476093 	 2.147068550770137E-4 	 0.020401304173821456 	 0.018728571967119755 	 0.027781655910476093 	 2.147068550770137E-4 	 0.020401304173821456 	 0.018728571967119755 	 0.027781655910476093 	 2.147068550770137E-4 	 0.020401304173821456 	 0.018728571967119755 	 0.027781655910476093 	 2.147068550770137E-4 	 0.020401304173821456 	 
-1.488 	 0.019928121121301833 	 0.028973189421961247 	 1.603074813157684E-4 	 0.021732879041638266 	 0.019928121121301833 	 0.028973189421961247 	 1.603074813157684E-4 	 0.021732879041638266 	 0.019928121121301833 	 0.028973189421961247 	 1.603074813157684E-4 	 0.021732879041638266 	 0.019928121121301833 	 0.028973189421961247 	 1.603074813157684E-4 	 0.021732879041638266 	 
-1.464 	 0.02108234653298723 	 0.0301367025945519 	 1.6390724662402665E-4 	 0.02299508580644311 	 0.02108234653298723 	 0.0301367025945519 	 1.6390724662402665E-4 	 0.02299508580644311 	 0.02108234653298723 	 0.0301367025945519 	 1.6390724662402665E-4 	 0.02299508580644311 	 0.02108234653298723 	 0.0301367025945519 	 1.6390724662402665E-4 	 0.02299508580644311 	 
-1.44 	 0.02234066576898833 	 0.030908016694074066 	 1.8443686427626748E-4 	 0.02441362224119545 	 0.02234066576898833 	 0.030908016694074066 	 1.8443686427626748E-4 	 0.02441362224119545 	 0.02234066576898833 	 0.030908016694074066 	 1.8443686427626748E-4 	 0.02441362224119545 	 0.02234066576898833 	 0.030908016694074066 	 1.8443686427626748E-4 	 0.02441362224119545 	 
-1.416 	 0.023398901146187676 	 0.03136620809667208 	 1.66105773824252E-4 	 0.025600029598763046 	 0.023398901146187676 	 0.03136620809667208 	 1.66105773824252E-4 	 0.025600029598763046 	 0.023398901146187676 	 0.03136620809667208 	 1.66105773824252E-4 	 0.025600029598763046 	 0.023398901146187676 	 0.03136620809667208 	 1.66105773824252E-4 	 0.025600029598763046 	 
-1.392 	 0.024450738579699868 	 0.031691726359341206 	 1.5696269422312632E-4 	 0.026794251917770694 	 0.024450738579699868 	 0.031691726359341206 	 1.5696269422312632E-4 	 0.026794251917770694 	 0.024450738579699868 	 0.031691726359341206 	 1.5696269422312632E-4 	 0.026794251917770694 	 0.024450738579699868 	 0.031691726359341206 	 1.5696269422312632E-4 	 0.026794251917770694 	 
-1.3679999999999999 	 0.025344413238387636 	 0.03178105255048216 	 1.384997083865073E-4 	 0.027811617593563466 	 0.025344413238387636 	 0.03178105255048216 	 1.384997083865073E-4 	 0.027811617593563466 	 0.025344413238387636 	 0.03178105255048216 	 1.384997083865073E-4 	 0.027811617593563466 	 0.025344413238387636 	 0.03178105255048216 	 1.384997083865073E-4 	 0.027811617593563466 	 
-1.3439999999999999 	 0.0262287613217928 	 0.03169159882949263 	 1.770039538079606E-4 	 0.028821979883985032 	 0.0262287613217928 	 0.03169159882949263 	 1.770039538079606E-4 	 0.028821979883985032 	 0.0262287613217928 	 0.03169159882949263 	 1.770039538079606E-4 	 0.028821979883985032 	 0.0262287613217928 	 0.03169159882949263 	 1.770039538079606E-4 	 0.028821979883985032 	 
-1.32 	 0.02688906961910937 	 0.030957300522813647 	 1.923927476481713E-4 	 0.029584956397615943 	 0.02688906961910937 	 0.030957300522813647 	 1.923927476481713E-4 	 0.029584956397615943 	 0.02688906961910937 	 0.030957300522813647 	 1.923927476481713E-4 	 0.029584956397615943 	 0.02688906961910937 	 0.030957300522813647 	 1.923927476481713E-4 	 0.029584956397615943 	 
-1.296 	 0.027368531997752386 	 0.029885758551931582 	 1.228472818918665E-4 	 0.030154100285903405 	 0.027368531997752386 	 0.029885758551931582 	 1.228472818918665E-4 	 0.030154100285903405 	 0.027368531997752386 	 0.029885758551931582 	 1.228472818918665E-4 	 0.030154100285903405 	 0.027368531997752386 	 0.029885758551931582 	 1.228472818918665E-4 	 0.030154100285903405 	 
-1.272 	 0.027690323090664583 	 0.028411379272397307 	 1.6593951031847613E-4 	 0.03055955611676515 	 0.027690323090664583 	 0.028411379272397307 	 1.6593951031847613E-4 	 0.03055955611676515 	 0.027690323090664583 	 0.028411379272397307 	 1.6593951031847613E-4 	 0.03055955611676515 	 0.027690323090664583 	 0.028411379272397307 	 1.6593951031847613E-4 	 0.03055955611676515 	 
-1.248 	 0.02774243401020561 	 0.026880239967000532 	 1.335512041003301E-4 	 0.030655521552032095 	 0.02774243401020561 	 0.026880239967000532 	 1.335512041003301E-4 	 0.030655521552032095 	 0.02774243401020561 	 0.026880239967000532 	 1.335512041003301E-4 	 0.030655521552032095 	 0.02774243401020561 	 0.026880239967000532 	 1.335512041003301E-4 	 0.030655521552032095 	 
-1.224 	 0.027602272095457927 	 0.025129075568739858 	 1.571903444604714E-4 	 0.030530380523617905 	 0.027602272095457927 	 0.025129075568739858 	 1.571903444604714E-4 	 0.030530380523617905 	 0.027602272095457927 	 0.025129075568739858 	 1.571903444604714E-4 	 0.030530380523617905 	 0.027602272095457927 	 0.025129075568739858 	 1.571903444604714E-4 	 0.030530380523617905 	 
-1.2 	 0.027199012637422516 	 0.023070689388118987 	 1.3220992402407546E-4 	 0.03009467686126972 	 0.027199012637422516 	 0.023070689388118987 	 1.3220992402407546E-4 	 0.03009467686126972 	 0.027199012637422516 	 0.023070689388118987 	 1.3220992402407546E-4 	 0.03009467686126972 	 0.027199012637422516 	 0.023070689388118987 	 1.3220992402407546E-4 	 0.03009467686126972 	 
-1.176 	 0.026642009532558606 	 0.02065930997539627 	 1.2510599900841373E-4 	 0.029474567559275217 	 0.026642009532558606 	 0.02065930997539627 	 1.2510599900841373E-4 	 0.029474567559275217 	 0.026642009532558606 	 0.02065930997539627 	 1.2510599900841373E-4 	 0.029474567559275217 	 0.026642009532558606 	 0.02065930997539627 	 1.2510599900841373E-4 	 0.029474567559275217 	 
-1.152 	 0.02583395591480556 	 0.018307599758427124 	 1.0000724278923913E-4 	 0.028582394167030848 	 0.02583395591480556 	 0.018307599758427124 	 1.0000724278923913E-4 	 0.028582394167030848 	 0.02583395591480556 	 0.018307599758427124 	 1.0000724278923913E-4 	 0.028582394167030848 	 0.02583395591480556 	 0.018307599758427124 	 1.0000724278923913E-4 	 0.028582394167030848 	 
-1.128 	 0.02481516715348167 	 0.016216222023362703 	 1.1404901942544565E-4 	 0.027404403108100498 	 0.02481516715348167 	 0.016216222023362703 	 1.1404901942544565E-4 	 0.027404403108100498 	 0.02481516715348167 	 0.016216222023362703 	 1.1404901942544565E-4 	 0.027404403108100498 	 0.02481516715348167 	 0.016216222023362703 	 1.1404901942544565E-4 	 0.027404403108100498 	 
-1.1039999999999999 	 0.02363405022236078 	 0.014172457273840967 	 1.0907294179453707E-4 	 0.026042234834670296 	 0.02363405022236078 	 0.014172457273840967 	 1.0907294179453707E-4 	 0.026042234834670296 	 0.02363405022236078 	 0.014172457273840967 	 1.0907294179453707E-4 	 0.026042234834670296 	 0.02363405022236078 	 0.014172457273840967 	 1.0907294179453707E-4 	 0.026042234834670296 	 
-1.08 	 0.022258420872945366 	 0.012379085730206173 	 1.233189252631277E-4 	 0.024417631324029302 	 0.022258420872945366 	 0.012379085730206173 	 1.233189252631277E-4 	 0.024417631324029302 	 0.022258420872945366 	 0.012379085730206173 	 1.233189252631277E-4 	 0.024417631324029302 	 0.022258420872945366 	 0.012379085730206173 	 1.233189252631277E-4 	 0.024417631324029302 	 
-1.056 	 0.021009240935764298 	 0.010763820221112802 	 8.122959425115343E-5 	 0.02291028322012728 	 0.021009240935764298 	 0.010763820221112802 	 8.122959425115343E-5 	 0.02291028322012728 	 0.021009240935764298 	 0.010763820221112802 	 8.122959425115343E-5 	 0.02291028322012728 	 0.021009240935764298 	 0.010763820221112802 	 8.122959425115343E-5 	 0.02291028322012728 	 
-1.032 	 0.01958313306223045 	 0.009159851774167803 	 9.596406734861255E-5 	 0.02118368964577683 	 0.01958313306223045 	 0.009159851774167803 	 9.596406734861255E-5 	 0.02118368964577683 	 0.01958313306223045 	 0.009159851774167803 	 9.596406734861255E-5 	 0.02118368964577683 	 0.01958313306223045 	 0.009159851774167803 	 9.596406734861255E-5 	 0.02118368964577683 	 
-1.008 	 0.018156704963773473 	 0.007788276319242665 	 7.367440784744336E-5 	 0.019457176542658928 	 0.018156704963773473 	 0.007788276319242665 	 7.367440784744336E-5 	 0.019457176542658928 	 0.018156704963773473 	 0.007788276319242665 	 7.367440784744336E-5 	 0.019457176542658928 	 0.018156704963773473 	 0.007788276319242665 	 7.367440784744336E-5 	 0.019457176542658928 	 
-0.984 	 0.016623124385243184 	 0.006574792394419272 	 8.032045093006025E-5 	 0.01757925628079281 	 0.016623124385243184 	 0.006574792394419272 	 8.032045093006025E-5 	 0.01757925628079281 	 0.016623124385243184 	 0.006574792394419272 	 8.032045093006025E-5 	 0.01757925628079281 	 0.016623124385243184 	 0.006574792394419272 	 8.032045093006025E-5 	 0.01757925628079281 	 
-0.96 	 0.015234226162460094 	 0.005656921439286871 	 7.836622937681465E-5 	 0.01586277400879629 	 0.015234226162460094 	 0.005656921439286871 	 7.836622937681465E-5 	 0.01586277400879629 	 0.015234226162460094 	 0.005656921439286871 	 7.836622937681465E-5 	 0.01586277400879629 	 0.015234226162460094 	 0.005656921439286871 	 7.836622937681465E-5 	 0.01586277400879629 	 
-0.9359999999999999 	 0.013947580389297564 	 0.004848191356325107 	 7.648337912933155E-5 	 0.01426104335331461 	 0.013947580389297564 	 0.004848191356325107 	 7.648337912933155E-5 	 0.01426104335331461 	 0.013947580389297564 	 0.004848191356325107 	 7.648337912933155E-5 	 0.01426104335331461 	 0.013947580389297564 	 0.004848191356325107 	 7.648337912933155E-5 	 0.01426104335331461 	 
-0.9119999999999999 	 0.012692432249443103 	 0.004291784544606973 	 7.51162655076494E-5 	 0.012684527093472786 	 0.012692432249443103 	 0.004291784544606973 	 7.51162655076494E-5 	 0.012684527093472786 	 0.012692432249443103 	 0.004291784544606973 	 7.51162655076494E-5 	 0.012684527093472786 	 0.012692432249443103 	 0.004291784544606973 	 7.51162655076494E-5 	 0.012684527093472786 	 
-0.8879999999999999 	 0.011557085666495786 	 0.0038472186393620775 	 5.481466352597031E-5 	 0.011247831613949844 	 0.011557085666495786 	 0.0038472186393620775 	 5.481466352597031E-5 	 0.011247831613949844 	 0.011557085666495786 	 0.0038472186393620775 	 5.481466352597031E-5 	 0.011247831613949844 	 0.011557085666495786 	 0.0038472186393620775 	 5.481466352597031E-5 	 0.011247831613949844 	 
-0.8639999999999999 	 0.010449944297435005 	 0.0033374809058416884 	 4.380199063026078E-5 	 0.009827664313179012 	 0.010449944297435005 	 0.0033374809058416884 	 4.380199063026078E-5 	 0.009827664313179012 	 0.010449944297435005 	 0.0033374809058416884 	 4.380199063026078E-5 	 0.009827664313179012 	 0.010449944297435005 	 0.0033374809058416884 	 4.380199063026078E-5 	 0.009827664313179012 	 
-0.8399999999999999 	 0.009454095058631677 	 0.002938413725111857 	 3.326752462870039E-5 	 0.008578937544252678 	 0.009454095058631677 	 0.002938413725111857 	 3.326752462870039E-5 	 0.008578937544252678 	 0.009454095058631677 	 0.002938413725111857 	 3.326752462870039E-5 	 0.008578937544252678 	 0.009454095058631677 	 0.002938413725111857 	 3.326752462870039E-5 	 0.008578937544252678 	 
-0.8159999999999998 	 0.008553162826032763 	 0.0026216672486317322 	 2.3875076881685077E-5 	 0.007444228872013043 	 0.008553162826032763 	 0.0026216672486317322 	 2.3875076881685077E-5 	 0.007444228872013043 	 0.008553162826032763 	 0.0026216672486317322 	 2.3875076881685077E-5 	 0.007444228872013043 	 0.008553162826032763 	 0.0026216672486317322 	 2.3875076881685077E-5 	 0.007444228872013043 	 
-0.7919999999999998 	 0.007778980146344909 	 0.0023797574488256474 	 7.09468920732986E-5 	 0.0064787214345254475 	 0.007778980146344909 	 0.0023797574488256474 	 7.09468920732986E-5 	 0.0064787214345254475 	 0.007778980146344909 	 0.0023797574488256474 	 7.09468920732986E-5 	 0.0064787214345254475 	 0.007778980146344909 	 0.0023797574488256474 	 7.09468920732986E-5 	 0.0064787214345254475 	 
-0.7679999999999998 	 0.007090997611568932 	 0.0021392554150389564 	 4.128003392923932E-5 	 0.005632805290269046 	 0.007090997611568932 	 0.0021392554150389564 	 4.128003392923932E-5 	 0.005632805290269046 	 0.007090997611568932 	 0.0021392554150389564 	 4.128003392923932E-5 	 0.005632805290269046 	 0.007090997611568932 	 0.0021392554150389564 	 4.128003392923932E-5 	 0.005632805290269046 	 
-0.7439999999999998 	 0.006396877649913449 	 0.0019675174291613876 	 2.180038116880154E-5 	 0.0048004310617785866 	 0.006396877649913449 	 0.0019675174291613876 	 2.180038116880154E-5 	 0.0048004310617785866 	 0.006396877649913449 	 0.0019675174291613876 	 2.180038116880154E-5 	 0.0048004310617785866 	 0.006396877649913449 	 0.0019675174291613876 	 2.180038116880154E-5 	 0.0048004310617785866 	 
-0.7199999999999998 	 0.005888158027591629 	 0.0018121216940972264 	 2.1480704752366113E-5 	 0.004201615786079573 	 0.005888158027591629 	 0.0018121216940972264 	 2.1480704752366113E-5 	 0.004201615786079573 	 0.005888158027591629 	 0.0018121216940972264 	 2.1480704752366113E-5 	 0.004201615786079573 	 0.005888158027591629 	 0.0018121216940972264 	 2.1480704752366113E-5 	 0.004201615786079573 	 
-0.6959999999999997 	 0.0053235906303496375 	 0.001683087094202428 	 2.1775080227892317E-5 	 0.0035605541122656933 	 0.0053235906303496375 	 0.001683087094202428 	 2.1775080227892317E-5 	 0.0035605541122656933 	 0.0053235906303496375 	 0.001683087094202428 	 2.1775080227892317E-5 	 0.0035605541122656933 	 0.0053235906303496375 	 0.001683087094202428 	 2.1775080227892317E-5 	 0.0035605541122656933 	 
-0.6720000000000002 	 0.0048366920274417165 	 0.0015631929846235354 	 4.980524594951476E-5 	 0.003048602550089316 	 0.0048366920274417165 	 0.0015631929846235354 	 4.980524594951476E-5 	 0.003048602550089316 	 0.0048366920274417165 	 0.0015631929846235354 	 4.980524594951476E-5 	 0.003048602550089316 	 0.0048366920274417165 	 0.0015631929846235354 	 4.980524594951476E-5 	 0.003048602550089316 	 
-0.6480000000000001 	 0.004429035146670803 	 0.0014590786175719811 	 2.1624259748468887E-5 	 0.002621005105930013 	 0.004429035146670803 	 0.0014590786175719811 	 2.1624259748468887E-5 	 0.002621005105930013 	 0.004429035146670803 	 0.0014590786175719811 	 2.1624259748468887E-5 	 0.002621005105930013 	 0.004429035146670803 	 0.0014590786175719811 	 2.1624259748468887E-5 	 0.002621005105930013 	 
-0.6240000000000001 	 0.004016956130959199 	 0.0013506242350886457 	 6.885596335370089E-5 	 0.00222761704428947 	 0.004016956130959199 	 0.0013506242350886457 	 6.885596335370089E-5 	 0.00222761704428947 	 0.004016956130959199 	 0.0013506242350886457 	 6.885596335370089E-5 	 0.00222761704428947 	 0.004016956130959199 	 0.0013506242350886457 	 6.885596335370089E-5 	 0.00222761704428947 	 
-0.6000000000000001 	 0.0037011965923451104 	 0.0012597190073079733 	 3.9959005829449656E-5 	 0.001957605798453355 	 0.0037011965923451104 	 0.0012597190073079733 	 3.9959005829449656E-5 	 0.001957605798453355 	 0.0037011965923451104 	 0.0012597190073079733 	 3.9959005829449656E-5 	 0.001957605798453355 	 0.0037011965923451104 	 0.0012597190073079733 	 3.9959005829449656E-5 	 0.001957605798453355 	 
-0.5760000000000001 	 0.0033684350810024855 	 0.0011962334994188733 	 4.96305286427924E-5 	 0.0016576213967503073 	 0.0033684350810024855 	 0.0011962334994188733 	 4.96305286427924E-5 	 0.0016576213967503073 	 0.0033684350810024855 	 0.0011962334994188733 	 4.96305286427924E-5 	 0.0016576213967503073 	 0.0033684350810024855 	 0.0011962334994188733 	 4.96305286427924E-5 	 0.0016576213967503073 	 
-0.552 	 0.0030908777788693797 	 0.0011333967929642384 	 5.841216376113048E-5 	 0.00144754018535047 	 0.0030908777788693797 	 0.0011333967929642384 	 5.841216376113048E-5 	 0.00144754018535047 	 0.0030908777788693797 	 0.0011333967929642384 	 5.841216376113048E-5 	 0.00144754018535047 	 0.0030908777788693797 	 0.0011333967929642384 	 5.841216376113048E-5 	 0.00144754018535047 	 
-0.528 	 0.0028198901647951565 	 0.0010781216712030446 	 2.0620826468262692E-5 	 0.001227948885314372 	 0.0028198901647951565 	 0.0010781216712030446 	 2.0620826468262692E-5 	 0.001227948885314372 	 0.0028198901647951565 	 0.0010781216712030446 	 2.0620826468262692E-5 	 0.001227948885314372 	 0.0028198901647951565 	 0.0010781216712030446 	 2.0620826468262692E-5 	 0.001227948885314372 	 
-0.504 	 0.002602159422340218 	 0.001015434535753301 	 5.8599563956118844E-5 	 0.0010753701288425477 	 0.002602159422340218 	 0.001015434535753301 	 5.8599563956118844E-5 	 0.0010753701288425477 	 0.002602159422340218 	 0.001015434535753301 	 5.8599563956118844E-5 	 0.0010753701288425477 	 0.002602159422340218 	 0.001015434535753301 	 5.8599563956118844E-5 	 0.0010753701288425477 	 
-0.48 	 0.0024167434558173364 	 9.86684738678707E-4 	 3.9380610166388964E-5 	 9.428931289851674E-4 	 0.0024167434558173364 	 9.86684738678707E-4 	 3.9380610166388964E-5 	 9.428931289851674E-4 	 0.0024167434558173364 	 9.86684738678707E-4 	 3.9380610166388964E-5 	 9.428931289851674E-4 	 0.0024167434558173364 	 9.86684738678707E-4 	 3.9380610166388964E-5 	 9.428931289851674E-4 	 
-0.45599999999999996 	 0.0022368642496661257 	 9.539704391841777E-4 	 2.99071749543899E-5 	 8.285931417977185E-4 	 0.0022368642496661257 	 9.539704391841777E-4 	 2.99071749543899E-5 	 8.285931417977185E-4 	 0.0022368642496661257 	 9.539704391841777E-4 	 2.99071749543899E-5 	 8.285931417977185E-4 	 0.0022368642496661257 	 9.539704391841777E-4 	 2.99071749543899E-5 	 8.285931417977185E-4 	 
-0.43199999999999994 	 0.002073673266843922 	 9.036853024044207E-4 	 3.0441261633703135E-5 	 7.167243220049028E-4 	 0.002073673266843922 	 9.036853024044207E-4 	 3.0441261633703135E-5 	 7.167243220049028E-4 	 0.002073673266843922 	 9.036853024044207E-4 	 3.0441261633703135E-5 	 7.167243220049028E-4 	 0.002073673266843922 	 9.036853024044207E-4 	 3.0441261633703135E-5 	 7.167243220049028E-4 	 
-0.4079999999999999 	 0.001954482101855108 	 8.798719991590315E-4 	 4.9807911804504526E-5 	 6.444350152265705E-4 	 0.001954482101855108 	 8.798719991590315E-4 	 4.9807911804504526E-5 	 6.444350152265705E-4 	 0.001954482101855108 	 8.798719991590315E-4 	 4.9807911804504526E-5 	 6.444350152265705E-4 	 0.001954482101855108 	 8.798719991590315E-4 	 4.9807911804504526E-5 	 6.444350152265705E-4 	 
-0.3839999999999999 	 0.001848259210299459 	 8.533415771510092E-4 	 3.166501358195173E-5 	 5.788222324240588E-4 	 0.001848259210299459 	 8.533415771510092E-4 	 3.166501358195173E-5 	 5.788222324240588E-4 	 0.001848259210299459 	 8.533415771510092E-4 	 3.166501358195173E-5 	 5.788222324240588E-4 	 0.001848259210299459 	 8.533415771510092E-4 	 3.166501358195173E-5 	 5.788222324240588E-4 	 
-0.3599999999999999 	 0.0017430838230189265 	 8.138687239920268E-4 	 6.139233982187407E-5 	 5.118836390772036E-4 	 0.0017430838230189265 	 8.138687239920268E-4 	 6.139233982187407E-5 	 5.118836390772036E-4 	 0.0017430838230189265 	 8.138687239920268E-4 	 6.139233982187407E-5 	 5.118836390772036E-4 	 0.0017430838230189265 	 8.138687239920268E-4 	 6.139233982187407E-5 	 5.118836390772036E-4 	 
-0.33599999999999985 	 0.0016694501679309552 	 7.912114188853373E-4 	 7.283816027860093E-5 	 4.6746267697114237E-4 	 0.0016694501679309552 	 7.912114188853373E-4 	 7.283816027860093E-5 	 4.6746267697114237E-4 	 0.0016694501679309552 	 7.912114188853373E-4 	 7.283816027860093E-5 	 4.6746267697114237E-4 	 0.0016694501679309552 	 7.912114188853373E-4 	 7.283816027860093E-5 	 4.6746267697114237E-4 	 
-0.31199999999999983 	 0.0015793065376318337 	 7.733869481051205E-4 	 1.1472715667187017E-4 	 4.0831242598421614E-4 	 0.0015793065376318337 	 7.733869481051205E-4 	 1.1472715667187017E-4 	 4.0831242598421614E-4 	 0.0015793065376318337 	 7.733869481051205E-4 	 1.1472715667187017E-4 	 4.0831242598421614E-4 	 0.0015793065376318337 	 7.733869481051205E-4 	 1.1472715667187017E-4 	 4.0831242598421614E-4 	 
-0.2879999999999998 	 0.0015402114021927427 	 7.65274079427995E-4 	 2.3439198825106795E-4 	 3.801485100959644E-4 	 0.0015402114021927427 	 7.65274079427995E-4 	 2.3439198825106795E-4 	 3.801485100959644E-4 	 0.0015402114021927427 	 7.65274079427995E-4 	 2.3439198825106795E-4 	 3.801485100959644E-4 	 0.0015402114021927427 	 7.65274079427995E-4 	 2.3439198825106795E-4 	 3.801485100959644E-4 	 
-0.2639999999999998 	 0.001478138273859554 	 7.699286144634894E-4 	 3.8112573697124543E-4 	 3.441559792892945E-4 	 0.001478138273859554 	 7.699286144634894E-4 	 3.8112573697124543E-4 	 3.441559792892945E-4 	 0.001478138273859554 	 7.699286144634894E-4 	 3.8112573697124543E-4 	 3.441559792892945E-4 	 0.001478138273859554 	 7.699286144634894E-4 	 3.8112573697124543E-4 	 3.441559792892945E-4 	 
-0.23999999999999977 	 0.0014479226847224698 	 7.810568704079195E-4 	 4.19216917512906E-4 	 3.136111731435241E-4 	 0.0014479226847224698 	 7.810568704079195E-4 	 4.19216917512906E-4 	 3.136111731435241E-4 	 0.0014479226847224698 	 7.810568704079195E-4 	 4.19216917512906E-4 	 3.136111731435241E-4 	 0.0014479226847224698 	 7.810568704079195E-4 	 4.19216917512906E-4 	 3.136111731435241E-4 	 
-0.21599999999999975 	 0.0014181778490808038 	 7.725839684316786E-4 	 7.758904748340743E-4 	 2.8909728062800395E-4 	 0.0014181778490808038 	 7.725839684316786E-4 	 7.758904748340743E-4 	 2.8909728062800395E-4 	 0.0014181778490808038 	 7.725839684316786E-4 	 7.758904748340743E-4 	 2.8909728062800395E-4 	 0.0014181778490808038 	 7.725839684316786E-4 	 7.758904748340743E-4 	 2.8909728062800395E-4 	 
-0.19199999999999973 	 0.0013969425855541492 	 7.775600788598661E-4 	 0.0011797271338920814 	 2.660916374997533E-4 	 0.0013969425855541492 	 7.775600788598661E-4 	 0.0011797271338920814 	 2.660916374997533E-4 	 0.0013969425855541492 	 7.775600788598661E-4 	 0.0011797271338920814 	 2.660916374997533E-4 	 0.0013969425855541492 	 7.775600788598661E-4 	 0.0011797271338920814 	 2.660916374997533E-4 	 
-0.16800000000000015 	 0.0013919615563612062 	 7.970127438609184E-4 	 0.0020278790798313076 	 2.5052798329287216E-4 	 0.0013919615563612062 	 7.970127438609184E-4 	 0.0020278790798313076 	 2.5052798329287216E-4 	 0.0013919615563612062 	 7.970127438609184E-4 	 0.0020278790798313076 	 2.5052798329287216E-4 	 0.0013919615563612062 	 7.970127438609184E-4 	 0.0020278790798313076 	 2.5052798329287216E-4 	 
-0.14400000000000013 	 0.0013985717898228923 	 8.151191834713814E-4 	 0.003494820653373981 	 2.3748321405639541E-4 	 0.0013985717898228923 	 8.151191834713814E-4 	 0.003494820653373981 	 2.3748321405639541E-4 	 0.0013985717898228923 	 8.151191834713814E-4 	 0.003494820653373981 	 2.3748321405639541E-4 	 0.0013985717898228923 	 8.151191834713814E-4 	 0.003494820653373981 	 2.3748321405639541E-4 	 
-0.1200000000000001 	 0.001417241713972489 	 8.392072954573363E-4 	 0.005114949527981372 	 2.2891183613896405E-4 	 0.001417241713972489 	 8.392072954573363E-4 	 0.005114949527981372 	 2.2891183613896405E-4 	 0.001417241713972489 	 8.392072954573363E-4 	 0.005114949527981372 	 2.2891183613896405E-4 	 0.001417241713972489 	 8.392072954573363E-4 	 0.005114949527981372 	 2.2891183613896405E-4 	 
-0.09600000000000009 	 0.0014466562139829223 	 8.767427011093115E-4 	 0.00716810313583448 	 2.1872984676199085E-4 	 0.0014466562139829223 	 8.767427011093115E-4 	 0.00716810313583448 	 2.1872984676199085E-4 	 0.0014466562139829223 	 8.767427011093115E-4 	 0.00716810313583448 	 2.1872984676199085E-4 	 0.0014466562139829223 	 8.767427011093115E-4 	 0.00716810313583448 	 2.1872984676199085E-4 	 
-0.07200000000000006 	 0.0014978381746220302 	 9.21868770502926E-4 	 0.010788278652625322 	 2.2028358737914252E-4 	 0.0014978381746220302 	 9.21868770502926E-4 	 0.010788278652625322 	 2.2028358737914252E-4 	 0.0014978381746220302 	 9.21868770502926E-4 	 0.010788278652625322 	 2.2028358737914252E-4 	 0.0014978381746220302 	 9.21868770502926E-4 	 0.010788278652625322 	 2.2028358737914252E-4 	 
-0.04800000000000004 	 0.0015501315320366423 	 9.699846284375697E-4 	 0.014966695249965863 	 2.1837424423223193E-4 	 0.0015501315320366423 	 9.699846284375697E-4 	 0.014966695249965863 	 2.1837424423223193E-4 	 0.0015501315320366423 	 9.699846284375697E-4 	 0.014966695249965863 	 2.1837424423223193E-4 	 0.0015501315320366423 	 9.699846284375697E-4 	 0.014966695249965863 	 2.1837424423223193E-4 	 
-0.02400000000000002 	 0.0016066966520048858 	 0.0010251404814512202 	 0.019682283470855533 	 2.128795219646837E-4 	 0.0016066966520048858 	 0.0010251404814512202 	 0.019682283470855533 	 2.128795219646837E-4 	 0.0016066966520048858 	 0.0010251404814512202 	 0.019682283470855533 	 2.128795219646837E-4 	 0.0016066966520048858 	 0.0010251404814512202 	 0.019682283470855533 	 2.128795219646837E-4 	 
0.0 	 0.0016700977509191174 	 0.001089525536055355 	 0.024329671353875412 	 2.1401242512129683E-4 	 0.0016700977509191174 	 0.001089525536055355 	 0.024329671353875412 	 2.1401242512129683E-4 	 0.0016700977509191174 	 0.001089525536055355 	 0.024329671353875412 	 2.1401242512129683E-4 	 0.0016700977509191174 	 0.001089525536055355 	 0.024329671353875412 	 2.1401242512129683E-4 	 
0.02400000000000002 	 0.0017432914691373062 	 0.001158470700746596 	 0.031049446989680193 	 2.2315361772927712E-4 	 0.0017432914691373062 	 0.001158470700746596 	 0.031049446989680193 	 2.2315361772927712E-4 	 0.0017432914691373062 	 0.001158470700746596 	 0.031049446989680193 	 2.2315361772927712E-4 	 0.0017432914691373062 	 0.001158470700746596 	 0.031049446989680193 	 2.2315361772927712E-4 	 
0.04800000000000004 	 0.001805171858288124 	 0.0012080339600520002 	 0.037690056275551435 	 2.2506134281310912E-4 	 0.001805171858288124 	 0.0012080339600520002 	 0.037690056275551435 	 2.2506134281310912E-4 	 0.001805171858288124 	 0.0012080339600520002 	 0.037690056275551435 	 2.2506134281310912E-4 	 0.001805171858288124 	 0.0012080339600520002 	 0.037690056275551435 	 2.2506134281310912E-4 	 
0.07200000000000006 	 0.0018351419213754635 	 0.0012317517157034237 	 0.04321886361367964 	 2.2470541330642713E-4 	 0.0018351419213754635 	 0.0012317517157034237 	 0.04321886361367964 	 2.2470541330642713E-4 	 0.0018351419213754635 	 0.0012317517157034237 	 0.04321886361367964 	 2.2470541330642713E-4 	 0.0018351419213754635 	 0.0012317517157034237 	 0.04321886361367964 	 2.2470541330642713E-4 	 
0.09600000000000009 	 0.0018561501684253663 	 0.0012560151209782384 	 0.04793448595895465 	 2.2712807221122728E-4 	 0.0018561501684253663 	 0.0012560151209782384 	 0.04793448595895465 	 2.2712807221122728E-4 	 0.0018561501684253663 	 0.0012560151209782384 	 0.04793448595895465 	 2.2712807221122728E-4 	 0.0018561501684253663 	 0.0012560151209782384 	 0.04793448595895465 	 2.2712807221122728E-4 	 
0.1200000000000001 	 0.001849713870790262 	 0.0012687446229204195 	 0.052993986879044865 	 2.231796250569638E-4 	 0.001849713870790262 	 0.0012687446229204195 	 0.052993986879044865 	 2.231796250569638E-4 	 0.001849713870790262 	 0.0012687446229204195 	 0.052993986879044865 	 2.231796250569638E-4 	 0.001849713870790262 	 0.0012687446229204195 	 0.052993986879044865 	 2.231796250569638E-4 	 
0.14400000000000013 	 0.0018082796597811892 	 0.0012439439476035908 	 0.055417222081144836 	 2.1797364745464407E-4 	 0.0018082796597811892 	 0.0012439439476035908 	 0.055417222081144836 	 2.1797364745464407E-4 	 0.0018082796597811892 	 0.0012439439476035908 	 0.055417222081144836 	 2.1797364745464407E-4 	 0.0018082796597811892 	 0.0012439439476035908 	 0.055417222081144836 	 2.1797364745464407E-4 	 
0.16800000000000015 	 0.0017435118834106754 	 0.0011977968208019103 	 0.05670069223966831 	 2.103924693568812E-4 	 0.0017435118834106754 	 0.0011977968208019103 	 0.05670069223966831 	 2.103924693568812E-4 	 0.0017435118834106754 	 0.0011977968208019103 	 0.05670069223966831 	 2.103924693568812E-4 	 0.0017435118834106754 	 0.0011977968208019103 	 0.05670069223966831 	 2.103924693568812E-4 	 
0.19200000000000017 	 0.00165741096915583 	 0.00114311745818674 	 0.05672891614586549 	 1.9873660194710078E-4 	 0.00165741096915583 	 0.00114311745818674 	 0.05672891614586549 	 1.9873660194710078E-4 	 0.00165741096915583 	 0.00114311745818674 	 0.05672891614586549 	 1.9873660194710078E-4 	 0.00165741096915583 	 0.00114311745818674 	 0.05672891614586549 	 1.9873660194710078E-4 	 
0.2160000000000002 	 0.0015547931448221435 	 0.001065091274078719 	 0.05651866599186765 	 1.8977276543914073E-4 	 0.0015547931448221435 	 0.001065091274078719 	 0.05651866599186765 	 1.8977276543914073E-4 	 0.0015547931448221435 	 0.001065091274078719 	 0.05651866599186765 	 1.8977276543914073E-4 	 0.0015547931448221435 	 0.001065091274078719 	 0.05651866599186765 	 1.8977276543914073E-4 	 
0.2400000000000002 	 0.0014160783860140574 	 9.710936157598364E-4 	 0.05228607067402868 	 1.730083989964192E-4 	 0.0014160783860140574 	 9.710936157598364E-4 	 0.05228607067402868 	 1.730083989964192E-4 	 0.0014160783860140574 	 9.710936157598364E-4 	 0.05228607067402868 	 1.730083989964192E-4 	 0.0014160783860140574 	 9.710936157598364E-4 	 0.05228607067402868 	 1.730083989964192E-4 	 
0.26400000000000023 	 0.001280582450923393 	 8.784512997967147E-4 	 0.04931544086648288 	 1.5236946986737788E-4 	 0.001280582450923393 	 8.784512997967147E-4 	 0.04931544086648288 	 1.5236946986737788E-4 	 0.001280582450923393 	 8.784512997967147E-4 	 0.04931544086648288 	 1.5236946986737788E-4 	 0.001280582450923393 	 8.784512997967147E-4 	 0.04931544086648288 	 1.5236946986737788E-4 	 
0.28800000000000026 	 0.00113798403839253 	 7.786696178393689E-4 	 0.04388306492817326 	 1.3796567686286113E-4 	 0.00113798403839253 	 7.786696178393689E-4 	 0.04388306492817326 	 1.3796567686286113E-4 	 0.00113798403839253 	 7.786696178393689E-4 	 0.04388306492817326 	 1.3796567686286113E-4 	 0.00113798403839253 	 7.786696178393689E-4 	 0.04388306492817326 	 1.3796567686286113E-4 	 
0.3120000000000003 	 0.0010132594263566922 	 6.9255597762231E-4 	 0.03938649900872726 	 1.2710856315438217E-4 	 0.0010132594263566922 	 6.9255597762231E-4 	 0.03938649900872726 	 1.2710856315438217E-4 	 0.0010132594263566922 	 6.9255597762231E-4 	 0.03938649900872726 	 1.2710856315438217E-4 	 0.0010132594263566922 	 6.9255597762231E-4 	 0.03938649900872726 	 1.2710856315438217E-4 	 
0.33599999999999985 	 8.941907449302255E-4 	 6.107537747786407E-4 	 0.035605946238485946 	 1.1138044535771705E-4 	 8.941907449302255E-4 	 6.107537747786407E-4 	 0.035605946238485946 	 1.1138044535771705E-4 	 8.941907449302255E-4 	 6.107537747786407E-4 	 0.035605946238485946 	 1.1138044535771705E-4 	 8.941907449302255E-4 	 6.107537747786407E-4 	 0.035605946238485946 	 1.1138044535771705E-4 	 
0.3599999999999999 	 7.733875565156661E-4 	 5.282058461245512E-4 	 0.030463237521680012 	 9.567096943146635E-5 	 7.733875565156661E-4 	 5.282058461245512E-4 	 0.030463237521680012 	 9.567096943146635E-5 	 7.733875565156661E-4 	 5.282058461245512E-4 	 0.030463237521680012 	 9.567096943146635E-5 	 7.733875565156661E-4 	 5.282058461245512E-4 	 0.030463237521680012 	 9.567096943146635E-5 	 
0.3839999999999999 	 6.783504157219151E-4 	 4.6258762323714135E-4 	 0.026449704602602275 	 8.297670968432495E-5 	 6.783504157219151E-4 	 4.6258762323714135E-4 	 0.026449704602602275 	 8.297670968432495E-5 	 6.783504157219151E-4 	 4.6258762323714135E-4 	 0.026449704602602275 	 8.297670968432495E-5 	 6.783504157219151E-4 	 4.6258762323714135E-4 	 0.026449704602602275 	 8.297670968432495E-5 	 
0.4079999999999999 	 5.955238050681819E-4 	 4.065447996905792E-4 	 0.02373190880316689 	 7.408713899073065E-5 	 5.955238050681819E-4 	 4.065447996905792E-4 	 0.02373190880316689 	 7.408713899073065E-5 	 5.955238050681819E-4 	 4.065447996905792E-4 	 0.02373190880316689 	 7.408713899073065E-5 	 5.955238050681819E-4 	 4.065447996905792E-4 	 0.02373190880316689 	 7.408713899073065E-5 	 
0.43199999999999994 	 5.19405001267438E-4 	 3.5743077694328336E-4 	 0.02037744461963904 	 6.699409016495717E-5 	 5.19405001267438E-4 	 3.5743077694328336E-4 	 0.02037744461963904 	 6.699409016495717E-5 	 5.19405001267438E-4 	 3.5743077694328336E-4 	 0.02037744461963904 	 6.699409016495717E-5 	 5.19405001267438E-4 	 3.5743077694328336E-4 	 0.02037744461963904 	 6.699409016495717E-5 	 
0.45599999999999996 	 4.5025140200385553E-4 	 3.1017493168645897E-4 	 0.017367930307877633 	 5.777492445157847E-5 	 4.5025140200385553E-4 	 3.1017493168645897E-4 	 0.017367930307877633 	 5.777492445157847E-5 	 4.5025140200385553E-4 	 3.1017493168645897E-4 	 0.017367930307877633 	 5.777492445157847E-5 	 4.5025140200385553E-4 	 3.1017493168645897E-4 	 0.017367930307877633 	 5.777492445157847E-5 	 
0.48 	 3.983436494622045E-4 	 2.720979027273599E-4 	 0.015317831684122036 	 5.0523774663191535E-5 	 3.983436494622045E-4 	 2.720979027273599E-4 	 0.015317831684122036 	 5.0523774663191535E-5 	 3.983436494622045E-4 	 2.720979027273599E-4 	 0.015317831684122036 	 5.0523774663191535E-5 	 3.983436494622045E-4 	 2.720979027273599E-4 	 0.015317831684122036 	 5.0523774663191535E-5 	 
0.504 	 3.515740151088269E-4 	 2.418106703282968E-4 	 0.013702125168953172 	 4.4893870748212905E-5 	 3.515740151088269E-4 	 2.418106703282968E-4 	 0.013702125168953172 	 4.4893870748212905E-5 	 3.515740151088269E-4 	 2.418106703282968E-4 	 0.013702125168953172 	 4.4893870748212905E-5 	 3.515740151088269E-4 	 2.418106703282968E-4 	 0.013702125168953172 	 4.4893870748212905E-5 	 
0.528 	 3.114619480454557E-4 	 2.1501984736721011E-4 	 0.012191722598649035 	 4.159646352199011E-5 	 3.114619480454557E-4 	 2.1501984736721011E-4 	 0.012191722598649035 	 4.159646352199011E-5 	 3.114619480454557E-4 	 2.1501984736721011E-4 	 0.012191722598649035 	 4.159646352199011E-5 	 3.114619480454557E-4 	 2.1501984736721011E-4 	 0.012191722598649035 	 4.159646352199011E-5 	 
0.552 	 2.7084710709996535E-4 	 1.854288803516659E-4 	 0.01063061691915031 	 3.622045377324437E-5 	 2.7084710709996535E-4 	 1.854288803516659E-4 	 0.01063061691915031 	 3.622045377324437E-5 	 2.7084710709996535E-4 	 1.854288803516659E-4 	 0.01063061691915031 	 3.622045377324437E-5 	 2.7084710709996535E-4 	 1.854288803516659E-4 	 0.01063061691915031 	 3.622045377324437E-5 	 
0.5760000000000001 	 2.3287615738786145E-4 	 1.5934943836092702E-4 	 0.008915044546925845 	 2.9976434800422126E-5 	 2.3287615738786145E-4 	 1.5934943836092702E-4 	 0.008915044546925845 	 2.9976434800422126E-5 	 2.3287615738786145E-4 	 1.5934943836092702E-4 	 0.008915044546925845 	 2.9976434800422126E-5 	 2.3287615738786145E-4 	 1.5934943836092702E-4 	 0.008915044546925845 	 2.9976434800422126E-5 	 
0.6000000000000001 	 2.0838872759494406E-4 	 1.403230577950285E-4 	 0.008199016226296242 	 2.8326962861325684E-5 	 2.0838872759494406E-4 	 1.403230577950285E-4 	 0.008199016226296242 	 2.8326962861325684E-5 	 2.0838872759494406E-4 	 1.403230577950285E-4 	 0.008199016226296242 	 2.8326962861325684E-5 	 2.0838872759494406E-4 	 1.403230577950285E-4 	 0.008199016226296242 	 2.8326962861325684E-5 	 
0.6240000000000001 	 1.8189218552877264E-4 	 1.2150268803558877E-4 	 0.006951050704805064 	 2.6024102198187172E-5 	 1.8189218552877264E-4 	 1.2150268803558877E-4 	 0.006951050704805064 	 2.6024102198187172E-5 	 1.8189218552877264E-4 	 1.2150268803558877E-4 	 0.006951050704805064 	 2.6024102198187172E-5 	 1.8189218552877264E-4 	 1.2150268803558877E-4 	 0.006951050704805064 	 2.6024102198187172E-5 	 
0.6480000000000001 	 1.5825308950479696E-4 	 1.067699102026541E-4 	 0.0060311788495756476 	 2.1598345880219382E-5 	 1.5825308950479696E-4 	 1.067699102026541E-4 	 0.0060311788495756476 	 2.1598345880219382E-5 	 1.5825308950479696E-4 	 1.067699102026541E-4 	 0.0060311788495756476 	 2.1598345880219382E-5 	 1.5825308950479696E-4 	 1.067699102026541E-4 	 0.0060311788495756476 	 2.1598345880219382E-5 	 
0.6720000000000002 	 1.4112080015823728E-4 	 9.420889248315605E-5 	 0.00571437133973084 	 1.8702541677984315E-5 	 1.4112080015823728E-4 	 9.420889248315605E-5 	 0.00571437133973084 	 1.8702541677984315E-5 	 1.4112080015823728E-4 	 9.420889248315605E-5 	 0.00571437133973084 	 1.8702541677984315E-5 	 1.4112080015823728E-4 	 9.420889248315605E-5 	 0.00571437133973084 	 1.8702541677984315E-5 	 
0.6960000000000002 	 1.1818137001836495E-4 	 7.886733998448207E-5 	 0.004745112046428523 	 1.583429908555568E-5 	 1.1818137001836495E-4 	 7.886733998448207E-5 	 0.004745112046428523 	 1.583429908555568E-5 	 1.1818137001836495E-4 	 7.886733998448207E-5 	 0.004745112046428523 	 1.583429908555568E-5 	 1.1818137001836495E-4 	 7.886733998448207E-5 	 0.004745112046428523 	 1.583429908555568E-5 	 
0.7200000000000002 	 1.0269837803619057E-4 	 7.292835088234165E-5 	 0.003814581158819515 	 1.5242094812532121E-5 	 1.0269837803619057E-4 	 7.292835088234165E-5 	 0.003814581158819515 	 1.5242094812532121E-5 	 1.0269837803619057E-4 	 7.292835088234165E-5 	 0.003814581158819515 	 1.5242094812532121E-5 	 1.0269837803619057E-4 	 7.292835088234165E-5 	 0.003814581158819515 	 1.5242094812532121E-5 	 
0.7440000000000002 	 8.92650293741511E-5 	 6.358726510850469E-5 	 0.003406104146366759 	 1.3257810359546747E-5 	 8.92650293741511E-5 	 6.358726510850469E-5 	 0.003406104146366759 	 1.3257810359546747E-5 	 8.92650293741511E-5 	 6.358726510850469E-5 	 0.003406104146366759 	 1.3257810359546747E-5 	 8.92650293741511E-5 	 6.358726510850469E-5 	 0.003406104146366759 	 1.3257810359546747E-5 	 
0.7680000000000002 	 7.749811100424523E-5 	 5.435537154287775E-5 	 0.00263936353205125 	 1.0827674205952194E-5 	 7.749811100424523E-5 	 5.435537154287775E-5 	 0.00263936353205125 	 1.0827674205952194E-5 	 7.749811100424523E-5 	 5.435537154287775E-5 	 0.00263936353205125 	 1.0827674205952194E-5 	 7.749811100424523E-5 	 5.435537154287775E-5 	 0.00263936353205125 	 1.0827674205952194E-5 	 
0.7920000000000003 	 7.116513519407153E-5 	 4.861582002076916E-5 	 0.0027765220106043187 	 9.788412142913859E-6 	 7.116513519407153E-5 	 4.861582002076916E-5 	 0.0027765220106043187 	 9.788412142913859E-6 	 7.116513519407153E-5 	 4.861582002076916E-5 	 0.0027765220106043187 	 9.788412142913859E-6 	 7.116513519407153E-5 	 4.861582002076916E-5 	 0.0027765220106043187 	 9.788412142913859E-6 	 
0.8160000000000003 	 6.228200876681751E-5 	 4.1658067627810246E-5 	 0.0024293156361063265 	 9.565141836260728E-6 	 6.228200876681751E-5 	 4.1658067627810246E-5 	 0.0024293156361063265 	 9.565141836260728E-6 	 6.228200876681751E-5 	 4.1658067627810246E-5 	 0.0024293156361063265 	 9.565141836260728E-6 	 6.228200876681751E-5 	 4.1658067627810246E-5 	 0.0024293156361063265 	 9.565141836260728E-6 	 
0.8399999999999999 	 5.265983343437524E-5 	 3.447985302787449E-5 	 0.0018562934189809692 	 8.86679624277088E-6 	 5.265983343437524E-5 	 3.447985302787449E-5 	 0.0018562934189809692 	 8.86679624277088E-6 	 5.265983343437524E-5 	 3.447985302787449E-5 	 0.0018562934189809692 	 8.86679624277088E-6 	 5.265983343437524E-5 	 3.447985302787449E-5 	 0.0018562934189809692 	 8.86679624277088E-6 	 
0.8639999999999999 	 4.5931325244606886E-5 	 3.0590745214591774E-5 	 0.0015398146750234612 	 7.068400288276124E-6 	 4.5931325244606886E-5 	 3.0590745214591774E-5 	 0.0015398146750234612 	 7.068400288276124E-6 	 4.5931325244606886E-5 	 3.0590745214591774E-5 	 0.0015398146750234612 	 7.068400288276124E-6 	 4.5931325244606886E-5 	 3.0590745214591774E-5 	 0.0015398146750234612 	 7.068400288276124E-6 	 
0.8879999999999999 	 4.199213053944567E-5 	 2.9970903598606484E-5 	 0.001589553471296409 	 6.291385754470242E-6 	 4.199213053944567E-5 	 2.9970903598606484E-5 	 0.001589553471296409 	 6.291385754470242E-6 	 4.199213053944567E-5 	 2.9970903598606484E-5 	 0.001589553471296409 	 6.291385754470242E-6 	 4.199213053944567E-5 	 2.9970903598606484E-5 	 0.001589553471296409 	 6.291385754470242E-6 	 
0.9119999999999999 	 3.701977603939041E-5 	 2.62627184797442E-5 	 0.0011653609981405399 	 6.983804659995752E-6 	 3.701977603939041E-5 	 2.62627184797442E-5 	 0.0011653609981405399 	 6.983804659995752E-6 	 3.701977603939041E-5 	 2.62627184797442E-5 	 0.0011653609981405399 	 6.983804659995752E-6 	 3.701977603939041E-5 	 2.62627184797442E-5 	 0.0011653609981405399 	 6.983804659995752E-6 	 
0.9359999999999999 	 3.430971556838203E-5 	 2.39296546282242E-5 	 0.0010909469272585627 	 5.640237492585778E-6 	 3.430971556838203E-5 	 2.39296546282242E-5 	 0.0010909469272585627 	 5.640237492585778E-6 	 3.430971556838203E-5 	 2.39296546282242E-5 	 0.0010909469272585627 	 5.640237492585778E-6 	 3.430971556838203E-5 	 2.39296546282242E-5 	 0.0010909469272585627 	 5.640237492585778E-6 	 
0.96 	 3.191591098512399E-5 	 2.1758050251888128E-5 	 0.0012416824131876092 	 5.002945859010875E-6 	 3.191591098512399E-5 	 2.1758050251888128E-5 	 0.0012416824131876092 	 5.002945859010875E-6 	 3.191591098512399E-5 	 2.1758050251888128E-5 	 0.0012416824131876092 	 5.002945859010875E-6 	 3.191591098512399E-5 	 2.1758050251888128E-5 	 0.0012416824131876092 	 5.002945859010875E-6 	 
0.984 	 2.6891831888919005E-5 	 1.816723619403958E-5 	 0.0010909069723510356 	 3.6890461212646483E-6 	 2.6891831888919005E-5 	 1.816723619403958E-5 	 0.0010909069723510356 	 3.6890461212646483E-6 	 2.6891831888919005E-5 	 1.816723619403958E-5 	 0.0010909069723510356 	 3.6890461212646483E-6 	 2.6891831888919005E-5 	 1.816723619403958E-5 	 0.0010909069723510356 	 3.6890461212646483E-6 	 
1.008 	 2.3523351076352134E-5 	 1.5311302375246667E-5 	 7.35736800587511E-4 	 4.563677114009497E-6 	 2.3523351076352134E-5 	 1.5311302375246667E-5 	 7.35736800587511E-4 	 4.563677114009497E-6 	 2.3523351076352134E-5 	 1.5311302375246667E-5 	 7.35736800587511E-4 	 4.563677114009497E-6 	 2.3523351076352134E-5 	 1.5311302375246667E-5 	 7.35736800587511E-4 	 4.563677114009497E-6 	 
1.032 	 2.152182087673542E-5 	 1.4206585602803158E-5 	 7.641684872152948E-4 	 3.7573271459062665E-6 	 2.152182087673542E-5 	 1.4206585602803158E-5 	 7.641684872152948E-4 	 3.7573271459062665E-6 	 2.152182087673542E-5 	 1.4206585602803158E-5 	 7.641684872152948E-4 	 3.7573271459062665E-6 	 2.152182087673542E-5 	 1.4206585602803158E-5 	 7.641684872152948E-4 	 3.7573271459062665E-6 	 
1.056 	 1.9124838998033607E-5 	 1.2082661054865572E-5 	 7.493418115458678E-4 	 3.4557892116768517E-6 	 1.9124838998033607E-5 	 1.2082661054865572E-5 	 7.493418115458678E-4 	 3.4557892116768517E-6 	 1.9124838998033607E-5 	 1.2082661054865572E-5 	 7.493418115458678E-4 	 3.4557892116768517E-6 	 1.9124838998033607E-5 	 1.2082661054865572E-5 	 7.493418115458678E-4 	 3.4557892116768517E-6 	 
1.08 	 1.6070081370613305E-5 	 1.0176077069563925E-5 	 4.7102678461833757E-4 	 3.403332997926356E-6 	 1.6070081370613305E-5 	 1.0176077069563925E-5 	 4.7102678461833757E-4 	 3.403332997926356E-6 	 1.6070081370613305E-5 	 1.0176077069563925E-5 	 4.7102678461833757E-4 	 3.403332997926356E-6 	 1.6070081370613305E-5 	 1.0176077069563925E-5 	 4.7102678461833757E-4 	 3.403332997926356E-6 	 
1.104 	 1.464371432313174E-5 	 9.86491542631761E-6 	 4.908745122099332E-4 	 2.110350329536485E-6 	 1.464371432313174E-5 	 9.86491542631761E-6 	 4.908745122099332E-4 	 2.110350329536485E-6 	 1.464371432313174E-5 	 9.86491542631761E-6 	 4.908745122099332E-4 	 2.110350329536485E-6 	 1.464371432313174E-5 	 9.86491542631761E-6 	 4.908745122099332E-4 	 2.110350329536485E-6 	 
1.1280000000000001 	 1.3904064029424221E-5 	 8.993496897365024E-6 	 5.263176070561193E-4 	 2.410621205735416E-6 	 1.3904064029424221E-5 	 8.993496897365024E-6 	 5.263176070561193E-4 	 2.410621205735416E-6 	 1.3904064029424221E-5 	 8.993496897365024E-6 	 5.263176070561193E-4 	 2.410621205735416E-6 	 1.3904064029424221E-5 	 8.993496897365024E-6 	 5.263176070561193E-4 	 2.410621205735416E-6 	 
1.1520000000000001 	 1.2193087405544652E-5 	 8.528378949572417E-6 	 3.678371160221971E-4 	 1.4904225520797524E-6 	 1.2193087405544652E-5 	 8.528378949572417E-6 	 3.678371160221971E-4 	 1.4904225520797524E-6 	 1.2193087405544652E-5 	 8.528378949572417E-6 	 3.678371160221971E-4 	 1.4904225520797524E-6 	 1.2193087405544652E-5 	 8.528378949572417E-6 	 3.678371160221971E-4 	 1.4904225520797524E-6 	 
1.1760000000000002 	 1.2167339538941358E-5 	 7.865373325422911E-6 	 6.396862622736229E-4 	 1.7625865486505384E-6 	 1.2167339538941358E-5 	 7.865373325422911E-6 	 6.396862622736229E-4 	 1.7625865486505384E-6 	 1.2167339538941358E-5 	 7.865373325422911E-6 	 6.396862622736229E-4 	 1.7625865486505384E-6 	 1.2167339538941358E-5 	 7.865373325422911E-6 	 6.396862622736229E-4 	 1.7625865486505384E-6 	 
1.2000000000000002 	 8.544920085834487E-6 	 5.607357382626891E-6 	 2.751803216664078E-4 	 1.5416629392330939E-6 	 8.544920085834487E-6 	 5.607357382626891E-6 	 2.751803216664078E-4 	 1.5416629392330939E-6 	 8.544920085834487E-6 	 5.607357382626891E-6 	 2.751803216664078E-4 	 1.5416629392330939E-6 	 8.544920085834487E-6 	 5.607357382626891E-6 	 2.751803216664078E-4 	 1.5416629392330939E-6 	 
1.2240000000000002 	 8.101607035020545E-6 	 5.408249900103345E-6 	 3.124647315527022E-4 	 1.344524863994261E-6 	 8.101607035020545E-6 	 5.408249900103345E-6 	 3.124647315527022E-4 	 1.344524863994261E-6 	 8.101607035020545E-6 	 5.408249900103345E-6 	 3.124647315527022E-4 	 1.344524863994261E-6 	 8.101607035020545E-6 	 5.408249900103345E-6 	 3.124647315527022E-4 	 1.344524863994261E-6 	 
1.2480000000000002 	 6.685426029040599E-6 	 6.9385350722006595E-6 	 2.535477243012586E-4 	 1.218710403793219E-6 	 6.685426029040599E-6 	 6.9385350722006595E-6 	 2.535477243012586E-4 	 1.218710403793219E-6 	 6.685426029040599E-6 	 6.9385350722006595E-6 	 2.535477243012586E-4 	 1.218710403793219E-6 	 6.685426029040599E-6 	 6.9385350722006595E-6 	 2.535477243012586E-4 	 1.218710403793219E-6 	 
1.2720000000000002 	 5.83119747570552E-6 	 6.265211365542908E-6 	 1.859557727221689E-4 	 9.702729339265007E-7 	 5.83119747570552E-6 	 6.265211365542908E-6 	 1.859557727221689E-4 	 9.702729339265007E-7 	 5.83119747570552E-6 	 6.265211365542908E-6 	 1.859557727221689E-4 	 9.702729339265007E-7 	 5.83119747570552E-6 	 6.265211365542908E-6 	 1.859557727221689E-4 	 9.702729339265007E-7 	 
1.2960000000000003 	 5.734389948423219E-6 	 4.999507708982659E-6 	 1.6723285395988763E-4 	 1.1762041385335738E-6 	 5.734389948423219E-6 	 4.999507708982659E-6 	 1.6723285395988763E-4 	 1.1762041385335738E-6 	 5.734389948423219E-6 	 4.999507708982659E-6 	 1.6723285395988763E-4 	 1.1762041385335738E-6 	 5.734389948423219E-6 	 4.999507708982659E-6 	 1.6723285395988763E-4 	 1.1762041385335738E-6 	 
1.3200000000000003 	 5.7037695172950425E-6 	 4.3189417377814E-6 	 1.9615441707899385E-4 	 1.2480196796194188E-6 	 5.7037695172950425E-6 	 4.3189417377814E-6 	 1.9615441707899385E-4 	 1.2480196796194188E-6 	 5.7037695172950425E-6 	 4.3189417377814E-6 	 1.9615441707899385E-4 	 1.2480196796194188E-6 	 5.7037695172950425E-6 	 4.3189417377814E-6 	 1.9615441707899385E-4 	 1.2480196796194188E-6 	 
1.3440000000000003 	 5.2164693316923865E-6 	 3.752971896379994E-6 	 2.0464580648005102E-4 	 1.270363595858721E-6 	 5.2164693316923865E-6 	 3.752971896379994E-6 	 2.0464580648005102E-4 	 1.270363595858721E-6 	 5.2164693316923865E-6 	 3.752971896379994E-6 	 2.0464580648005102E-4 	 1.270363595858721E-6 	 5.2164693316923865E-6 	 3.752971896379994E-6 	 2.0464580648005102E-4 	 1.270363595858721E-6 	 
1.3680000000000003 	 4.309332703428331E-6 	 2.7005181537069535E-6 	 1.4560825038212183E-4 	 1.4807478438176715E-6 	 4.309332703428331E-6 	 2.7005181537069535E-6 	 1.4560825038212183E-4 	 1.4807478438176715E-6 	 4.309332703428331E-6 	 2.7005181537069535E-6 	 1.4560825038212183E-4 	 1.4807478438176715E-6 	 4.309332703428331E-6 	 2.7005181537069535E-6 	 1.4560825038212183E-4 	 1.4807478438176715E-6 	 
1.3920000000000003 	 3.460225338560863E-6 	 2.270700455305999E-6 	 7.029255482382314E-5 	 9.638248755879954E-7 	 3.460225338560863E-6 	 2.270700455305999E-6 	 7.029255482382314E-5 	 9.638248755879954E-7 	 3.460225338560863E-6 	 2.270700455305999E-6 	 7.029255482382314E-5 	 9.638248755879954E-7 	 3.460225338560863E-6 	 2.270700455305999E-6 	 7.029255482382314E-5 	 9.638248755879954E-7 	 
1.4160000000000004 	 3.7743586452855454E-6 	 2.3391552450643992E-6 	 1.5568933152581085E-4 	 9.86782897306313E-7 	 3.7743586452855454E-6 	 2.3391552450643992E-6 	 1.5568933152581085E-4 	 9.86782897306313E-7 	 3.7743586452855454E-6 	 2.3391552450643992E-6 	 1.5568933152581085E-4 	 9.86782897306313E-7 	 3.7743586452855454E-6 	 2.3391552450643992E-6 	 1.5568933152581085E-4 	 9.86782897306313E-7 	 
1.4400000000000004 	 3.6464446355651494E-6 	 1.9682461102463598E-6 	 9.816789210807384E-5 	 1.6089799941327966E-6 	 3.6464446355651494E-6 	 1.9682461102463598E-6 	 9.816789210807384E-5 	 1.6089799941327966E-6 	 3.6464446355651494E-6 	 1.9682461102463598E-6 	 9.816789210807384E-5 	 1.6089799941327966E-6 	 3.6464446355651494E-6 	 1.9682461102463598E-6 	 9.816789210807384E-5 	 1.6089799941327966E-6 	 
1.4640000000000004 	 2.717187298962665E-6 	 1.597785989406526E-6 	 1.0720764546930628E-4 	 8.68420107017021E-7 	 2.717187298962665E-6 	 1.597785989406526E-6 	 1.0720764546930628E-4 	 8.68420107017021E-7 	 2.717187298962665E-6 	 1.597785989406526E-6 	 1.0720764546930628E-4 	 8.68420107017021E-7 	 2.717187298962665E-6 	 1.597785989406526E-6 	 1.0720764546930628E-4 	 8.68420107017021E-7 	 
1.4880000000000004 	 2.17136255566688E-6 	 1.1887279019891287E-6 	 7.768145031474456E-5 	 7.96768831628419E-7 	 2.17136255566688E-6 	 1.1887279019891287E-6 	 7.768145031474456E-5 	 7.96768831628419E-7 	 2.17136255566688E-6 	 1.1887279019891287E-6 	 7.768145031474456E-5 	 7.96768831628419E-7 	 2.17136255566688E-6 	 1.1887279019891287E-6 	 7.768145031474456E-5 	 7.96768831628419E-7 	 
1.5120000000000005 	 1.3653313519449637E-6 	 9.410771492333244E-7 	 3.9429266327640935E-5 	 1.4594878349227478E-7 	 1.3653313519449637E-6 	 9.410771492333244E-7 	 3.9429266327640935E-5 	 1.4594878349227478E-7 	 1.3653313519449637E-6 	 9.410771492333244E-7 	 3.9429266327640935E-5 	 1.4594878349227478E-7 	 1.3653313519449637E-6 	 9.410771492333244E-7 	 3.9429266327640935E-5 	 1.4594878349227478E-7 	 
1.5360000000000005 	 1.8567766135608291E-6 	 1.049742183603692E-6 	 4.935789465350955E-5 	 7.210295467966853E-7 	 1.8567766135608291E-6 	 1.049742183603692E-6 	 4.935789465350955E-5 	 7.210295467966853E-7 	 1.8567766135608291E-6 	 1.049742183603692E-6 	 4.935789465350955E-5 	 7.210295467966853E-7 	 1.8567766135608291E-6 	 1.049742183603692E-6 	 4.935789465350955E-5 	 7.210295467966853E-7 	 
1.5600000000000005 	 1.7513683909493126E-6 	 9.702126573250922E-7 	 6.819451232354125E-5 	 6.498879234773551E-7 	 1.7513683909493126E-6 	 9.702126573250922E-7 	 6.819451232354125E-5 	 6.498879234773551E-7 	 1.7513683909493126E-6 	 9.702126573250922E-7 	 6.819451232354125E-5 	 6.498879234773551E-7 	 1.7513683909493126E-6 	 9.702126573250922E-7 	 6.819451232354125E-5 	 6.498879234773551E-7 	 
1.5840000000000005 	 1.2918487408165572E-6 	 6.460909167485445E-7 	 4.828580681153536E-5 	 5.316481717061319E-7 	 1.2918487408165572E-6 	 6.460909167485445E-7 	 4.828580681153536E-5 	 5.316481717061319E-7 	 1.2918487408165572E-6 	 6.460909167485445E-7 	 4.828580681153536E-5 	 5.316481717061319E-7 	 1.2918487408165572E-6 	 6.460909167485445E-7 	 4.828580681153536E-5 	 5.316481717061319E-7 	 
1.6080000000000005 	 9.788693845075322E-7 	 5.343614869831045E-7 	 1.0371747767139962E-5 	 3.910728917244239E-7 	 9.788693845075322E-7 	 5.343614869831045E-7 	 1.0371747767139962E-5 	 3.910728917244239E-7 	 9.788693845075322E-7 	 5.343614869831045E-7 	 1.0371747767139962E-5 	 3.910728917244239E-7 	 9.788693845075322E-7 	 5.343614869831045E-7 	 1.0371747767139962E-5 	 3.910728917244239E-7 	 
1.6319999999999997 	 8.752109011774096E-7 	 6.103416082789158E-7 	 3.9018674775203586E-5 	 8.974789027224158E-8 	 8.752109011774096E-7 	 6.103416082789158E-7 	 3.9018674775203586E-5 	 8.974789027224158E-8 	 8.752109011774096E-7 	 6.103416082789158E-7 	 3.9018674775203586E-5 	 8.974789027224158E-8 	 8.752109011774096E-7 	 6.103416082789158E-7 	 3.9018674775203586E-5 	 8.974789027224158E-8 	 
1.6559999999999997 	 9.500362718638075E-7 	 5.266104358632578E-7 	 2.9399688968848018E-5 	 3.142633100810749E-7 	 9.500362718638075E-7 	 5.266104358632578E-7 	 2.9399688968848018E-5 	 3.142633100810749E-7 	 9.500362718638075E-7 	 5.266104358632578E-7 	 2.9399688968848018E-5 	 3.142633100810749E-7 	 9.500362718638075E-7 	 5.266104358632578E-7 	 2.9399688968848018E-5 	 3.142633100810749E-7 	 
1.6799999999999997 	 7.866172689144499E-7 	 4.5585482182514034E-7 	 2.9221690229388148E-5 	 2.0623225765678426E-7 	 7.866172689144499E-7 	 4.5585482182514034E-7 	 2.9221690229388148E-5 	 2.0623225765678426E-7 	 7.866172689144499E-7 	 4.5585482182514034E-7 	 2.9221690229388148E-5 	 2.0623225765678426E-7 	 7.866172689144499E-7 	 4.5585482182514034E-7 	 2.9221690229388148E-5 	 2.0623225765678426E-7 	 
1.7039999999999997 	 5.387168632805388E-7 	 3.9352567172629896E-7 	 1.9786056788211987E-5 	 5.644178714303333E-8 	 5.387168632805388E-7 	 3.9352567172629896E-7 	 1.9786056788211987E-5 	 5.644178714303333E-8 	 5.387168632805388E-7 	 3.9352567172629896E-7 	 1.9786056788211987E-5 	 5.644178714303333E-8 	 5.387168632805388E-7 	 3.9352567172629896E-7 	 1.9786056788211987E-5 	 5.644178714303333E-8 	 
1.7279999999999998 	 6.446018101700705E-7 	 3.70128732764386E-7 	 2.904090364875641E-5 	 1.6630452719868003E-7 	 6.446018101700705E-7 	 3.70128732764386E-7 	 2.904090364875641E-5 	 1.6630452719868003E-7 	 6.446018101700705E-7 	 3.70128732764386E-7 	 2.904090364875641E-5 	 1.6630452719868003E-7 	 6.446018101700705E-7 	 3.70128732764386E-7 	 2.904090364875641E-5 	 1.6630452719868003E-7 	 
1.7519999999999998 	 4.909533388738898E-7 	 3.289099616834238E-7 	 1.0327462380386234E-5 	 8.847594360016841E-8 	 4.909533388738898E-7 	 3.289099616834238E-7 	 1.0327462380386234E-5 	 8.847594360016841E-8 	 4.909533388738898E-7 	 3.289099616834238E-7 	 1.0327462380386234E-5 	 8.847594360016841E-8 	 4.909533388738898E-7 	 3.289099616834238E-7 	 1.0327462380386234E-5 	 8.847594360016841E-8 	 
1.7759999999999998 	 4.4816801460701813E-7 	 2.8070758896307536E-7 	 3.844657837188991E-5 	 4.617480604509579E-8 	 4.4816801460701813E-7 	 2.8070758896307536E-7 	 3.844657837188991E-5 	 4.617480604509579E-8 	 4.4816801460701813E-7 	 2.8070758896307536E-7 	 3.844657837188991E-5 	 4.617480604509579E-8 	 4.4816801460701813E-7 	 2.8070758896307536E-7 	 3.844657837188991E-5 	 4.617480604509579E-8 	 
1.7999999999999998 	 1.5248123746989567E-7 	 7.416585105120013E-8 	 1.8172898709890737E-8 	 4.88874269866461E-8 	 1.5248123746989567E-7 	 7.416585105120013E-8 	 1.8172898709890737E-8 	 4.88874269866461E-8 	 1.5248123746989567E-7 	 7.416585105120013E-8 	 1.8172898709890737E-8 	 4.88874269866461E-8 	 1.5248123746989567E-7 	 7.416585105120013E-8 	 1.8172898709890737E-8 	 4.88874269866461E-8 	 
1.8239999999999998 	 1.6908939272792384E-7 	 1.3752017961607678E-7 	 3.6189431904627777E-7 	 1.705528118835164E-8 	 1.6908939272792384E-7 	 1.3752017961607678E-7 	 3.6189431904627777E-7 	 1.705528118835164E-8 	 1.6908939272792384E-7 	 1.3752017961607678E-7 	 3.6189431904627777E-7 	 1.705528118835164E-8 	 1.6908939272792384E-7 	 1.3752017961607678E-7 	 3.6189431904627777E-7 	 1.705528118835164E-8 	 
1.8479999999999999 	 2.694343570851258E-7 	 1.5332968110518994E-7 	 1.9223078064148013E-5 	 4.7696655883454245E-8 	 2.694343570851258E-7 	 1.5332968110518994E-7 	 1.9223078064148013E-5 	 4.7696655883454245E-8 	 2.694343570851258E-7 	 1.5332968110518994E-7 	 1.9223078064148013E-5 	 4.7696655883454245E-8 	 2.694343570851258E-7 	 1.5332968110518994E-7 	 1.9223078064148013E-5 	 4.7696655883454245E-8 	 
1.8719999999999999 	 8.252680709426474E-8 	 4.543263597739221E-8 	 1.0397132717422988E-8 	 1.6091806240508537E-8 	 8.252680709426474E-8 	 4.543263597739221E-8 	 1.0397132717422988E-8 	 1.6091806240508537E-8 	 8.252680709426474E-8 	 4.543263597739221E-8 	 1.0397132717422988E-8 	 1.6091806240508537E-8 	 8.252680709426474E-8 	 4.543263597739221E-8 	 1.0397132717422988E-8 	 1.6091806240508537E-8 	 
1.896 	 9.250977055315349E-8 	 7.428335643686745E-8 	 1.8375764579452101E-7 	 8.636354808219056E-9 	 9.250977055315349E-8 	 7.428335643686745E-8 	 1.8375764579452101E-7 	 8.636354808219056E-9 	 9.250977055315349E-8 	 7.428335643686745E-8 	 1.8375764579452101E-7 	 8.636354808219056E-9 	 9.250977055315349E-8 	 7.428335643686745E-8 	 1.8375764579452101E-7 	 8.636354808219056E-9 	 
1.92 	 1.4648514835988168E-7 	 8.741186764798625E-8 	 9.617603156693676E-6 	 1.71389710651288E-8 	 1.4648514835988168E-7 	 8.741186764798625E-8 	 9.617603156693676E-6 	 1.71389710651288E-8 	 1.4648514835988168E-7 	 8.741186764798625E-8 	 9.617603156693676E-6 	 1.71389710651288E-8 	 1.4648514835988168E-7 	 8.741186764798625E-8 	 9.617603156693676E-6 	 1.71389710651288E-8 	 
1.944 	 7.919691413469794E-8 	 6.654583844928029E-8 	 1.8023236727478485E-7 	 8.396043548959821E-9 	 7.919691413469794E-8 	 6.654583844928029E-8 	 1.8023236727478485E-7 	 8.396043548959821E-9 	 7.919691413469794E-8 	 6.654583844928029E-8 	 1.8023236727478485E-7 	 8.396043548959821E-9 	 7.919691413469794E-8 	 6.654583844928029E-8 	 1.8023236727478485E-7 	 8.396043548959821E-9 	 
1.968 	 1.1706918438725635E-7 	 6.857396302355984E-8 	 9.609217159052551E-6 	 1.405283437270801E-8 	 1.1706918438725635E-7 	 6.857396302355984E-8 	 9.609217159052551E-6 	 1.405283437270801E-8 	 1.1706918438725635E-7 	 6.857396302355984E-8 	 9.609217159052551E-6 	 1.405283437270801E-8 	 1.1706918438725635E-7 	 6.857396302355984E-8 	 9.609217159052551E-6 	 1.405283437270801E-8 	 
1.992 	 1.4773604945572269E-8 	 9.823453294134099E-9 	 1.5511756433064322E-9 	 1.079289976841121E-9 	 1.4773604945572269E-8 	 9.823453294134099E-9 	 1.5511756433064322E-9 	 1.079289976841121E-9 	 1.4773604945572269E-8 	 9.823453294134099E-9 	 1.5511756433064322E-9 	 1.079289976841121E-9 	 1.4773604945572269E-8 	 9.823453294134099E-9 	 1.5511756433064322E-9 	 1.079289976841121E-9 	 
2.016 	 2.2986236288913363E-8 	 1.4764711174087377E-8 	 4.81264345344402E-9 	 2.761626565543962E-9 	 2.2986236288913363E-8 	 1.4764711174087377E-8 	 4.81264345344402E-9 	 2.761626565543962E-9 	 2.2986236288913363E-8 	 1.4764711174087377E-8 	 4.81264345344402E-9 	 2.761626565543962E-9 	 2.2986236288913363E-8 	 1.4764711174087377E-8 	 4.81264345344402E-9 	 2.761626565543962E-9 	 
2.04 	 2.9582343071621394E-8 	 2.1779277130322082E-8 	 8.568886189178073E-9 	 3.2378699305233626E-9 	 2.9582343071621394E-8 	 2.1779277130322082E-8 	 8.568886189178073E-9 	 3.2378699305233626E-9 	 2.9582343071621394E-8 	 2.1779277130322082E-8 	 8.568886189178073E-9 	 3.2378699305233626E-9 	 2.9582343071621394E-8 	 2.1779277130322082E-8 	 8.568886189178073E-9 	 3.2378699305233626E-9 	 
2.064 	 6.274276540536453E-8 	 5.4948391158512494E-8 	 1.7870629314001218E-7 	 6.475739861046726E-9 	 6.274276540536453E-8 	 5.4948391158512494E-8 	 1.7870629314001218E-7 	 6.475739861046726E-9 	 6.274276540536453E-8 	 5.4948391158512494E-8 	 1.7870629314001218E-7 	 6.475739861046726E-9 	 6.274276540536453E-8 	 5.4948391158512494E-8 	 1.7870629314001218E-7 	 6.475739861046726E-9 	 
2.088 	 9.24191949760435E-8 	 5.683843188295491E-8 	 9.60874247069336E-6 	 9.713609791570088E-9 	 9.24191949760435E-8 	 5.683843188295491E-8 	 9.60874247069336E-6 	 9.713609791570088E-9 	 9.24191949760435E-8 	 5.683843188295491E-8 	 9.60874247069336E-6 	 9.713609791570088E-9 	 9.24191949760435E-8 	 5.683843188295491E-8 	 9.60874247069336E-6 	 9.713609791570088E-9 	 
2.112 	 0.0 	 0.0 	 0.0 	 0.0 	 0.0 	 0.0 	 0.0 	 0.0 	 0.0 	 0.0 	 0.0 	 0.0 	 0.0 	 0.0 	 0.0 	 0.0 	 
2.136 	 0.0 	 0.0 	 0.0 	 0.0 	 0.0 	 0.0 	 0.0 	 0.0 	 0.0 	 0.0 	 0.0 	 0.0 	 0.0 	 0.0 	 0.0 	 0.0 	 
2.16 	 0.0 	 0.0 	 0.0 	 0.0 	 0.0 	 0.0 	 0.0 	 0.0 	 0.0 	 0.0 	 0.0 	 0.0 	 0.0 	 0.0 	 0.0 	 0.0 	 
2.184 	 0.0 	 0.0 	 0.0 	 0.0 	 0.0 	 0.0 	 0.0 	 0.0 	 0.0 	 0.0 	 0.0 	 0.0 	 0.0 	 0.0 	 0.0 	 0.0 	 
2.208 	 0.0 	 0.0 	 0.0 	 0.0 	 0.0 	 0.0 	 0.0 	 0.0 	 0.0 	 0.0 	 0.0 	 0.0 	 0.0 	 0.0 	 0.0 	 0.0 	 
2.232 	 0.0 	 0.0 	 0.0 	 0.0 	 0.0 	 0.0 	 0.0 	 0.0 	 0.0 	 0.0 	 0.0 	 0.0 	 0.0 	 0.0 	 0.0 	 0.0 	 
2.2560000000000002 	 0.0 	 0.0 	 0.0 	 0.0 	 0.0 	 0.0 	 0.0 	 0.0 	 0.0 	 0.0 	 0.0 	 0.0 	 0.0 	 0.0 	 0.0 	 0.0 	 
2.2800000000000002 	 0.0 	 0.0 	 0.0 	 0.0 	 0.0 	 0.0 	 0.0 	 0.0 	 0.0 	 0.0 	 0.0 	 0.0 	 0.0 	 0.0 	 0.0 	 0.0 	 
2.3040000000000003 	 0.0 	 0.0 	 0.0 	 0.0 	 0.0 	 0.0 	 0.0 	 0.0 	 0.0 	 0.0 	 0.0 	 0.0 	 0.0 	 0.0 	 0.0 	 0.0 	 
2.3280000000000003 	 0.0 	 0.0 	 0.0 	 0.0 	 0.0 	 0.0 	 0.0 	 0.0 	 0.0 	 0.0 	 0.0 	 0.0 	 0.0 	 0.0 	 0.0 	 0.0 	 
2.3520000000000003 	 0.0 	 0.0 	 0.0 	 0.0 	 0.0 	 0.0 	 0.0 	 0.0 	 0.0 	 0.0 	 0.0 	 0.0 	 0.0 	 0.0 	 0.0 	 0.0 	 
2.3760000000000003 	 0.0 	 0.0 	 0.0 	 0.0 	 0.0 	 0.0 	 0.0 	 0.0 	 0.0 	 0.0 	 0.0 	 0.0 	 0.0 	 0.0 	 0.0 	 0.0 	 
2.4000000000000004 	 0.0 	 0.0 	 0.0 	 0.0 	 0.0 	 0.0 	 0.0 	 0.0 	 0.0 	 0.0 	 0.0 	 0.0 	 0.0 	 0.0 	 0.0 	 0.0 	 
2.4240000000000004 	 0.0 	 0.0 	 0.0 	 0.0 	 0.0 	 0.0 	 0.0 	 0.0 	 0.0 	 0.0 	 0.0 	 0.0 	 0.0 	 0.0 	 0.0 	 0.0 	 
2.4480000000000004 	 0.0 	 0.0 	 0.0 	 0.0 	 0.0 	 0.0 	 0.0 	 0.0 	 0.0 	 0.0 	 0.0 	 0.0 	 0.0 	 0.0 	 0.0 	 0.0 	 
2.4720000000000004 	 0.0 	 0.0 	 0.0 	 0.0 	 0.0 	 0.0 	 0.0 	 0.0 	 0.0 	 0.0 	 0.0 	 0.0 	 0.0 	 0.0 	 0.0 	 0.0 	 
2.4960000000000004 	 0.0 	 0.0 	 0.0 	 0.0 	 0.0 	 0.0 	 0.0 	 0.0 	 0.0 	 0.0 	 0.0 	 0.0 	 0.0 	 0.0 	 0.0 	 0.0 	 
2.5200000000000005 	 0.0 	 0.0 	 0.0 	 0.0 	 0.0 	 0.0 	 0.0 	 0.0 	 0.0 	 0.0 	 0.0 	 0.0 	 0.0 	 0.0 	 0.0 	 0.0 	 
2.5440000000000005 	 0.0 	 0.0 	 0.0 	 0.0 	 0.0 	 0.0 	 0.0 	 0.0 	 0.0 	 0.0 	 0.0 	 0.0 	 0.0 	 0.0 	 0.0 	 0.0 	 
2.5680000000000005 	 0.0 	 0.0 	 0.0 	 0.0 	 0.0 	 0.0 	 0.0 	 0.0 	 0.0 	 0.0 	 0.0 	 0.0 	 0.0 	 0.0 	 0.0 	 0.0 	 
2.5920000000000005 	 0.0 	 0.0 	 0.0 	 0.0 	 0.0 	 0.0 	 0.0 	 0.0 	 0.0 	 0.0 	 0.0 	 0.0 	 0.0 	 0.0 	 0.0 	 0.0 	 
2.6160000000000005 	 0.0 	 0.0 	 0.0 	 0.0 	 0.0 	 0.0 	 0.0 	 0.0 	 0.0 	 0.0 	 0.0 	 0.0 	 0.0 	 0.0 	 0.0 	 0.0 	 
2.6399999999999997 	 0.0 	 0.0 	 0.0 	 0.0 	 0.0 	 0.0 	 0.0 	 0.0 	 0.0 	 0.0 	 0.0 	 0.0 	 0.0 	 0.0 	 0.0 	 0.0 	 
2.6639999999999997 	 0.0 	 0.0 	 0.0 	 0.0 	 0.0 	 0.0 	 0.0 	 0.0 	 0.0 	 0.0 	 0.0 	 0.0 	 0.0 	 0.0 	 0.0 	 0.0 	 
2.6879999999999997 	 0.0 	 0.0 	 0.0 	 0.0 	 0.0 	 0.0 	 0.0 	 0.0 	 0.0 	 0.0 	 0.0 	 0.0 	 0.0 	 0.0 	 0.0 	 0.0 	 
2.7119999999999997 	 0.0 	 0.0 	 0.0 	 0.0 	 0.0 	 0.0 	 0.0 	 0.0 	 0.0 	 0.0 	 0.0 	 0.0 	 0.0 	 0.0 	 0.0 	 0.0 	 
2.7359999999999998 	 0.0 	 0.0 	 0.0 	 0.0 	 0.0 	 0.0 	 0.0 	 0.0 	 0.0 	 0.0 	 0.0 	 0.0 	 0.0 	 0.0 	 0.0 	 0.0 	 
2.76 	 0.0 	 0.0 	 0.0 	 0.0 	 0.0 	 0.0 	 0.0 	 0.0 	 0.0 	 0.0 	 0.0 	 0.0 	 0.0 	 0.0 	 0.0 	 0.0 	 
2.784 	 0.0 	 0.0 	 0.0 	 0.0 	 0.0 	 0.0 	 0.0 	 0.0 	 0.0 	 0.0 	 0.0 	 0.0 	 0.0 	 0.0 	 0.0 	 0.0 	 
2.808 	 0.0 	 0.0 	 0.0 	 0.0 	 0.0 	 0.0 	 0.0 	 0.0 	 0.0 	 0.0 	 0.0 	 0.0 	 0.0 	 0.0 	 0.0 	 0.0 	 
2.832 	 0.0 	 0.0 	 0.0 	 0.0 	 0.0 	 0.0 	 0.0 	 0.0 	 0.0 	 0.0 	 0.0 	 0.0 	 0.0 	 0.0 	 0.0 	 0.0 	 
2.856 	 0.0 	 0.0 	 0.0 	 0.0 	 0.0 	 0.0 	 0.0 	 0.0 	 0.0 	 0.0 	 0.0 	 0.0 	 0.0 	 0.0 	 0.0 	 0.0 	 
2.88 	 0.0 	 0.0 	 0.0 	 0.0 	 0.0 	 0.0 	 0.0 	 0.0 	 0.0 	 0.0 	 0.0 	 0.0 	 0.0 	 0.0 	 0.0 	 0.0 	 
2.904 	 0.0 	 0.0 	 0.0 	 0.0 	 0.0 	 0.0 	 0.0 	 0.0 	 0.0 	 0.0 	 0.0 	 0.0 	 0.0 	 0.0 	 0.0 	 0.0 	 
2.928 	 0.0 	 0.0 	 0.0 	 0.0 	 0.0 	 0.0 	 0.0 	 0.0 	 0.0 	 0.0 	 0.0 	 0.0 	 0.0 	 0.0 	 0.0 	 0.0 	 
2.952 	 0.0 	 0.0 	 0.0 	 0.0 	 0.0 	 0.0 	 0.0 	 0.0 	 0.0 	 0.0 	 0.0 	 0.0 	 0.0 	 0.0 	 0.0 	 0.0 	 
2.976 	 0.0 	 0.0 	 0.0 	 0.0 	 0.0 	 0.0 	 0.0 	 0.0 	 0.0 	 0.0 	 0.0 	 0.0 	 0.0 	 0.0 	 0.0 	 0.0 	 
