-3.0 	 1.0781915892655293E-8 	 2.8912153411451035E-6 	 1.0781915892655293E-8 	 2.8912153411451035E-6 	 1.0781915892655293E-8 	 2.8912153411451035E-6 	 1.0781915892655293E-8 	 2.8912153411451035E-6 	 1.0781915892655293E-8 	 2.8912153411451035E-6 	 1.0781915892655293E-8 	 2.8912153411451035E-6 	 1.0781915892655293E-8 	 2.8912153411451035E-6 	 1.0781915892655293E-8 	 2.8912153411451035E-6 	 
-2.976 	 1.2938147173399321E-8 	 1.7392381059693367E-6 	 1.2938147173399321E-8 	 1.7392381059693367E-6 	 1.2938147173399321E-8 	 1.7392381059693367E-6 	 1.2938147173399321E-8 	 1.7392381059693367E-6 	 1.2938147173399321E-8 	 1.7392381059693367E-6 	 1.2938147173399321E-8 	 1.7392381059693367E-6 	 1.2938147173399321E-8 	 1.7392381059693367E-6 	 1.2938147173399321E-8 	 1.7392381059693367E-6 	 
-2.952 	 8.625431448932881E-9 	 1.6034270028614032E-6 	 8.625431448932881E-9 	 1.6034270028614032E-6 	 8.625431448932881E-9 	 1.6034270028614032E-6 	 8.625431448932881E-9 	 1.6034270028614032E-6 	 8.625431448932881E-9 	 1.6034270028614032E-6 	 8.625431448932881E-9 	 1.6034270028614032E-6 	 8.625431448932881E-9 	 1.6034270028614032E-6 	 8.625431448932881E-9 	 1.6034270028614032E-6 	 
-2.928 	 6.900362036678197E-8 	 1.947063853897349E-6 	 6.900362036678197E-8 	 1.947063853897349E-6 	 6.900362036678197E-8 	 1.947063853897349E-6 	 6.900362036678197E-8 	 1.947063853897349E-6 	 6.900362036678197E-8 	 1.947063853897349E-6 	 6.900362036678197E-8 	 1.947063853897349E-6 	 6.900362036678197E-8 	 1.947063853897349E-6 	 6.900362036678197E-8 	 1.947063853897349E-6 	 
-2.904 	 4.1531452426611834E-6 	 4.479091104195614E-6 	 4.1531452426611834E-6 	 4.479091104195614E-6 	 4.1531452426611834E-6 	 4.479091104195614E-6 	 4.1531452426611834E-6 	 4.479091104195614E-6 	 4.1531452426611834E-6 	 4.479091104195614E-6 	 4.1531452426611834E-6 	 4.479091104195614E-6 	 4.1531452426611834E-6 	 4.479091104195614E-6 	 4.1531452426611834E-6 	 4.479091104195614E-6 	 
-2.88 	 1.5325235326891494E-5 	 7.219018877358036E-6 	 1.5325235326891494E-5 	 7.219018877358036E-6 	 1.5325235326891494E-5 	 7.219018877358036E-6 	 1.5325235326891494E-5 	 7.219018877358036E-6 	 1.5325235326891494E-5 	 7.219018877358036E-6 	 1.5325235326891494E-5 	 7.219018877358036E-6 	 1.5325235326891494E-5 	 7.219018877358036E-6 	 1.5325235326891494E-5 	 7.219018877358036E-6 	 
-2.856 	 2.3720020872224885E-8 	 1.044774165335732E-5 	 2.3720020872224885E-8 	 1.044774165335732E-5 	 2.3720020872224885E-8 	 1.044774165335732E-5 	 2.3720020872224885E-8 	 1.044774165335732E-5 	 2.3720020872224885E-8 	 1.044774165335732E-5 	 2.3720020872224885E-8 	 1.044774165335732E-5 	 2.3720020872224885E-8 	 1.044774165335732E-5 	 2.3720020872224885E-8 	 1.044774165335732E-5 	 
-2.832 	 1.2938147173399321E-8 	 1.1970981791429714E-5 	 1.2938147173399321E-8 	 1.1970981791429714E-5 	 1.2938147173399321E-8 	 1.1970981791429714E-5 	 1.2938147173399321E-8 	 1.1970981791429714E-5 	 1.2938147173399321E-8 	 1.1970981791429714E-5 	 1.2938147173399321E-8 	 1.1970981791429714E-5 	 1.2938147173399321E-8 	 1.1970981791429714E-5 	 1.2938147173399321E-8 	 1.1970981791429714E-5 	 
-2.808 	 9.272338807602847E-8 	 1.228842292627001E-5 	 9.272338807602847E-8 	 1.228842292627001E-5 	 9.272338807602847E-8 	 1.228842292627001E-5 	 9.272338807602847E-8 	 1.228842292627001E-5 	 9.272338807602847E-8 	 1.228842292627001E-5 	 9.272338807602847E-8 	 1.228842292627001E-5 	 9.272338807602847E-8 	 1.228842292627001E-5 	 9.272338807602847E-8 	 1.228842292627001E-5 	 
-2.784 	 6.238343337634537E-6 	 9.801236919816044E-6 	 6.238343337634537E-6 	 9.801236919816044E-6 	 6.238343337634537E-6 	 9.801236919816044E-6 	 6.238343337634537E-6 	 9.801236919816044E-6 	 6.238343337634537E-6 	 9.801236919816044E-6 	 6.238343337634537E-6 	 9.801236919816044E-6 	 6.238343337634537E-6 	 9.801236919816044E-6 	 6.238343337634537E-6 	 9.801236919816044E-6 	 
-2.76 	 2.298461849573772E-5 	 9.822906805908852E-6 	 2.298461849573772E-5 	 9.822906805908852E-6 	 2.298461849573772E-5 	 9.822906805908852E-6 	 2.298461849573772E-5 	 9.822906805908852E-6 	 2.298461849573772E-5 	 9.822906805908852E-6 	 2.298461849573772E-5 	 9.822906805908852E-6 	 2.298461849573772E-5 	 9.822906805908852E-6 	 2.298461849573772E-5 	 9.822906805908852E-6 	 
-2.7359999999999998 	 3.2345367933498306E-8 	 8.73453125056449E-6 	 3.2345367933498306E-8 	 8.73453125056449E-6 	 3.2345367933498306E-8 	 8.73453125056449E-6 	 3.2345367933498306E-8 	 8.73453125056449E-6 	 3.2345367933498306E-8 	 8.73453125056449E-6 	 3.2345367933498306E-8 	 8.73453125056449E-6 	 3.2345367933498306E-8 	 8.73453125056449E-6 	 3.2345367933498306E-8 	 8.73453125056449E-6 	 
-2.7119999999999997 	 2.085198094973354E-6 	 1.0356922770551823E-5 	 2.085198094973354E-6 	 1.0356922770551823E-5 	 2.085198094973354E-6 	 1.0356922770551823E-5 	 2.085198094973354E-6 	 1.0356922770551823E-5 	 2.085198094973354E-6 	 1.0356922770551823E-5 	 2.085198094973354E-6 	 1.0356922770551823E-5 	 2.085198094973354E-6 	 1.0356922770551823E-5 	 2.085198094973354E-6 	 1.0356922770551823E-5 	 
-2.688 	 7.665852242432926E-6 	 1.1525292198110882E-5 	 7.665852242432926E-6 	 1.1525292198110882E-5 	 7.665852242432926E-6 	 1.1525292198110882E-5 	 7.665852242432926E-6 	 1.1525292198110882E-5 	 7.665852242432926E-6 	 1.1525292198110882E-5 	 7.665852242432926E-6 	 1.1525292198110882E-5 	 7.665852242432926E-6 	 1.1525292198110882E-5 	 7.665852242432926E-6 	 1.1525292198110882E-5 	 
-2.664 	 3.018901007126509E-8 	 1.3377050871386682E-5 	 3.018901007126509E-8 	 1.3377050871386682E-5 	 3.018901007126509E-8 	 1.3377050871386682E-5 	 3.018901007126509E-8 	 1.3377050871386682E-5 	 3.018901007126509E-8 	 1.3377050871386682E-5 	 3.018901007126509E-8 	 1.3377050871386682E-5 	 3.018901007126509E-8 	 1.3377050871386682E-5 	 3.018901007126509E-8 	 1.3377050871386682E-5 	 
-2.64 	 2.0830417793049508E-6 	 1.4197995793817484E-5 	 2.0830417793049508E-6 	 1.4197995793817484E-5 	 2.0830417793049508E-6 	 1.4197995793817484E-5 	 2.0830417793049508E-6 	 1.4197995793817484E-5 	 2.0830417793049508E-6 	 1.4197995793817484E-5 	 2.0830417793049508E-6 	 1.4197995793817484E-5 	 2.0830417793049508E-6 	 1.4197995793817484E-5 	 2.0830417793049508E-6 	 1.4197995793817484E-5 	 
-2.616 	 7.665852200239096E-6 	 1.4790777153834446E-5 	 7.665852200239096E-6 	 1.4790777153834446E-5 	 7.665852200239096E-6 	 1.4790777153834446E-5 	 7.665852200239096E-6 	 1.4790777153834446E-5 	 7.665852200239096E-6 	 1.4790777153834446E-5 	 7.665852200239096E-6 	 1.4790777153834446E-5 	 7.665852200239096E-6 	 1.4790777153834446E-5 	 7.665852200239096E-6 	 1.4790777153834446E-5 	 
-2.592 	 6.4690735866996606E-9 	 1.3675081628458447E-5 	 6.4690735866996606E-9 	 1.3675081628458447E-5 	 6.4690735866996606E-9 	 1.3675081628458447E-5 	 6.4690735866996606E-9 	 1.3675081628458447E-5 	 6.4690735866996606E-9 	 1.3675081628458447E-5 	 6.4690735866996606E-9 	 1.3675081628458447E-5 	 6.4690735866996606E-9 	 1.3675081628458447E-5 	 6.4690735866996606E-9 	 1.3675081628458447E-5 	 
-2.568 	 3.8814483714027696E-8 	 1.3427946242867488E-5 	 3.8814483714027696E-8 	 1.3427946242867488E-5 	 3.8814483714027696E-8 	 1.3427946242867488E-5 	 3.8814483714027696E-8 	 1.3427946242867488E-5 	 3.8814483714027696E-8 	 1.3427946242867488E-5 	 3.8814483714027696E-8 	 1.3427946242867488E-5 	 3.8814483714027696E-8 	 1.3427946242867488E-5 	 3.8814483714027696E-8 	 1.3427946242867488E-5 	 
-2.544 	 2.080885337055058E-6 	 1.230456262829609E-5 	 2.080885337055058E-6 	 1.230456262829609E-5 	 2.080885337055058E-6 	 1.230456262829609E-5 	 2.080885337055058E-6 	 1.230456262829609E-5 	 2.080885337055058E-6 	 1.230456262829609E-5 	 2.080885337055058E-6 	 1.230456262829609E-5 	 2.080885337055058E-6 	 1.230456262829609E-5 	 2.080885337055058E-6 	 1.230456262829609E-5 	 
-2.52 	 7.696041294698024E-6 	 1.5369100375339843E-5 	 7.696041294698024E-6 	 1.5369100375339843E-5 	 7.696041294698024E-6 	 1.5369100375339843E-5 	 7.696041294698024E-6 	 1.5369100375339843E-5 	 7.696041294698024E-6 	 1.5369100375339843E-5 	 7.696041294698024E-6 	 1.5369100375339843E-5 	 7.696041294698024E-6 	 1.5369100375339843E-5 	 7.696041294698024E-6 	 1.5369100375339843E-5 	 
-2.496 	 2.085198094973354E-6 	 2.1011272927211402E-5 	 2.085198094973354E-6 	 2.1011272927211402E-5 	 2.085198094973354E-6 	 2.1011272927211402E-5 	 2.085198094973354E-6 	 2.1011272927211402E-5 	 2.085198094973354E-6 	 2.1011272927211402E-5 	 2.085198094973354E-6 	 2.1011272927211402E-5 	 2.085198094973354E-6 	 2.1011272927211402E-5 	 2.085198094973354E-6 	 2.1011272927211402E-5 	 
-2.472 	 7.665852242432926E-6 	 2.7936155269366295E-5 	 7.665852242432926E-6 	 2.7936155269366295E-5 	 7.665852242432926E-6 	 2.7936155269366295E-5 	 7.665852242432926E-6 	 2.7936155269366295E-5 	 7.665852242432926E-6 	 2.7936155269366295E-5 	 7.665852242432926E-6 	 2.7936155269366295E-5 	 7.665852242432926E-6 	 2.7936155269366295E-5 	 7.665852242432926E-6 	 2.7936155269366295E-5 	 
-2.448 	 3.881461029551689E-8 	 3.470105204456597E-5 	 3.881461029551689E-8 	 3.470105204456597E-5 	 3.881461029551689E-8 	 3.470105204456597E-5 	 3.881461029551689E-8 	 3.470105204456597E-5 	 3.881461029551689E-8 	 3.470105204456597E-5 	 3.881461029551689E-8 	 3.470105204456597E-5 	 3.881461029551689E-8 	 3.470105204456597E-5 	 3.881461029551689E-8 	 3.470105204456597E-5 	 
-2.424 	 2.0808854214427177E-6 	 3.763698391063188E-5 	 2.0808854214427177E-6 	 3.763698391063188E-5 	 2.0808854214427177E-6 	 3.763698391063188E-5 	 2.0808854214427177E-6 	 3.763698391063188E-5 	 2.0808854214427177E-6 	 3.763698391063188E-5 	 2.0808854214427177E-6 	 3.763698391063188E-5 	 2.0808854214427177E-6 	 3.763698391063188E-5 	 2.0808854214427177E-6 	 3.763698391063188E-5 	 
-2.4 	 7.66800864248899E-6 	 3.805246295931768E-5 	 7.66800864248899E-6 	 3.805246295931768E-5 	 7.66800864248899E-6 	 3.805246295931768E-5 	 7.66800864248899E-6 	 3.805246295931768E-5 	 7.66800864248899E-6 	 3.805246295931768E-5 	 7.66800864248899E-6 	 3.805246295931768E-5 	 7.66800864248899E-6 	 3.805246295931768E-5 	 7.66800864248899E-6 	 3.805246295931768E-5 	 
-2.376 	 2.3720105259884346E-8 	 3.432268319224331E-5 	 2.3720105259884346E-8 	 3.432268319224331E-5 	 2.3720105259884346E-8 	 3.432268319224331E-5 	 2.3720105259884346E-8 	 3.432268319224331E-5 	 2.3720105259884346E-8 	 3.432268319224331E-5 	 2.3720105259884346E-8 	 3.432268319224331E-5 	 2.3720105259884346E-8 	 3.432268319224331E-5 	 2.3720105259884346E-8 	 3.432268319224331E-5 	 
-2.352 	 2.3720063066054614E-8 	 3.474937164365812E-5 	 2.3720063066054614E-8 	 3.474937164365812E-5 	 2.3720063066054614E-8 	 3.474937164365812E-5 	 2.3720063066054614E-8 	 3.474937164365812E-5 	 2.3720063066054614E-8 	 3.474937164365812E-5 	 2.3720063066054614E-8 	 3.474937164365812E-5 	 2.3720063066054614E-8 	 3.474937164365812E-5 	 2.3720063066054614E-8 	 3.474937164365812E-5 	 
-2.328 	 7.762892523422569E-8 	 3.122255250326214E-5 	 7.762892523422569E-8 	 3.122255250326214E-5 	 7.762892523422569E-8 	 3.122255250326214E-5 	 7.762892523422569E-8 	 3.122255250326214E-5 	 7.762892523422569E-8 	 3.122255250326214E-5 	 7.762892523422569E-8 	 3.122255250326214E-5 	 7.762892523422569E-8 	 3.122255250326214E-5 	 7.762892523422569E-8 	 3.122255250326214E-5 	 
-2.304 	 4.209210673660735E-6 	 3.261532060648261E-5 	 4.209210673660735E-6 	 3.261532060648261E-5 	 4.209210673660735E-6 	 3.261532060648261E-5 	 4.209210673660735E-6 	 3.261532060648261E-5 	 4.209210673660735E-6 	 3.261532060648261E-5 	 4.209210673660735E-6 	 3.261532060648261E-5 	 4.209210673660735E-6 	 3.261532060648261E-5 	 4.209210673660735E-6 	 3.261532060648261E-5 	 
-2.2800000000000002 	 1.7451404347828755E-5 	 3.302760501654748E-5 	 1.7451404347828755E-5 	 3.302760501654748E-5 	 1.7451404347828755E-5 	 3.302760501654748E-5 	 1.7451404347828755E-5 	 3.302760501654748E-5 	 1.7451404347828755E-5 	 3.302760501654748E-5 	 1.7451404347828755E-5 	 3.302760501654748E-5 	 1.7451404347828755E-5 	 3.302760501654748E-5 	 1.7451404347828755E-5 	 3.302760501654748E-5 	 
-2.2560000000000002 	 9.813584673217207E-6 	 3.574179568063038E-5 	 9.813584673217207E-6 	 3.574179568063038E-5 	 9.813584673217207E-6 	 3.574179568063038E-5 	 9.813584673217207E-6 	 3.574179568063038E-5 	 9.813584673217207E-6 	 3.574179568063038E-5 	 9.813584673217207E-6 	 3.574179568063038E-5 	 9.813584673217207E-6 	 3.574179568063038E-5 	 9.813584673217207E-6 	 3.574179568063038E-5 	 
-2.232 	 1.1877219358343557E-5 	 3.8945958919743124E-5 	 1.1877219358343557E-5 	 3.8945958919743124E-5 	 1.1877219358343557E-5 	 3.8945958919743124E-5 	 1.1877219358343557E-5 	 3.8945958919743124E-5 	 1.1877219358343557E-5 	 3.8945958919743124E-5 	 1.1877219358343557E-5 	 3.8945958919743124E-5 	 1.1877219358343557E-5 	 3.8945958919743124E-5 	 1.1877219358343557E-5 	 3.8945958919743124E-5 	 
-2.208 	 1.745571706355322E-5 	 4.1807533661012626E-5 	 1.745571706355322E-5 	 4.1807533661012626E-5 	 1.745571706355322E-5 	 4.1807533661012626E-5 	 1.745571706355322E-5 	 4.1807533661012626E-5 	 1.745571706355322E-5 	 4.1807533661012626E-5 	 1.745571706355322E-5 	 4.1807533661012626E-5 	 1.745571706355322E-5 	 4.1807533661012626E-5 	 1.745571706355322E-5 	 4.1807533661012626E-5 	 
-2.184 	 9.820053957773058E-6 	 4.560291776094023E-5 	 9.820053957773058E-6 	 4.560291776094023E-5 	 9.820053957773058E-6 	 4.560291776094023E-5 	 9.820053957773058E-6 	 4.560291776094023E-5 	 9.820053957773058E-6 	 4.560291776094023E-5 	 9.820053957773058E-6 	 4.560291776094023E-5 	 9.820053957773058E-6 	 4.560291776094023E-5 	 9.820053957773058E-6 	 4.560291776094023E-5 	 
-2.16 	 1.1898782979159712E-5 	 4.954509816615151E-5 	 1.1898782979159712E-5 	 4.954509816615151E-5 	 1.1898782979159712E-5 	 4.954509816615151E-5 	 1.1898782979159712E-5 	 4.954509816615151E-5 	 1.1898782979159712E-5 	 4.954509816615151E-5 	 1.1898782979159712E-5 	 4.954509816615151E-5 	 1.1898782979159712E-5 	 4.954509816615151E-5 	 1.1898782979159712E-5 	 4.954509816615151E-5 	 
-2.136 	 1.9512882717286695E-5 	 5.1295341966335805E-5 	 1.9512882717286695E-5 	 5.1295341966335805E-5 	 1.9512882717286695E-5 	 5.1295341966335805E-5 	 1.9512882717286695E-5 	 5.1295341966335805E-5 	 1.9512882717286695E-5 	 5.1295341966335805E-5 	 1.9512882717286695E-5 	 5.1295341966335805E-5 	 1.9512882717286695E-5 	 5.1295341966335805E-5 	 1.9512882717286695E-5 	 5.1295341966335805E-5 	 
-2.112 	 1.5392082758171353E-5 	 5.6517693530170346E-5 	 1.5392082758171353E-5 	 5.6517693530170346E-5 	 1.5392082758171353E-5 	 5.6517693530170346E-5 	 1.5392082758171353E-5 	 5.6517693530170346E-5 	 1.5392082758171353E-5 	 5.6517693530170346E-5 	 1.5392082758171353E-5 	 5.6517693530170346E-5 	 1.5392082758171353E-5 	 5.6517693530170346E-5 	 1.5392082758171353E-5 	 5.6517693530170346E-5 	 
-2.088 	 2.184390641023741E-6 	 6.09899099757794E-5 	 2.184390641023741E-6 	 6.09899099757794E-5 	 2.184390641023741E-6 	 6.09899099757794E-5 	 2.184390641023741E-6 	 6.09899099757794E-5 	 2.184390641023741E-6 	 6.09899099757794E-5 	 2.184390641023741E-6 	 6.09899099757794E-5 	 2.184390641023741E-6 	 6.09899099757794E-5 	 2.184390641023741E-6 	 6.09899099757794E-5 	 
-2.064 	 1.1913877695164504E-5 	 6.636127598404613E-5 	 1.1913877695164504E-5 	 6.636127598404613E-5 	 1.1913877695164504E-5 	 6.636127598404613E-5 	 1.1913877695164504E-5 	 6.636127598404613E-5 	 1.1913877695164504E-5 	 6.636127598404613E-5 	 1.1913877695164504E-5 	 6.636127598404613E-5 	 1.1913877695164504E-5 	 6.636127598404613E-5 	 1.1913877695164504E-5 	 6.636127598404613E-5 	 
-2.04 	 1.7610975040603178E-5 	 7.03878658368095E-5 	 1.7610975040603178E-5 	 7.03878658368095E-5 	 1.7610975040603178E-5 	 7.03878658368095E-5 	 1.7610975040603178E-5 	 7.03878658368095E-5 	 1.7610975040603178E-5 	 7.03878658368095E-5 	 1.7610975040603178E-5 	 7.03878658368095E-5 	 1.7610975040603178E-5 	 7.03878658368095E-5 	 1.7610975040603178E-5 	 7.03878658368095E-5 	 
-2.016 	 1.817162804258998E-5 	 7.768737607772987E-5 	 1.817162804258998E-5 	 7.768737607772987E-5 	 1.817162804258998E-5 	 7.768737607772987E-5 	 1.817162804258998E-5 	 7.768737607772987E-5 	 1.817162804258998E-5 	 7.768737607772987E-5 	 1.817162804258998E-5 	 7.768737607772987E-5 	 1.817162804258998E-5 	 7.768737607772987E-5 	 1.817162804258998E-5 	 7.768737607772987E-5 	 
-1.992 	 4.268941702056937E-5 	 8.521609637311515E-5 	 4.268941702056937E-5 	 8.521609637311515E-5 	 4.268941702056937E-5 	 8.521609637311515E-5 	 4.268941702056937E-5 	 8.521609637311515E-5 	 4.268941702056937E-5 	 8.521609637311515E-5 	 4.268941702056937E-5 	 8.521609637311515E-5 	 4.268941702056937E-5 	 8.521609637311515E-5 	 4.268941702056937E-5 	 8.521609637311515E-5 	 
-1.968 	 2.5846105885247157E-5 	 9.121346797885968E-5 	 2.5846105885247157E-5 	 9.121346797885968E-5 	 2.5846105885247157E-5 	 9.121346797885968E-5 	 2.5846105885247157E-5 	 9.121346797885968E-5 	 2.5846105885247157E-5 	 9.121346797885968E-5 	 2.5846105885247157E-5 	 9.121346797885968E-5 	 2.5846105885247157E-5 	 9.121346797885968E-5 	 2.5846105885247157E-5 	 9.121346797885968E-5 	 
-1.944 	 4.274116960926296E-5 	 9.767682050224567E-5 	 4.274116960926296E-5 	 9.767682050224567E-5 	 4.274116960926296E-5 	 9.767682050224567E-5 	 4.274116960926296E-5 	 9.767682050224567E-5 	 4.274116960926296E-5 	 9.767682050224567E-5 	 4.274116960926296E-5 	 9.767682050224567E-5 	 4.274116960926296E-5 	 9.767682050224567E-5 	 4.274116960926296E-5 	 9.767682050224567E-5 	 
-1.92 	 3.208876181202466E-5 	 1.0237875201421154E-4 	 3.208876181202466E-5 	 1.0237875201421154E-4 	 3.208876181202466E-5 	 1.0237875201421154E-4 	 3.208876181202466E-5 	 1.0237875201421154E-4 	 3.208876181202466E-5 	 1.0237875201421154E-4 	 3.208876181202466E-5 	 1.0237875201421154E-4 	 3.208876181202466E-5 	 1.0237875201421154E-4 	 3.208876181202466E-5 	 1.0237875201421154E-4 	 
-1.896 	 6.763200849740869E-5 	 1.123070952868308E-4 	 6.763200849740869E-5 	 1.123070952868308E-4 	 6.763200849740869E-5 	 1.123070952868308E-4 	 6.763200849740869E-5 	 1.123070952868308E-4 	 6.763200849740869E-5 	 1.123070952868308E-4 	 6.763200849740869E-5 	 1.123070952868308E-4 	 6.763200849740869E-5 	 1.123070952868308E-4 	 6.763200849740869E-5 	 1.123070952868308E-4 	 
-1.8719999999999999 	 2.5270357998480246E-5 	 1.1872750470353693E-4 	 2.5270357998480246E-5 	 1.1872750470353693E-4 	 2.5270357998480246E-5 	 1.1872750470353693E-4 	 2.5270357998480246E-5 	 1.1872750470353693E-4 	 2.5270357998480246E-5 	 1.1872750470353693E-4 	 2.5270357998480246E-5 	 1.1872750470353693E-4 	 2.5270357998480246E-5 	 1.1872750470353693E-4 	 2.5270357998480246E-5 	 1.1872750470353693E-4 	 
-1.8479999999999999 	 1.6248156829477953E-5 	 1.2467577759197793E-4 	 1.6248156829477953E-5 	 1.2467577759197793E-4 	 1.6248156829477953E-5 	 1.2467577759197793E-4 	 1.6248156829477953E-5 	 1.2467577759197793E-4 	 1.6248156829477953E-5 	 1.2467577759197793E-4 	 1.6248156829477953E-5 	 1.2467577759197793E-4 	 1.6248156829477953E-5 	 1.2467577759197793E-4 	 1.6248156829477953E-5 	 1.2467577759197793E-4 	 
-1.824 	 4.341610978891725E-5 	 1.295269794491594E-4 	 4.341610978891725E-5 	 1.295269794491594E-4 	 4.341610978891725E-5 	 1.295269794491594E-4 	 4.341610978891725E-5 	 1.295269794491594E-4 	 4.341610978891725E-5 	 1.295269794491594E-4 	 4.341610978891725E-5 	 1.295269794491594E-4 	 4.341610978891725E-5 	 1.295269794491594E-4 	 4.341610978891725E-5 	 1.295269794491594E-4 	 
-1.8 	 6.074675759013504E-5 	 1.3251491651414013E-4 	 6.074675759013504E-5 	 1.3251491651414013E-4 	 6.074675759013504E-5 	 1.3251491651414013E-4 	 6.074675759013504E-5 	 1.3251491651414013E-4 	 6.074675759013504E-5 	 1.3251491651414013E-4 	 6.074675759013504E-5 	 1.3251491651414013E-4 	 6.074675759013504E-5 	 1.3251491651414013E-4 	 6.074675759013504E-5 	 1.3251491651414013E-4 	 
-1.776 	 6.636622639008396E-5 	 1.4492511856870725E-4 	 6.636622639008396E-5 	 1.4492511856870725E-4 	 6.636622639008396E-5 	 1.4492511856870725E-4 	 6.636622639008396E-5 	 1.4492511856870725E-4 	 6.636622639008396E-5 	 1.4492511856870725E-4 	 6.636622639008396E-5 	 1.4492511856870725E-4 	 6.636622639008396E-5 	 1.4492511856870725E-4 	 6.636622639008396E-5 	 1.4492511856870725E-4 	 
-1.752 	 6.067775460267568E-5 	 1.5492891496245948E-4 	 6.067775460267568E-5 	 1.5492891496245948E-4 	 6.067775460267568E-5 	 1.5492891496245948E-4 	 6.067775460267568E-5 	 1.5492891496245948E-4 	 6.067775460267568E-5 	 1.5492891496245948E-4 	 6.067775460267568E-5 	 1.5492891496245948E-4 	 6.067775460267568E-5 	 1.5492891496245948E-4 	 6.067775460267568E-5 	 1.5492891496245948E-4 	 
-1.728 	 6.005672320080189E-5 	 1.7067116422163857E-4 	 6.005672320080189E-5 	 1.7067116422163857E-4 	 6.005672320080189E-5 	 1.7067116422163857E-4 	 6.005672320080189E-5 	 1.7067116422163857E-4 	 6.005672320080189E-5 	 1.7067116422163857E-4 	 6.005672320080189E-5 	 1.7067116422163857E-4 	 6.005672320080189E-5 	 1.7067116422163857E-4 	 6.005672320080189E-5 	 1.7067116422163857E-4 	 
-1.704 	 3.3600369011000816E-5 	 1.8519040533112292E-4 	 3.3600369011000816E-5 	 1.8519040533112292E-4 	 3.3600369011000816E-5 	 1.8519040533112292E-4 	 3.3600369011000816E-5 	 1.8519040533112292E-4 	 3.3600369011000816E-5 	 1.8519040533112292E-4 	 3.3600369011000816E-5 	 1.8519040533112292E-4 	 3.3600369011000816E-5 	 1.8519040533112292E-4 	 3.3600369011000816E-5 	 1.8519040533112292E-4 	 
-1.68 	 4.8850131601744986E-5 	 2.0590393501472958E-4 	 4.8850131601744986E-5 	 2.0590393501472958E-4 	 4.8850131601744986E-5 	 2.0590393501472958E-4 	 4.8850131601744986E-5 	 2.0590393501472958E-4 	 4.8850131601744986E-5 	 2.0590393501472958E-4 	 4.8850131601744986E-5 	 2.0590393501472958E-4 	 4.8850131601744986E-5 	 2.0590393501472958E-4 	 4.8850131601744986E-5 	 2.0590393501472958E-4 	 
-1.656 	 4.264197710540637E-5 	 2.2353297263991587E-4 	 4.264197710540637E-5 	 2.2353297263991587E-4 	 4.264197710540637E-5 	 2.2353297263991587E-4 	 4.264197710540637E-5 	 2.2353297263991587E-4 	 4.264197710540637E-5 	 2.2353297263991587E-4 	 4.264197710540637E-5 	 2.2353297263991587E-4 	 4.264197710540637E-5 	 2.2353297263991587E-4 	 4.264197710540637E-5 	 2.2353297263991587E-4 	 
-1.632 	 2.194525472343641E-5 	 2.541352029343014E-4 	 2.194525472343641E-5 	 2.541352029343014E-4 	 2.194525472343641E-5 	 2.541352029343014E-4 	 2.194525472343641E-5 	 2.541352029343014E-4 	 2.194525472343641E-5 	 2.541352029343014E-4 	 2.194525472343641E-5 	 2.541352029343014E-4 	 2.194525472343641E-5 	 2.541352029343014E-4 	 2.194525472343641E-5 	 2.541352029343014E-4 	 
-1.6079999999999999 	 4.190881551663478E-5 	 2.789091298512577E-4 	 4.190881551663478E-5 	 2.789091298512577E-4 	 4.190881551663478E-5 	 2.789091298512577E-4 	 4.190881551663478E-5 	 2.789091298512577E-4 	 4.190881551663478E-5 	 2.789091298512577E-4 	 4.190881551663478E-5 	 2.789091298512577E-4 	 4.190881551663478E-5 	 2.789091298512577E-4 	 4.190881551663478E-5 	 2.789091298512577E-4 	 
-1.584 	 7.760085093670669E-5 	 3.0377379002309964E-4 	 7.760085093670669E-5 	 3.0377379002309964E-4 	 7.760085093670669E-5 	 3.0377379002309964E-4 	 7.760085093670669E-5 	 3.0377379002309964E-4 	 7.760085093670669E-5 	 3.0377379002309964E-4 	 7.760085093670669E-5 	 3.0377379002309964E-4 	 7.760085093670669E-5 	 3.0377379002309964E-4 	 7.760085093670669E-5 	 3.0377379002309964E-4 	 
-1.56 	 4.763825869413905E-5 	 3.2422825011239507E-4 	 4.763825869413905E-5 	 3.2422825011239507E-4 	 4.763825869413905E-5 	 3.2422825011239507E-4 	 4.763825869413905E-5 	 3.2422825011239507E-4 	 4.763825869413905E-5 	 3.2422825011239507E-4 	 4.763825869413905E-5 	 3.2422825011239507E-4 	 4.763825869413905E-5 	 3.2422825011239507E-4 	 4.763825869413905E-5 	 3.2422825011239507E-4 	 
-1.536 	 7.817012958111158E-5 	 3.517910190138336E-4 	 7.817012958111158E-5 	 3.517910190138336E-4 	 7.817012958111158E-5 	 3.517910190138336E-4 	 7.817012958111158E-5 	 3.517910190138336E-4 	 7.817012958111158E-5 	 3.517910190138336E-4 	 7.817012958111158E-5 	 3.517910190138336E-4 	 7.817012958111158E-5 	 3.517910190138336E-4 	 7.817012958111158E-5 	 3.517910190138336E-4 	 
-1.512 	 7.209566952539442E-5 	 3.8447660873948446E-4 	 7.209566952539442E-5 	 3.8447660873948446E-4 	 7.209566952539442E-5 	 3.8447660873948446E-4 	 7.209566952539442E-5 	 3.8447660873948446E-4 	 7.209566952539442E-5 	 3.8447660873948446E-4 	 7.209566952539442E-5 	 3.8447660873948446E-4 	 7.209566952539442E-5 	 3.8447660873948446E-4 	 7.209566952539442E-5 	 3.8447660873948446E-4 	 
-1.488 	 6.144326189693147E-5 	 4.32048982981503E-4 	 6.144326189693147E-5 	 4.32048982981503E-4 	 6.144326189693147E-5 	 4.32048982981503E-4 	 6.144326189693147E-5 	 4.32048982981503E-4 	 6.144326189693147E-5 	 4.32048982981503E-4 	 6.144326189693147E-5 	 4.32048982981503E-4 	 6.144326189693147E-5 	 4.32048982981503E-4 	 6.144326189693147E-5 	 4.32048982981503E-4 	 
-1.464 	 9.69627885614432E-5 	 4.786049690575227E-4 	 9.69627885614432E-5 	 4.786049690575227E-4 	 9.69627885614432E-5 	 4.786049690575227E-4 	 9.69627885614432E-5 	 4.786049690575227E-4 	 9.69627885614432E-5 	 4.786049690575227E-4 	 9.69627885614432E-5 	 4.786049690575227E-4 	 9.69627885614432E-5 	 4.786049690575227E-4 	 9.69627885614432E-5 	 4.786049690575227E-4 	 
-1.44 	 5.460976345176989E-5 	 5.460619458193523E-4 	 5.460976345176989E-5 	 5.460619458193523E-4 	 5.460976345176989E-5 	 5.460619458193523E-4 	 5.460976345176989E-5 	 5.460619458193523E-4 	 5.460976345176989E-5 	 5.460619458193523E-4 	 5.460976345176989E-5 	 5.460619458193523E-4 	 5.460976345176989E-5 	 5.460619458193523E-4 	 5.460976345176989E-5 	 5.460619458193523E-4 	 
-1.416 	 4.550562072619661E-5 	 6.120885036504088E-4 	 4.550562072619661E-5 	 6.120885036504088E-4 	 4.550562072619661E-5 	 6.120885036504088E-4 	 4.550562072619661E-5 	 6.120885036504088E-4 	 4.550562072619661E-5 	 6.120885036504088E-4 	 4.550562072619661E-5 	 6.120885036504088E-4 	 4.550562072619661E-5 	 6.120885036504088E-4 	 4.550562072619661E-5 	 6.120885036504088E-4 	 
-1.392 	 6.447078837770071E-5 	 6.941102991889471E-4 	 6.447078837770071E-5 	 6.941102991889471E-4 	 6.447078837770071E-5 	 6.941102991889471E-4 	 6.447078837770071E-5 	 6.941102991889471E-4 	 6.447078837770071E-5 	 6.941102991889471E-4 	 6.447078837770071E-5 	 6.941102991889471E-4 	 6.447078837770071E-5 	 6.941102991889471E-4 	 6.447078837770071E-5 	 6.941102991889471E-4 	 
-1.3679999999999999 	 5.7507908334223704E-5 	 7.881018166873309E-4 	 5.7507908334223704E-5 	 7.881018166873309E-4 	 5.7507908334223704E-5 	 7.881018166873309E-4 	 5.7507908334223704E-5 	 7.881018166873309E-4 	 5.7507908334223704E-5 	 7.881018166873309E-4 	 5.7507908334223704E-5 	 7.881018166873309E-4 	 5.7507908334223704E-5 	 7.881018166873309E-4 	 5.7507908334223704E-5 	 7.881018166873309E-4 	 
-1.3439999999999999 	 9.437084594690676E-5 	 8.927120156654814E-4 	 9.437084594690676E-5 	 8.927120156654814E-4 	 9.437084594690676E-5 	 8.927120156654814E-4 	 9.437084594690676E-5 	 8.927120156654814E-4 	 9.437084594690676E-5 	 8.927120156654814E-4 	 9.437084594690676E-5 	 8.927120156654814E-4 	 9.437084594690676E-5 	 8.927120156654814E-4 	 9.437084594690676E-5 	 8.927120156654814E-4 	 
-1.32 	 1.1726921046570577E-4 	 0.0010012375232876373 	 1.1726921046570577E-4 	 0.0010012375232876373 	 1.1726921046570577E-4 	 0.0010012375232876373 	 1.1726921046570577E-4 	 0.0010012375232876373 	 1.1726921046570577E-4 	 0.0010012375232876373 	 1.1726921046570577E-4 	 0.0010012375232876373 	 1.1726921046570577E-4 	 0.0010012375232876373 	 1.1726921046570577E-4 	 0.0010012375232876373 	 
-1.296 	 1.1105458685358665E-4 	 0.0011294377810178056 	 1.1105458685358665E-4 	 0.0011294377810178056 	 1.1105458685358665E-4 	 0.0011294377810178056 	 1.1105458685358665E-4 	 0.0011294377810178056 	 1.1105458685358665E-4 	 0.0011294377810178056 	 1.1105458685358665E-4 	 0.0011294377810178056 	 1.1105458685358665E-4 	 0.0011294377810178056 	 1.1105458685358665E-4 	 0.0011294377810178056 	 
-1.272 	 9.219939357963795E-5 	 0.0012935915086023484 	 9.219939357963795E-5 	 0.0012935915086023484 	 9.219939357963795E-5 	 0.0012935915086023484 	 9.219939357963795E-5 	 0.0012935915086023484 	 9.219939357963795E-5 	 0.0012935915086023484 	 9.219939357963795E-5 	 0.0012935915086023484 	 9.219939357963795E-5 	 0.0012935915086023484 	 9.219939357963795E-5 	 0.0012935915086023484 	 
-1.248 	 1.053316130028321E-4 	 0.0014934564676618437 	 1.053316130028321E-4 	 0.0014934564676618437 	 1.053316130028321E-4 	 0.0014934564676618437 	 1.053316130028321E-4 	 0.0014934564676618437 	 1.053316130028321E-4 	 0.0014934564676618437 	 1.053316130028321E-4 	 0.0014934564676618437 	 1.053316130028321E-4 	 0.0014934564676618437 	 1.053316130028321E-4 	 0.0014934564676618437 	 
-1.224 	 8.7330337611103E-5 	 0.0017563702858566772 	 8.7330337611103E-5 	 0.0017563702858566772 	 8.7330337611103E-5 	 0.0017563702858566772 	 8.7330337611103E-5 	 0.0017563702858566772 	 8.7330337611103E-5 	 0.0017563702858566772 	 8.7330337611103E-5 	 0.0017563702858566772 	 8.7330337611103E-5 	 0.0017563702858566772 	 8.7330337611103E-5 	 0.0017563702858566772 	 
-1.2 	 5.3361232376118374E-5 	 0.0020569629193244073 	 5.3361232376118374E-5 	 0.0020569629193244073 	 5.3361232376118374E-5 	 0.0020569629193244073 	 5.3361232376118374E-5 	 0.0020569629193244073 	 5.3361232376118374E-5 	 0.0020569629193244073 	 5.3361232376118374E-5 	 0.0020569629193244073 	 5.3361232376118374E-5 	 0.0020569629193244073 	 5.3361232376118374E-5 	 0.0020569629193244073 	 
-1.176 	 8.299390186576437E-5 	 0.0024203684178534406 	 8.299390186576437E-5 	 0.0024203684178534406 	 8.299390186576437E-5 	 0.0024203684178534406 	 8.299390186576437E-5 	 0.0024203684178534406 	 8.299390186576437E-5 	 0.0024203684178534406 	 8.299390186576437E-5 	 0.0024203684178534406 	 8.299390186576437E-5 	 0.0024203684178534406 	 8.299390186576437E-5 	 0.0024203684178534406 	 
-1.152 	 1.2200241567795091E-4 	 0.002799013565397638 	 1.2200241567795091E-4 	 0.002799013565397638 	 1.2200241567795091E-4 	 0.002799013565397638 	 1.2200241567795091E-4 	 0.002799013565397638 	 1.2200241567795091E-4 	 0.002799013565397638 	 1.2200241567795091E-4 	 0.002799013565397638 	 1.2200241567795091E-4 	 0.002799013565397638 	 1.2200241567795091E-4 	 0.002799013565397638 	 
-1.128 	 6.22324887057335E-5 	 0.0032303857012851113 	 6.22324887057335E-5 	 0.0032303857012851113 	 6.22324887057335E-5 	 0.0032303857012851113 	 6.22324887057335E-5 	 0.0032303857012851113 	 6.22324887057335E-5 	 0.0032303857012851113 	 6.22324887057335E-5 	 0.0032303857012851113 	 6.22324887057335E-5 	 0.0032303857012851113 	 6.22324887057335E-5 	 0.0032303857012851113 	 
-1.1039999999999999 	 4.341826610458564E-5 	 0.003712355221575676 	 4.341826610458564E-5 	 0.003712355221575676 	 4.341826610458564E-5 	 0.003712355221575676 	 4.341826610458564E-5 	 0.003712355221575676 	 4.341826610458564E-5 	 0.003712355221575676 	 4.341826610458564E-5 	 0.003712355221575676 	 4.341826610458564E-5 	 0.003712355221575676 	 4.341826610458564E-5 	 0.003712355221575676 	 
-1.08 	 6.082438689511371E-5 	 0.004322721996180305 	 6.082438689511371E-5 	 0.004322721996180305 	 6.082438689511371E-5 	 0.004322721996180305 	 6.082438689511371E-5 	 0.004322721996180305 	 6.082438689511371E-5 	 0.004322721996180305 	 6.082438689511371E-5 	 0.004322721996180305 	 6.082438689511371E-5 	 0.004322721996180305 	 6.082438689511371E-5 	 0.004322721996180305 	 
-1.056 	 6.847083191678653E-5 	 0.005043416168445512 	 6.847083191678653E-5 	 0.005043416168445512 	 6.847083191678653E-5 	 0.005043416168445512 	 6.847083191678653E-5 	 0.005043416168445512 	 6.847083191678653E-5 	 0.005043416168445512 	 6.847083191678653E-5 	 0.005043416168445512 	 6.847083191678653E-5 	 0.005043416168445512 	 6.847083191678653E-5 	 0.005043416168445512 	 
-1.032 	 6.638132110608871E-5 	 0.005913335562865053 	 6.638132110608871E-5 	 0.005913335562865053 	 6.638132110608871E-5 	 0.005913335562865053 	 6.638132110608871E-5 	 0.005913335562865053 	 6.638132110608871E-5 	 0.005913335562865053 	 6.638132110608871E-5 	 0.005913335562865053 	 6.638132110608871E-5 	 0.005913335562865053 	 6.638132110608871E-5 	 0.005913335562865053 	 
-1.008 	 5.883191210382872E-5 	 0.006925916657961844 	 5.883191210382872E-5 	 0.006925916657961844 	 5.883191210382872E-5 	 0.006925916657961844 	 5.883191210382872E-5 	 0.006925916657961844 	 5.883191210382872E-5 	 0.006925916657961844 	 5.883191210382872E-5 	 0.006925916657961844 	 5.883191210382872E-5 	 0.006925916657961844 	 5.883191210382872E-5 	 0.006925916657961844 	 
-0.984 	 6.701529035977914E-5 	 0.008093088169603174 	 6.701529035977914E-5 	 0.008093088169603174 	 6.701529035977914E-5 	 0.008093088169603174 	 6.701529035977914E-5 	 0.008093088169603174 	 6.701529035977914E-5 	 0.008093088169603174 	 6.701529035977914E-5 	 0.008093088169603174 	 6.701529035977914E-5 	 0.008093088169603174 	 6.701529035977914E-5 	 0.008093088169603174 	 
-0.96 	 8.73324940955467E-5 	 0.009417400279558797 	 8.73324940955467E-5 	 0.009417400279558797 	 8.73324940955467E-5 	 0.009417400279558797 	 8.73324940955467E-5 	 0.009417400279558797 	 8.73324940955467E-5 	 0.009417400279558797 	 8.73324940955467E-5 	 0.009417400279558797 	 8.73324940955467E-5 	 0.009417400279558797 	 8.73324940955467E-5 	 0.009417400279558797 	 
-0.9359999999999999 	 5.323400692469599E-5 	 0.010936889286056177 	 5.323400692469599E-5 	 0.010936889286056177 	 5.323400692469599E-5 	 0.010936889286056177 	 5.323400692469599E-5 	 0.010936889286056177 	 5.323400692469599E-5 	 0.010936889286056177 	 5.323400692469599E-5 	 0.010936889286056177 	 5.323400692469599E-5 	 0.010936889286056177 	 5.323400692469599E-5 	 0.010936889286056177 	 
-0.9119999999999999 	 7.268219865295271E-5 	 0.01266158553186161 	 7.268219865295271E-5 	 0.01266158553186161 	 7.268219865295271E-5 	 0.01266158553186161 	 7.268219865295271E-5 	 0.01266158553186161 	 7.268219865295271E-5 	 0.01266158553186161 	 7.268219865295271E-5 	 0.01266158553186161 	 7.268219865295271E-5 	 0.01266158553186161 	 7.268219865295271E-5 	 0.01266158553186161 	 
-0.8879999999999999 	 8.594595594793682E-5 	 0.014556426151677333 	 8.594595594793682E-5 	 0.014556426151677333 	 8.594595594793682E-5 	 0.014556426151677333 	 8.594595594793682E-5 	 0.014556426151677333 	 8.594595594793682E-5 	 0.014556426151677333 	 8.594595594793682E-5 	 0.014556426151677333 	 8.594595594793682E-5 	 0.014556426151677333 	 8.594595594793682E-5 	 0.014556426151677333 	 
-0.8639999999999999 	 8.031139272734001E-5 	 0.016682611313203984 	 8.031139272734001E-5 	 0.016682611313203984 	 8.031139272734001E-5 	 0.016682611313203984 	 8.031139272734001E-5 	 0.016682611313203984 	 8.031139272734001E-5 	 0.016682611313203984 	 8.031139272734001E-5 	 0.016682611313203984 	 8.031139272734001E-5 	 0.016682611313203984 	 8.031139272734001E-5 	 0.016682611313203984 	 
-0.8399999999999999 	 8.589851577961095E-5 	 0.01908278523723517 	 8.589851577961095E-5 	 0.01908278523723517 	 8.589851577961095E-5 	 0.01908278523723517 	 8.589851577961095E-5 	 0.01908278523723517 	 8.589851577961095E-5 	 0.01908278523723517 	 8.589851577961095E-5 	 0.01908278523723517 	 8.589851577961095E-5 	 0.01908278523723517 	 8.589851577961095E-5 	 0.01908278523723517 	 
-0.8159999999999998 	 7.813994044445874E-5 	 0.021588166854217484 	 7.813994044445874E-5 	 0.021588166854217484 	 7.813994044445874E-5 	 0.021588166854217484 	 7.813994044445874E-5 	 0.021588166854217484 	 7.813994044445874E-5 	 0.021588166854217484 	 7.813994044445874E-5 	 0.021588166854217484 	 7.813994044445874E-5 	 0.021588166854217484 	 7.813994044445874E-5 	 0.021588166854217484 	 
-0.7919999999999998 	 6.995440591503382E-5 	 0.024324028694837234 	 6.995440591503382E-5 	 0.024324028694837234 	 6.995440591503382E-5 	 0.024324028694837234 	 6.995440591503382E-5 	 0.024324028694837234 	 6.995440591503382E-5 	 0.024324028694837234 	 6.995440591503382E-5 	 0.024324028694837234 	 6.995440591503382E-5 	 0.024324028694837234 	 6.995440591503382E-5 	 0.024324028694837234 	 
-0.7679999999999998 	 4.964798375760828E-5 	 0.027166093153817638 	 4.964798375760828E-5 	 0.027166093153817638 	 4.964798375760828E-5 	 0.027166093153817638 	 4.964798375760828E-5 	 0.027166093153817638 	 4.964798375760828E-5 	 0.027166093153817638 	 4.964798375760828E-5 	 0.027166093153817638 	 4.964798375760828E-5 	 0.027166093153817638 	 4.964798375760828E-5 	 0.027166093153817638 	 
-0.7439999999999998 	 8.580147984458579E-5 	 0.03004415993804717 	 8.580147984458579E-5 	 0.03004415993804717 	 8.580147984458579E-5 	 0.03004415993804717 	 8.580147984458579E-5 	 0.03004415993804717 	 8.580147984458579E-5 	 0.03004415993804717 	 8.580147984458579E-5 	 0.03004415993804717 	 8.580147984458579E-5 	 0.03004415993804717 	 8.580147984458579E-5 	 0.03004415993804717 	 
-0.7199999999999998 	 7.188434611734495E-5 	 0.03288881314510791 	 7.188434611734495E-5 	 0.03288881314510791 	 7.188434611734495E-5 	 0.03288881314510791 	 7.188434611734495E-5 	 0.03288881314510791 	 7.188434611734495E-5 	 0.03288881314510791 	 7.188434611734495E-5 	 0.03288881314510791 	 7.188434611734495E-5 	 0.03288881314510791 	 7.188434611734495E-5 	 0.03288881314510791 	 
-0.6959999999999997 	 4.689862739887326E-5 	 0.035736499969856554 	 4.689862739887326E-5 	 0.035736499969856554 	 4.689862739887326E-5 	 0.035736499969856554 	 4.689862739887326E-5 	 0.035736499969856554 	 4.689862739887326E-5 	 0.035736499969856554 	 4.689862739887326E-5 	 0.035736499969856554 	 4.689862739887326E-5 	 0.035736499969856554 	 4.689862739887326E-5 	 0.035736499969856554 	 
-0.6720000000000002 	 4.5475431294187024E-5 	 0.03822916875843497 	 4.5475431294187024E-5 	 0.03822916875843497 	 4.5475431294187024E-5 	 0.03822916875843497 	 4.5475431294187024E-5 	 0.03822916875843497 	 4.5475431294187024E-5 	 0.03822916875843497 	 4.5475431294187024E-5 	 0.03822916875843497 	 4.5475431294187024E-5 	 0.03822916875843497 	 4.5475431294187024E-5 	 0.03822916875843497 	 
-0.6480000000000001 	 6.836517008618032E-5 	 0.04039313173821694 	 6.836517008618032E-5 	 0.04039313173821694 	 6.836517008618032E-5 	 0.04039313173821694 	 6.836517008618032E-5 	 0.04039313173821694 	 6.836517008618032E-5 	 0.04039313173821694 	 6.836517008618032E-5 	 0.04039313173821694 	 6.836517008618032E-5 	 0.04039313173821694 	 6.836517008618032E-5 	 0.04039313173821694 	 
-0.6240000000000001 	 6.21979863048365E-5 	 0.0419060928269131 	 6.21979863048365E-5 	 0.0419060928269131 	 6.21979863048365E-5 	 0.0419060928269131 	 6.21979863048365E-5 	 0.0419060928269131 	 6.21979863048365E-5 	 0.0419060928269131 	 6.21979863048365E-5 	 0.0419060928269131 	 6.21979863048365E-5 	 0.0419060928269131 	 6.21979863048365E-5 	 0.0419060928269131 	 
-0.6000000000000001 	 4.539348952664686E-5 	 0.04289293407428673 	 4.539348952664686E-5 	 0.04289293407428673 	 4.539348952664686E-5 	 0.04289293407428673 	 4.539348952664686E-5 	 0.04289293407428673 	 4.539348952664686E-5 	 0.04289293407428673 	 4.539348952664686E-5 	 0.04289293407428673 	 4.539348952664686E-5 	 0.04289293407428673 	 4.539348952664686E-5 	 0.04289293407428673 	 
-0.5760000000000001 	 6.419693029628969E-5 	 0.04316536572464317 	 6.419693029628969E-5 	 0.04316536572464317 	 6.419693029628969E-5 	 0.04316536572464317 	 6.419693029628969E-5 	 0.04316536572464317 	 6.419693029628969E-5 	 0.04316536572464317 	 6.419693029628969E-5 	 0.04316536572464317 	 6.419693029628969E-5 	 0.04316536572464317 	 6.419693029628969E-5 	 0.04316536572464317 	 
-0.552 	 4.6801591168491304E-5 	 0.042834235880426355 	 4.6801591168491304E-5 	 0.042834235880426355 	 4.6801591168491304E-5 	 0.042834235880426355 	 4.6801591168491304E-5 	 0.042834235880426355 	 4.6801591168491304E-5 	 0.042834235880426355 	 4.6801591168491304E-5 	 0.042834235880426355 	 4.6801591168491304E-5 	 0.042834235880426355 	 4.6801591168491304E-5 	 0.042834235880426355 	 
-0.528 	 4.121662430530729E-5 	 0.041824517061105675 	 4.121662430530729E-5 	 0.041824517061105675 	 4.121662430530729E-5 	 0.041824517061105675 	 4.121662430530729E-5 	 0.041824517061105675 	 4.121662430530729E-5 	 0.041824517061105675 	 4.121662430530729E-5 	 0.041824517061105675 	 4.121662430530729E-5 	 0.041824517061105675 	 4.121662430530729E-5 	 0.041824517061105675 	 
-0.504 	 4.8807004233531185E-5 	 0.04022728783685221 	 4.8807004233531185E-5 	 0.04022728783685221 	 4.8807004233531185E-5 	 0.04022728783685221 	 4.8807004233531185E-5 	 0.04022728783685221 	 4.8807004233531185E-5 	 0.04022728783685221 	 4.8807004233531185E-5 	 0.04022728783685221 	 4.8807004233531185E-5 	 0.04022728783685221 	 4.8807004233531185E-5 	 0.04022728783685221 	 
-0.48 	 4.257512971632036E-5 	 0.03810748074938409 	 4.257512971632036E-5 	 0.03810748074938409 	 4.257512971632036E-5 	 0.03810748074938409 	 4.257512971632036E-5 	 0.03810748074938409 	 4.257512971632036E-5 	 0.03810748074938409 	 4.257512971632036E-5 	 0.03810748074938409 	 4.257512971632036E-5 	 0.03810748074938409 	 4.257512971632036E-5 	 0.03810748074938409 	 
-0.45599999999999996 	 2.172746198863724E-5 	 0.0354900317585081 	 2.172746198863724E-5 	 0.0354900317585081 	 2.172746198863724E-5 	 0.0354900317585081 	 2.172746198863724E-5 	 0.0354900317585081 	 2.172746198863724E-5 	 0.0354900317585081 	 2.172746198863724E-5 	 0.0354900317585081 	 2.172746198863724E-5 	 0.0354900317585081 	 2.172746198863724E-5 	 0.0354900317585081 	 
-0.43199999999999994 	 3.3436485222757464E-5 	 0.03259633940784805 	 3.3436485222757464E-5 	 0.03259633940784805 	 3.3436485222757464E-5 	 0.03259633940784805 	 3.3436485222757464E-5 	 0.03259633940784805 	 3.3436485222757464E-5 	 0.03259633940784805 	 3.3436485222757464E-5 	 0.03259633940784805 	 3.3436485222757464E-5 	 0.03259633940784805 	 3.3436485222757464E-5 	 0.03259633940784805 	 
-0.4079999999999999 	 4.043817899045959E-5 	 0.029437946236830423 	 4.043817899045959E-5 	 0.029437946236830423 	 4.043817899045959E-5 	 0.029437946236830423 	 4.043817899045959E-5 	 0.029437946236830423 	 4.043817899045959E-5 	 0.029437946236830423 	 4.043817899045959E-5 	 0.029437946236830423 	 4.043817899045959E-5 	 0.029437946236830423 	 4.043817899045959E-5 	 0.029437946236830423 	 
-0.3839999999999999 	 9.901995556537928E-6 	 0.02635377386468384 	 9.901995556537928E-6 	 0.02635377386468384 	 9.901995556537928E-6 	 0.02635377386468384 	 9.901995556537928E-6 	 0.02635377386468384 	 9.901995556537928E-6 	 0.02635377386468384 	 9.901995556537928E-6 	 0.02635377386468384 	 9.901995556537928E-6 	 0.02635377386468384 	 9.901995556537928E-6 	 0.02635377386468384 	 
-0.3599999999999999 	 1.606702243149973E-5 	 0.023318432468595572 	 1.606702243149973E-5 	 0.023318432468595572 	 1.606702243149973E-5 	 0.023318432468595572 	 1.606702243149973E-5 	 0.023318432468595572 	 1.606702243149973E-5 	 0.023318432468595572 	 1.606702243149973E-5 	 0.023318432468595572 	 1.606702243149973E-5 	 0.023318432468595572 	 1.606702243149973E-5 	 0.023318432468595572 	 
-0.33599999999999985 	 3.487908846381615E-5 	 0.020623751619435464 	 3.487908846381615E-5 	 0.020623751619435464 	 3.487908846381615E-5 	 0.020623751619435464 	 3.487908846381615E-5 	 0.020623751619435464 	 3.487908846381615E-5 	 0.020623751619435464 	 3.487908846381615E-5 	 0.020623751619435464 	 3.487908846381615E-5 	 0.020623751619435464 	 3.487908846381615E-5 	 0.020623751619435464 	 
-0.31199999999999983 	 1.964657669377601E-5 	 0.018047391512317344 	 1.964657669377601E-5 	 0.018047391512317344 	 1.964657669377601E-5 	 0.018047391512317344 	 1.964657669377601E-5 	 0.018047391512317344 	 1.964657669377601E-5 	 0.018047391512317344 	 1.964657669377601E-5 	 0.018047391512317344 	 1.964657669377601E-5 	 0.018047391512317344 	 1.964657669377601E-5 	 0.018047391512317344 	 
-0.2879999999999998 	 2.5712411191462743E-5 	 0.01580053916801283 	 2.5712411191462743E-5 	 0.01580053916801283 	 2.5712411191462743E-5 	 0.01580053916801283 	 2.5712411191462743E-5 	 0.01580053916801283 	 2.5712411191462743E-5 	 0.01580053916801283 	 2.5712411191462743E-5 	 0.01580053916801283 	 2.5712411191462743E-5 	 0.01580053916801283 	 2.5712411191462743E-5 	 0.01580053916801283 	 
-0.2639999999999998 	 3.837023188496557E-5 	 0.013694353339749499 	 3.837023188496557E-5 	 0.013694353339749499 	 3.837023188496557E-5 	 0.013694353339749499 	 3.837023188496557E-5 	 0.013694353339749499 	 3.837023188496557E-5 	 0.013694353339749499 	 3.837023188496557E-5 	 0.013694353339749499 	 3.837023188496557E-5 	 0.013694353339749499 	 3.837023188496557E-5 	 0.013694353339749499 	 
-0.23999999999999977 	 4.181177937064046E-6 	 0.011840264074449531 	 4.181177937064046E-6 	 0.011840264074449531 	 4.181177937064046E-6 	 0.011840264074449531 	 4.181177937064046E-6 	 0.011840264074449531 	 4.181177937064046E-6 	 0.011840264074449531 	 4.181177937064046E-6 	 0.011840264074449531 	 4.181177937064046E-6 	 0.011840264074449531 	 4.181177937064046E-6 	 0.011840264074449531 	 
-0.21599999999999975 	 1.534032987412096E-5 	 0.01022266991911189 	 1.534032987412096E-5 	 0.01022266991911189 	 1.534032987412096E-5 	 0.01022266991911189 	 1.534032987412096E-5 	 0.01022266991911189 	 1.534032987412096E-5 	 0.01022266991911189 	 1.534032987412096E-5 	 0.01022266991911189 	 1.534032987412096E-5 	 0.01022266991911189 	 1.534032987412096E-5 	 0.01022266991911189 	 
-0.19199999999999973 	 1.3369427184611914E-7 	 0.008870930784833657 	 1.3369427184611914E-7 	 0.008870930784833657 	 1.3369427184611914E-7 	 0.008870930784833657 	 1.3369427184611914E-7 	 0.008870930784833657 	 1.3369427184611914E-7 	 0.008870930784833657 	 1.3369427184611914E-7 	 0.008870930784833657 	 1.3369427184611914E-7 	 0.008870930784833657 	 1.3369427184611914E-7 	 0.008870930784833657 	 
-0.16800000000000015 	 8.321385032551825E-6 	 0.007763123683890771 	 8.321385032551825E-6 	 0.007763123683890771 	 8.321385032551825E-6 	 0.007763123683890771 	 8.321385032551825E-6 	 0.007763123683890771 	 8.321385032551825E-6 	 0.007763123683890771 	 8.321385032551825E-6 	 0.007763123683890771 	 8.321385032551825E-6 	 0.007763123683890771 	 8.321385032551825E-6 	 0.007763123683890771 	 
-0.14400000000000013 	 3.068281606391034E-5 	 0.006824143410256542 	 3.068281606391034E-5 	 0.006824143410256542 	 3.068281606391034E-5 	 0.006824143410256542 	 3.068281606391034E-5 	 0.006824143410256542 	 3.068281606391034E-5 	 0.006824143410256542 	 3.068281606391034E-5 	 0.006824143410256542 	 3.068281606391034E-5 	 0.006824143410256542 	 3.068281606391034E-5 	 0.006824143410256542 	 
-0.1200000000000001 	 2.126169020937275E-6 	 0.006004663519807433 	 2.126169020937275E-6 	 0.006004663519807433 	 2.126169020937275E-6 	 0.006004663519807433 	 2.126169020937275E-6 	 0.006004663519807433 	 2.126169020937275E-6 	 0.006004663519807433 	 2.126169020937275E-6 	 0.006004663519807433 	 2.126169020937275E-6 	 0.006004663519807433 	 2.126169020937275E-6 	 0.006004663519807433 	 
-0.09600000000000009 	 9.779083074002971E-6 	 0.005287806603335541 	 9.779083074002971E-6 	 0.005287806603335541 	 9.779083074002971E-6 	 0.005287806603335541 	 9.779083074002971E-6 	 0.005287806603335541 	 9.779083074002971E-6 	 0.005287806603335541 	 9.779083074002971E-6 	 0.005287806603335541 	 9.779083074002971E-6 	 0.005287806603335541 	 9.779083074002971E-6 	 0.005287806603335541 	 
-0.07200000000000006 	 9.776926716140738E-6 	 0.004626153849305611 	 9.776926716140738E-6 	 0.004626153849305611 	 9.776926716140738E-6 	 0.004626153849305611 	 9.776926716140738E-6 	 0.004626153849305611 	 9.776926716140738E-6 	 0.004626153849305611 	 9.776926716140738E-6 	 0.004626153849305611 	 9.776926716140738E-6 	 0.004626153849305611 	 9.776926716140738E-6 	 0.004626153849305611 	 
-0.04800000000000004 	 9.757519579768295E-6 	 0.004049095852904392 	 9.757519579768295E-6 	 0.004049095852904392 	 9.757519579768295E-6 	 0.004049095852904392 	 9.757519579768295E-6 	 0.004049095852904392 	 9.757519579768295E-6 	 0.004049095852904392 	 9.757519579768295E-6 	 0.004049095852904392 	 9.757519579768295E-6 	 0.004049095852904392 	 9.757519579768295E-6 	 0.004049095852904392 	 
-0.02400000000000002 	 7.678790473993984E-6 	 0.003537717065293552 	 7.678790473993984E-6 	 0.003537717065293552 	 7.678790473993984E-6 	 0.003537717065293552 	 7.678790473993984E-6 	 0.003537717065293552 	 7.678790473993984E-6 	 0.003537717065293552 	 7.678790473993984E-6 	 0.003537717065293552 	 7.678790473993984E-6 	 0.003537717065293552 	 7.678790473993984E-6 	 0.003537717065293552 	 
0.0 	 6.037827330550856E-8 	 0.0031251446292628214 	 6.037827330550856E-8 	 0.0031251446292628214 	 6.037827330550856E-8 	 0.0031251446292628214 	 6.037827330550856E-8 	 0.0031251446292628214 	 6.037827330550856E-8 	 0.0031251446292628214 	 6.037827330550856E-8 	 0.0031251446292628214 	 6.037827330550856E-8 	 0.0031251446292628214 	 6.037827330550856E-8 	 0.0031251446292628214 	 
0.02400000000000002 	 2.1692966423140667E-6 	 0.0027271418765617934 	 2.1692966423140667E-6 	 0.0027271418765617934 	 2.1692966423140667E-6 	 0.0027271418765617934 	 2.1692966423140667E-6 	 0.0027271418765617934 	 2.1692966423140667E-6 	 0.0027271418765617934 	 2.1692966423140667E-6 	 0.0027271418765617934 	 2.1692966423140667E-6 	 0.0027271418765617934 	 2.1692966423140667E-6 	 0.0027271418765617934 	 
0.04800000000000004 	 9.82652320013508E-6 	 0.0023977892507670386 	 9.82652320013508E-6 	 0.0023977892507670386 	 9.82652320013508E-6 	 0.0023977892507670386 	 9.82652320013508E-6 	 0.0023977892507670386 	 9.82652320013508E-6 	 0.0023977892507670386 	 9.82652320013508E-6 	 0.0023977892507670386 	 9.82652320013508E-6 	 0.0023977892507670386 	 9.82652320013508E-6 	 0.0023977892507670386 	 
0.07200000000000006 	 9.906308820782177E-6 	 0.0021036938998028514 	 9.906308820782177E-6 	 0.0021036938998028514 	 9.906308820782177E-6 	 0.0021036938998028514 	 9.906308820782177E-6 	 0.0021036938998028514 	 9.906308820782177E-6 	 0.0021036938998028514 	 9.906308820782177E-6 	 0.0021036938998028514 	 9.906308820782177E-6 	 0.0021036938998028514 	 9.906308820782177E-6 	 0.0021036938998028514 	 
0.09600000000000009 	 1.4087487390753671E-5 	 0.0018591039756633077 	 1.4087487390753671E-5 	 0.0018591039756633077 	 1.4087487390753671E-5 	 0.0018591039756633077 	 1.4087487390753671E-5 	 0.0018591039756633077 	 1.4087487390753671E-5 	 0.0018591039756633077 	 1.4087487390753671E-5 	 0.0018591039756633077 	 1.4087487390753671E-5 	 0.0018591039756633077 	 1.4087487390753671E-5 	 0.0018591039756633077 	 
0.1200000000000001 	 2.9449381898342687E-5 	 0.001649595296564782 	 2.9449381898342687E-5 	 0.001649595296564782 	 2.9449381898342687E-5 	 0.001649595296564782 	 2.9449381898342687E-5 	 0.001649595296564782 	 2.9449381898342687E-5 	 0.001649595296564782 	 2.9449381898342687E-5 	 0.001649595296564782 	 2.9449381898342687E-5 	 0.001649595296564782 	 2.9449381898342687E-5 	 0.001649595296564782 	 
0.14400000000000013 	 2.9546419394539562E-5 	 0.001468545747740667 	 2.9546419394539562E-5 	 0.001468545747740667 	 2.9546419394539562E-5 	 0.001468545747740667 	 2.9546419394539562E-5 	 0.001468545747740667 	 2.9546419394539562E-5 	 0.001468545747740667 	 2.9546419394539562E-5 	 0.001468545747740667 	 2.9546419394539562E-5 	 0.001468545747740667 	 2.9546419394539562E-5 	 0.001468545747740667 	 
0.16800000000000015 	 2.9693055062483976E-5 	 0.0013070705307665286 	 2.9693055062483976E-5 	 0.0013070705307665286 	 2.9693055062483976E-5 	 0.0013070705307665286 	 2.9693055062483976E-5 	 0.0013070705307665286 	 2.9693055062483976E-5 	 0.0013070705307665286 	 2.9693055062483976E-5 	 0.0013070705307665286 	 2.9693055062483976E-5 	 0.0013070705307665286 	 2.9693055062483976E-5 	 0.0013070705307665286 	 
0.19200000000000017 	 2.3797576675552186E-5 	 0.001172165979622353 	 2.3797576675552186E-5 	 0.001172165979622353 	 2.3797576675552186E-5 	 0.001172165979622353 	 2.3797576675552186E-5 	 0.001172165979622353 	 2.3797576675552186E-5 	 0.001172165979622353 	 2.3797576675552186E-5 	 0.001172165979622353 	 2.3797576675552186E-5 	 0.001172165979622353 	 2.3797576675552186E-5 	 0.001172165979622353 	 
0.2160000000000002 	 7.80603537677189E-6 	 0.0010457681613875605 	 7.80603537677189E-6 	 0.0010457681613875605 	 7.80603537677189E-6 	 0.0010457681613875605 	 7.80603537677189E-6 	 0.0010457681613875605 	 7.80603537677189E-6 	 0.0010457681613875605 	 7.80603537677189E-6 	 0.0010457681613875605 	 7.80603537677189E-6 	 0.0010457681613875605 	 7.80603537677189E-6 	 0.0010457681613875605 	 
0.2400000000000002 	 5.0245328176378567E-5 	 9.264476347004343E-4 	 5.0245328176378567E-5 	 9.264476347004343E-4 	 5.0245328176378567E-5 	 9.264476347004343E-4 	 5.0245328176378567E-5 	 9.264476347004343E-4 	 5.0245328176378567E-5 	 9.264476347004343E-4 	 5.0245328176378567E-5 	 9.264476347004343E-4 	 5.0245328176378567E-5 	 9.264476347004343E-4 	 5.0245328176378567E-5 	 9.264476347004343E-4 	 
0.26400000000000023 	 1.1618892188529646E-4 	 8.099608978345412E-4 	 1.1618892188529646E-4 	 8.099608978345412E-4 	 1.1618892188529646E-4 	 8.099608978345412E-4 	 1.1618892188529646E-4 	 8.099608978345412E-4 	 1.1618892188529646E-4 	 8.099608978345412E-4 	 1.1618892188529646E-4 	 8.099608978345412E-4 	 1.1618892188529646E-4 	 8.099608978345412E-4 	 1.1618892188529646E-4 	 8.099608978345412E-4 	 
0.28800000000000026 	 1.1529837165765495E-4 	 7.117482728271896E-4 	 1.1529837165765495E-4 	 7.117482728271896E-4 	 1.1529837165765495E-4 	 7.117482728271896E-4 	 1.1529837165765495E-4 	 7.117482728271896E-4 	 1.1529837165765495E-4 	 7.117482728271896E-4 	 1.1529837165765495E-4 	 7.117482728271896E-4 	 1.1529837165765495E-4 	 7.117482728271896E-4 	 1.1529837165765495E-4 	 7.117482728271896E-4 	 
0.3120000000000003 	 1.7887645648780764E-4 	 6.174766665719139E-4 	 1.7887645648780764E-4 	 6.174766665719139E-4 	 1.7887645648780764E-4 	 6.174766665719139E-4 	 1.7887645648780764E-4 	 6.174766665719139E-4 	 1.7887645648780764E-4 	 6.174766665719139E-4 	 1.7887645648780764E-4 	 6.174766665719139E-4 	 1.7887645648780764E-4 	 6.174766665719139E-4 	 1.7887645648780764E-4 	 6.174766665719139E-4 	 
0.33599999999999985 	 2.942977010923791E-4 	 5.493088348397268E-4 	 2.942977010923791E-4 	 5.493088348397268E-4 	 2.942977010923791E-4 	 5.493088348397268E-4 	 2.942977010923791E-4 	 5.493088348397268E-4 	 2.942977010923791E-4 	 5.493088348397268E-4 	 2.942977010923791E-4 	 5.493088348397268E-4 	 2.942977010923791E-4 	 5.493088348397268E-4 	 2.942977010923791E-4 	 5.493088348397268E-4 	 
0.3599999999999999 	 5.71363856719183E-4 	 4.898068443096546E-4 	 5.71363856719183E-4 	 4.898068443096546E-4 	 5.71363856719183E-4 	 4.898068443096546E-4 	 5.71363856719183E-4 	 4.898068443096546E-4 	 5.71363856719183E-4 	 4.898068443096546E-4 	 5.71363856719183E-4 	 4.898068443096546E-4 	 5.71363856719183E-4 	 4.898068443096546E-4 	 5.71363856719183E-4 	 4.898068443096546E-4 	 
0.3839999999999999 	 9.350056232285243E-4 	 4.429436411730614E-4 	 9.350056232285243E-4 	 4.429436411730614E-4 	 9.350056232285243E-4 	 4.429436411730614E-4 	 9.350056232285243E-4 	 4.429436411730614E-4 	 9.350056232285243E-4 	 4.429436411730614E-4 	 9.350056232285243E-4 	 4.429436411730614E-4 	 9.350056232285243E-4 	 4.429436411730614E-4 	 9.350056232285243E-4 	 4.429436411730614E-4 	 
0.4079999999999999 	 0.0016375060993874175 	 4.032130247280745E-4 	 0.0016375060993874175 	 4.032130247280745E-4 	 0.0016375060993874175 	 4.032130247280745E-4 	 0.0016375060993874175 	 4.032130247280745E-4 	 0.0016375060993874175 	 4.032130247280745E-4 	 0.0016375060993874175 	 4.032130247280745E-4 	 0.0016375060993874175 	 4.032130247280745E-4 	 0.0016375060993874175 	 4.032130247280745E-4 	 
0.43199999999999994 	 0.0025330674411412 	 3.6713255184420043E-4 	 0.0025330674411412 	 3.6713255184420043E-4 	 0.0025330674411412 	 3.6713255184420043E-4 	 0.0025330674411412 	 3.6713255184420043E-4 	 0.0025330674411412 	 3.6713255184420043E-4 	 0.0025330674411412 	 3.6713255184420043E-4 	 0.0025330674411412 	 3.6713255184420043E-4 	 0.0025330674411412 	 3.6713255184420043E-4 	 
0.45599999999999996 	 0.00443066888121598 	 3.4515932398308775E-4 	 0.00443066888121598 	 3.4515932398308775E-4 	 0.00443066888121598 	 3.4515932398308775E-4 	 0.00443066888121598 	 3.4515932398308775E-4 	 0.00443066888121598 	 3.4515932398308775E-4 	 0.00443066888121598 	 3.4515932398308775E-4 	 0.00443066888121598 	 3.4515932398308775E-4 	 0.00443066888121598 	 3.4515932398308775E-4 	 
0.48 	 0.006937206376305577 	 3.2806517881867774E-4 	 0.006937206376305577 	 3.2806517881867774E-4 	 0.006937206376305577 	 3.2806517881867774E-4 	 0.006937206376305577 	 3.2806517881867774E-4 	 0.006937206376305577 	 3.2806517881867774E-4 	 0.006937206376305577 	 3.2806517881867774E-4 	 0.006937206376305577 	 3.2806517881867774E-4 	 0.006937206376305577 	 3.2806517881867774E-4 	 
0.504 	 0.00986531827266213 	 3.204348190607895E-4 	 0.00986531827266213 	 3.204348190607895E-4 	 0.00986531827266213 	 3.204348190607895E-4 	 0.00986531827266213 	 3.204348190607895E-4 	 0.00986531827266213 	 3.204348190607895E-4 	 0.00986531827266213 	 3.204348190607895E-4 	 0.00986531827266213 	 3.204348190607895E-4 	 0.00986531827266213 	 3.204348190607895E-4 	 
0.528 	 0.014109875866257745 	 3.136327608380444E-4 	 0.014109875866257745 	 3.136327608380444E-4 	 0.014109875866257745 	 3.136327608380444E-4 	 0.014109875866257745 	 3.136327608380444E-4 	 0.014109875866257745 	 3.136327608380444E-4 	 0.014109875866257745 	 3.136327608380444E-4 	 0.014109875866257745 	 3.136327608380444E-4 	 0.014109875866257745 	 3.136327608380444E-4 	 
0.552 	 0.018689947639935502 	 3.0758903826133885E-4 	 0.018689947639935502 	 3.0758903826133885E-4 	 0.018689947639935502 	 3.0758903826133885E-4 	 0.018689947639935502 	 3.0758903826133885E-4 	 0.018689947639935502 	 3.0758903826133885E-4 	 0.018689947639935502 	 3.0758903826133885E-4 	 0.018689947639935502 	 3.0758903826133885E-4 	 0.018689947639935502 	 3.0758903826133885E-4 	 
0.5760000000000001 	 0.024217514406602508 	 3.0268433259050603E-4 	 0.024217514406602508 	 3.0268433259050603E-4 	 0.024217514406602508 	 3.0268433259050603E-4 	 0.024217514406602508 	 3.0268433259050603E-4 	 0.024217514406602508 	 3.0268433259050603E-4 	 0.024217514406602508 	 3.0268433259050603E-4 	 0.024217514406602508 	 3.0268433259050603E-4 	 0.024217514406602508 	 3.0268433259050603E-4 	 
0.6000000000000001 	 0.030741350844280386 	 2.988161461010874E-4 	 0.030741350844280386 	 2.988161461010874E-4 	 0.030741350844280386 	 2.988161461010874E-4 	 0.030741350844280386 	 2.988161461010874E-4 	 0.030741350844280386 	 2.988161461010874E-4 	 0.030741350844280386 	 2.988161461010874E-4 	 0.030741350844280386 	 2.988161461010874E-4 	 0.030741350844280386 	 2.988161461010874E-4 	 
0.6240000000000001 	 0.03723254864808969 	 2.9804477413764474E-4 	 0.03723254864808969 	 2.9804477413764474E-4 	 0.03723254864808969 	 2.9804477413764474E-4 	 0.03723254864808969 	 2.9804477413764474E-4 	 0.03723254864808969 	 2.9804477413764474E-4 	 0.03723254864808969 	 2.9804477413764474E-4 	 0.03723254864808969 	 2.9804477413764474E-4 	 0.03723254864808969 	 2.9804477413764474E-4 	 
0.6480000000000001 	 0.04404306636350761 	 2.9322242301328943E-4 	 0.04404306636350761 	 2.9322242301328943E-4 	 0.04404306636350761 	 2.9322242301328943E-4 	 0.04404306636350761 	 2.9322242301328943E-4 	 0.04404306636350761 	 2.9322242301328943E-4 	 0.04404306636350761 	 2.9322242301328943E-4 	 0.04404306636350761 	 2.9322242301328943E-4 	 0.04404306636350761 	 2.9322242301328943E-4 	 
0.6720000000000002 	 0.0483527545278226 	 2.862516668818937E-4 	 0.0483527545278226 	 2.862516668818937E-4 	 0.0483527545278226 	 2.862516668818937E-4 	 0.0483527545278226 	 2.862516668818937E-4 	 0.0483527545278226 	 2.862516668818937E-4 	 0.0483527545278226 	 2.862516668818937E-4 	 0.0483527545278226 	 2.862516668818937E-4 	 0.0483527545278226 	 2.862516668818937E-4 	 
0.6960000000000002 	 0.05403075310559893 	 2.832336318504286E-4 	 0.05403075310559893 	 2.832336318504286E-4 	 0.05403075310559893 	 2.832336318504286E-4 	 0.05403075310559893 	 2.832336318504286E-4 	 0.05403075310559893 	 2.832336318504286E-4 	 0.05403075310559893 	 2.832336318504286E-4 	 0.05403075310559893 	 2.832336318504286E-4 	 0.05403075310559893 	 2.832336318504286E-4 	 
0.7200000000000002 	 0.058266764973071414 	 2.704234910211287E-4 	 0.058266764973071414 	 2.704234910211287E-4 	 0.058266764973071414 	 2.704234910211287E-4 	 0.058266764973071414 	 2.704234910211287E-4 	 0.058266764973071414 	 2.704234910211287E-4 	 0.058266764973071414 	 2.704234910211287E-4 	 0.058266764973071414 	 2.704234910211287E-4 	 0.058266764973071414 	 2.704234910211287E-4 	 
0.7440000000000002 	 0.05977516959978062 	 2.5971241056129215E-4 	 0.05977516959978062 	 2.5971241056129215E-4 	 0.05977516959978062 	 2.5971241056129215E-4 	 0.05977516959978062 	 2.5971241056129215E-4 	 0.05977516959978062 	 2.5971241056129215E-4 	 0.05977516959978062 	 2.5971241056129215E-4 	 0.05977516959978062 	 2.5971241056129215E-4 	 0.05977516959978062 	 2.5971241056129215E-4 	 
0.7680000000000002 	 0.06021331992001052 	 2.4570336643805536E-4 	 0.06021331992001052 	 2.4570336643805536E-4 	 0.06021331992001052 	 2.4570336643805536E-4 	 0.06021331992001052 	 2.4570336643805536E-4 	 0.06021331992001052 	 2.4570336643805536E-4 	 0.06021331992001052 	 2.4570336643805536E-4 	 0.06021331992001052 	 2.4570336643805536E-4 	 0.06021331992001052 	 2.4570336643805536E-4 	 
0.7920000000000003 	 0.05919875782449514 	 2.291465442647328E-4 	 0.05919875782449514 	 2.291465442647328E-4 	 0.05919875782449514 	 2.291465442647328E-4 	 0.05919875782449514 	 2.291465442647328E-4 	 0.05919875782449514 	 2.291465442647328E-4 	 0.05919875782449514 	 2.291465442647328E-4 	 0.05919875782449514 	 2.291465442647328E-4 	 0.05919875782449514 	 2.291465442647328E-4 	 
0.8160000000000003 	 0.05581550777455211 	 2.1095921874025967E-4 	 0.05581550777455211 	 2.1095921874025967E-4 	 0.05581550777455211 	 2.1095921874025967E-4 	 0.05581550777455211 	 2.1095921874025967E-4 	 0.05581550777455211 	 2.1095921874025967E-4 	 0.05581550777455211 	 2.1095921874025967E-4 	 0.05581550777455211 	 2.1095921874025967E-4 	 0.05581550777455211 	 2.1095921874025967E-4 	 
0.8399999999999999 	 0.05220250211921351 	 1.9441844273945707E-4 	 0.05220250211921351 	 1.9441844273945707E-4 	 0.05220250211921351 	 1.9441844273945707E-4 	 0.05220250211921351 	 1.9441844273945707E-4 	 0.05220250211921351 	 1.9441844273945707E-4 	 0.05220250211921351 	 1.9441844273945707E-4 	 0.05220250211921351 	 1.9441844273945707E-4 	 0.05220250211921351 	 1.9441844273945707E-4 	 
0.8639999999999999 	 0.04835601035342837 	 1.7253517587352806E-4 	 0.04835601035342837 	 1.7253517587352806E-4 	 0.04835601035342837 	 1.7253517587352806E-4 	 0.04835601035342837 	 1.7253517587352806E-4 	 0.04835601035342837 	 1.7253517587352806E-4 	 0.04835601035342837 	 1.7253517587352806E-4 	 0.04835601035342837 	 1.7253517587352806E-4 	 0.04835601035342837 	 1.7253517587352806E-4 	 
0.8879999999999999 	 0.04200553427346892 	 1.536549742885148E-4 	 0.04200553427346892 	 1.536549742885148E-4 	 0.04200553427346892 	 1.536549742885148E-4 	 0.04200553427346892 	 1.536549742885148E-4 	 0.04200553427346892 	 1.536549742885148E-4 	 0.04200553427346892 	 1.536549742885148E-4 	 0.04200553427346892 	 1.536549742885148E-4 	 0.04200553427346892 	 1.536549742885148E-4 	 
0.9119999999999999 	 0.03784138081189578 	 1.337375378530939E-4 	 0.03784138081189578 	 1.337375378530939E-4 	 0.03784138081189578 	 1.337375378530939E-4 	 0.03784138081189578 	 1.337375378530939E-4 	 0.03784138081189578 	 1.337375378530939E-4 	 0.03784138081189578 	 1.337375378530939E-4 	 0.03784138081189578 	 1.337375378530939E-4 	 0.03784138081189578 	 1.337375378530939E-4 	 
0.9359999999999999 	 0.03318302247375113 	 1.1350328338352064E-4 	 0.03318302247375113 	 1.1350328338352064E-4 	 0.03318302247375113 	 1.1350328338352064E-4 	 0.03318302247375113 	 1.1350328338352064E-4 	 0.03318302247375113 	 1.1350328338352064E-4 	 0.03318302247375113 	 1.1350328338352064E-4 	 0.03318302247375113 	 1.1350328338352064E-4 	 0.03318302247375113 	 1.1350328338352064E-4 	 
0.96 	 0.028022336258419364 	 9.376615735320468E-5 	 0.028022336258419364 	 9.376615735320468E-5 	 0.028022336258419364 	 9.376615735320468E-5 	 0.028022336258419364 	 9.376615735320468E-5 	 0.028022336258419364 	 9.376615735320468E-5 	 0.028022336258419364 	 9.376615735320468E-5 	 0.028022336258419364 	 9.376615735320468E-5 	 0.028022336258419364 	 9.376615735320468E-5 	 
0.984 	 0.022630857222935855 	 7.775592219580041E-5 	 0.022630857222935855 	 7.775592219580041E-5 	 0.022630857222935855 	 7.775592219580041E-5 	 0.022630857222935855 	 7.775592219580041E-5 	 0.022630857222935855 	 7.775592219580041E-5 	 0.022630857222935855 	 7.775592219580041E-5 	 0.022630857222935855 	 7.775592219580041E-5 	 0.022630857222935855 	 7.775592219580041E-5 	 
1.008 	 0.019444756532503597 	 6.755709828302591E-5 	 0.019444756532503597 	 6.755709828302591E-5 	 0.019444756532503597 	 6.755709828302591E-5 	 0.019444756532503597 	 6.755709828302591E-5 	 0.019444756532503597 	 6.755709828302591E-5 	 0.019444756532503597 	 6.755709828302591E-5 	 0.019444756532503597 	 6.755709828302591E-5 	 0.019444756532503597 	 6.755709828302591E-5 	 
1.032 	 0.016597833682600174 	 5.776370006616406E-5 	 0.016597833682600174 	 5.776370006616406E-5 	 0.016597833682600174 	 5.776370006616406E-5 	 0.016597833682600174 	 5.776370006616406E-5 	 0.016597833682600174 	 5.776370006616406E-5 	 0.016597833682600174 	 5.776370006616406E-5 	 0.016597833682600174 	 5.776370006616406E-5 	 0.016597833682600174 	 5.776370006616406E-5 	 
1.056 	 0.01411610944270527 	 5.077038942639506E-5 	 0.01411610944270527 	 5.077038942639506E-5 	 0.01411610944270527 	 5.077038942639506E-5 	 0.01411610944270527 	 5.077038942639506E-5 	 0.01411610944270527 	 5.077038942639506E-5 	 0.01411610944270527 	 5.077038942639506E-5 	 0.01411610944270527 	 5.077038942639506E-5 	 0.01411610944270527 	 5.077038942639506E-5 	 
1.08 	 0.011930755033429424 	 4.517449728857286E-5 	 0.011930755033429424 	 4.517449728857286E-5 	 0.011930755033429424 	 4.517449728857286E-5 	 0.011930755033429424 	 4.517449728857286E-5 	 0.011930755033429424 	 4.517449728857286E-5 	 0.011930755033429424 	 4.517449728857286E-5 	 0.011930755033429424 	 4.517449728857286E-5 	 0.011930755033429424 	 4.517449728857286E-5 	 
1.104 	 0.0104819952159072 	 3.8143188320690473E-5 	 0.0104819952159072 	 3.8143188320690473E-5 	 0.0104819952159072 	 3.8143188320690473E-5 	 0.0104819952159072 	 3.8143188320690473E-5 	 0.0104819952159072 	 3.8143188320690473E-5 	 0.0104819952159072 	 3.8143188320690473E-5 	 0.0104819952159072 	 3.8143188320690473E-5 	 0.0104819952159072 	 3.8143188320690473E-5 	 
1.1280000000000001 	 0.008851989209331659 	 3.430691317014832E-5 	 0.008851989209331659 	 3.430691317014832E-5 	 0.008851989209331659 	 3.430691317014832E-5 	 0.008851989209331659 	 3.430691317014832E-5 	 0.008851989209331659 	 3.430691317014832E-5 	 0.008851989209331659 	 3.430691317014832E-5 	 0.008851989209331659 	 3.430691317014832E-5 	 0.008851989209331659 	 3.430691317014832E-5 	 
1.1520000000000001 	 0.008255340080360999 	 3.012322184537819E-5 	 0.008255340080360999 	 3.012322184537819E-5 	 0.008255340080360999 	 3.012322184537819E-5 	 0.008255340080360999 	 3.012322184537819E-5 	 0.008255340080360999 	 3.012322184537819E-5 	 0.008255340080360999 	 3.012322184537819E-5 	 0.008255340080360999 	 3.012322184537819E-5 	 0.008255340080360999 	 3.012322184537819E-5 	 
1.1760000000000002 	 0.006918076903476057 	 2.6715528181381455E-5 	 0.006918076903476057 	 2.6715528181381455E-5 	 0.006918076903476057 	 2.6715528181381455E-5 	 0.006918076903476057 	 2.6715528181381455E-5 	 0.006918076903476057 	 2.6715528181381455E-5 	 0.006918076903476057 	 2.6715528181381455E-5 	 0.006918076903476057 	 2.6715528181381455E-5 	 0.006918076903476057 	 2.6715528181381455E-5 	 
1.2000000000000002 	 0.005947884061510939 	 2.4059079281189233E-5 	 0.005947884061510939 	 2.4059079281189233E-5 	 0.005947884061510939 	 2.4059079281189233E-5 	 0.005947884061510939 	 2.4059079281189233E-5 	 0.005947884061510939 	 2.4059079281189233E-5 	 0.005947884061510939 	 2.4059079281189233E-5 	 0.005947884061510939 	 2.4059079281189233E-5 	 0.005947884061510939 	 2.4059079281189233E-5 	 
1.2240000000000002 	 0.004917634496091861 	 2.1411162049152704E-5 	 0.004917634496091861 	 2.1411162049152704E-5 	 0.004917634496091861 	 2.1411162049152704E-5 	 0.004917634496091861 	 2.1411162049152704E-5 	 0.004917634496091861 	 2.1411162049152704E-5 	 0.004917634496091861 	 2.1411162049152704E-5 	 0.004917634496091861 	 2.1411162049152704E-5 	 0.004917634496091861 	 2.1411162049152704E-5 	 
1.2480000000000002 	 0.004526205943055604 	 1.725350638894518E-5 	 0.004526205943055604 	 1.725350638894518E-5 	 0.004526205943055604 	 1.725350638894518E-5 	 0.004526205943055604 	 1.725350638894518E-5 	 0.004526205943055604 	 1.725350638894518E-5 	 0.004526205943055604 	 1.725350638894518E-5 	 0.004526205943055604 	 1.725350638894518E-5 	 0.004526205943055604 	 1.725350638894518E-5 	 
1.2720000000000002 	 0.0036531785868268558 	 1.3751074033969941E-5 	 0.0036531785868268558 	 1.3751074033969941E-5 	 0.0036531785868268558 	 1.3751074033969941E-5 	 0.0036531785868268558 	 1.3751074033969941E-5 	 0.0036531785868268558 	 1.3751074033969941E-5 	 0.0036531785868268558 	 1.3751074033969941E-5 	 0.0036531785868268558 	 1.3751074033969941E-5 	 0.0036531785868268558 	 1.3751074033969941E-5 	 
1.2960000000000003 	 0.002920674603195285 	 1.0803000212648612E-5 	 0.002920674603195285 	 1.0803000212648612E-5 	 0.002920674603195285 	 1.0803000212648612E-5 	 0.002920674603195285 	 1.0803000212648612E-5 	 0.002920674603195285 	 1.0803000212648612E-5 	 0.002920674603195285 	 1.0803000212648612E-5 	 0.002920674603195285 	 1.0803000212648612E-5 	 0.002920674603195285 	 1.0803000212648612E-5 	 
1.3200000000000003 	 0.002492120039798525 	 8.752170344851769E-6 	 0.002492120039798525 	 8.752170344851769E-6 	 0.002492120039798525 	 8.752170344851769E-6 	 0.002492120039798525 	 8.752170344851769E-6 	 0.002492120039798525 	 8.752170344851769E-6 	 0.002492120039798525 	 8.752170344851769E-6 	 0.002492120039798525 	 8.752170344851769E-6 	 0.002492120039798525 	 8.752170344851769E-6 	 
1.3440000000000003 	 0.002077579647372044 	 7.4811969298682814E-6 	 0.002077579647372044 	 7.4811969298682814E-6 	 0.002077579647372044 	 7.4811969298682814E-6 	 0.002077579647372044 	 7.4811969298682814E-6 	 0.002077579647372044 	 7.4811969298682814E-6 	 0.002077579647372044 	 7.4811969298682814E-6 	 0.002077579647372044 	 7.4811969298682814E-6 	 0.002077579647372044 	 7.4811969298682814E-6 	 
1.3680000000000003 	 0.0019311090387359735 	 6.301389394084148E-6 	 0.0019311090387359735 	 6.301389394084148E-6 	 0.0019311090387359735 	 6.301389394084148E-6 	 0.0019311090387359735 	 6.301389394084148E-6 	 0.0019311090387359735 	 6.301389394084148E-6 	 0.0019311090387359735 	 6.301389394084148E-6 	 0.0019311090387359735 	 6.301389394084148E-6 	 0.0019311090387359735 	 6.301389394084148E-6 	 
1.3920000000000003 	 0.0015700420090834757 	 4.950042910207758E-6 	 0.0015700420090834757 	 4.950042910207758E-6 	 0.0015700420090834757 	 4.950042910207758E-6 	 0.0015700420090834757 	 4.950042910207758E-6 	 0.0015700420090834757 	 4.950042910207758E-6 	 0.0015700420090834757 	 4.950042910207758E-6 	 0.0015700420090834757 	 4.950042910207758E-6 	 0.0015700420090834757 	 4.950042910207758E-6 	 
1.4160000000000004 	 0.0010861898057646473 	 4.495860940377942E-6 	 0.0010861898057646473 	 4.495860940377942E-6 	 0.0010861898057646473 	 4.495860940377942E-6 	 0.0010861898057646473 	 4.495860940377942E-6 	 0.0010861898057646473 	 4.495860940377942E-6 	 0.0010861898057646473 	 4.495860940377942E-6 	 0.0010861898057646473 	 4.495860940377942E-6 	 0.0010861898057646473 	 4.495860940377942E-6 	 
1.4400000000000004 	 0.0012272112963107123 	 4.341644012622851E-6 	 0.0012272112963107123 	 4.341644012622851E-6 	 0.0012272112963107123 	 4.341644012622851E-6 	 0.0012272112963107123 	 4.341644012622851E-6 	 0.0012272112963107123 	 4.341644012622851E-6 	 0.0012272112963107123 	 4.341644012622851E-6 	 0.0012272112963107123 	 4.341644012622851E-6 	 0.0012272112963107123 	 4.341644012622851E-6 	 
1.4640000000000004 	 0.0012597464231875665 	 3.7086833016602093E-6 	 0.0012597464231875665 	 3.7086833016602093E-6 	 0.0012597464231875665 	 3.7086833016602093E-6 	 0.0012597464231875665 	 3.7086833016602093E-6 	 0.0012597464231875665 	 3.7086833016602093E-6 	 0.0012597464231875665 	 3.7086833016602093E-6 	 0.0012597464231875665 	 3.7086833016602093E-6 	 0.0012597464231875665 	 3.7086833016602093E-6 	 
1.4880000000000004 	 8.993953043031353E-4 	 3.2471107777301617E-6 	 8.993953043031353E-4 	 3.2471107777301617E-6 	 8.993953043031353E-4 	 3.2471107777301617E-6 	 8.993953043031353E-4 	 3.2471107777301617E-6 	 8.993953043031353E-4 	 3.2471107777301617E-6 	 8.993953043031353E-4 	 3.2471107777301617E-6 	 8.993953043031353E-4 	 3.2471107777301617E-6 	 8.993953043031353E-4 	 3.2471107777301617E-6 	 
1.5120000000000005 	 8.826619661951655E-4 	 2.9530519027021644E-6 	 8.826619661951655E-4 	 2.9530519027021644E-6 	 8.826619661951655E-4 	 2.9530519027021644E-6 	 8.826619661951655E-4 	 2.9530519027021644E-6 	 8.826619661951655E-4 	 2.9530519027021644E-6 	 8.826619661951655E-4 	 2.9530519027021644E-6 	 8.826619661951655E-4 	 2.9530519027021644E-6 	 8.826619661951655E-4 	 2.9530519027021644E-6 	 
1.5360000000000005 	 8.27064591391013E-4 	 2.7793420119188226E-6 	 8.27064591391013E-4 	 2.7793420119188226E-6 	 8.27064591391013E-4 	 2.7793420119188226E-6 	 8.27064591391013E-4 	 2.7793420119188226E-6 	 8.27064591391013E-4 	 2.7793420119188226E-6 	 8.27064591391013E-4 	 2.7793420119188226E-6 	 8.27064591391013E-4 	 2.7793420119188226E-6 	 8.27064591391013E-4 	 2.7793420119188226E-6 	 
1.5600000000000005 	 8.184477850359789E-4 	 2.425490412201301E-6 	 8.184477850359789E-4 	 2.425490412201301E-6 	 8.184477850359789E-4 	 2.425490412201301E-6 	 8.184477850359789E-4 	 2.425490412201301E-6 	 8.184477850359789E-4 	 2.425490412201301E-6 	 8.184477850359789E-4 	 2.425490412201301E-6 	 8.184477850359789E-4 	 2.425490412201301E-6 	 8.184477850359789E-4 	 2.425490412201301E-6 	 
1.5840000000000005 	 6.783384324310491E-4 	 2.0652051057056953E-6 	 6.783384324310491E-4 	 2.0652051057056953E-6 	 6.783384324310491E-4 	 2.0652051057056953E-6 	 6.783384324310491E-4 	 2.0652051057056953E-6 	 6.783384324310491E-4 	 2.0652051057056953E-6 	 6.783384324310491E-4 	 2.0652051057056953E-6 	 6.783384324310491E-4 	 2.0652051057056953E-6 	 6.783384324310491E-4 	 2.0652051057056953E-6 	 
1.6080000000000005 	 5.737917343229774E-4 	 1.816436807765503E-6 	 5.737917343229774E-4 	 1.816436807765503E-6 	 5.737917343229774E-4 	 1.816436807765503E-6 	 5.737917343229774E-4 	 1.816436807765503E-6 	 5.737917343229774E-4 	 1.816436807765503E-6 	 5.737917343229774E-4 	 1.816436807765503E-6 	 5.737917343229774E-4 	 1.816436807765503E-6 	 5.737917343229774E-4 	 1.816436807765503E-6 	 
1.6319999999999997 	 5.212046345881764E-4 	 1.5719563536352587E-6 	 5.212046345881764E-4 	 1.5719563536352587E-6 	 5.212046345881764E-4 	 1.5719563536352587E-6 	 5.212046345881764E-4 	 1.5719563536352587E-6 	 5.212046345881764E-4 	 1.5719563536352587E-6 	 5.212046345881764E-4 	 1.5719563536352587E-6 	 5.212046345881764E-4 	 1.5719563536352587E-6 	 5.212046345881764E-4 	 1.5719563536352587E-6 	 
1.6559999999999997 	 4.771653381787563E-4 	 1.3596474332201234E-6 	 4.771653381787563E-4 	 1.3596474332201234E-6 	 4.771653381787563E-4 	 1.3596474332201234E-6 	 4.771653381787563E-4 	 1.3596474332201234E-6 	 4.771653381787563E-4 	 1.3596474332201234E-6 	 4.771653381787563E-4 	 1.3596474332201234E-6 	 4.771653381787563E-4 	 1.3596474332201234E-6 	 4.771653381787563E-4 	 1.3596474332201234E-6 	 
1.6799999999999997 	 3.8594924403745974E-4 	 1.1087339859142423E-6 	 3.8594924403745974E-4 	 1.1087339859142423E-6 	 3.8594924403745974E-4 	 1.1087339859142423E-6 	 3.8594924403745974E-4 	 1.1087339859142423E-6 	 3.8594924403745974E-4 	 1.1087339859142423E-6 	 3.8594924403745974E-4 	 1.1087339859142423E-6 	 3.8594924403745974E-4 	 1.1087339859142423E-6 	 3.8594924403745974E-4 	 1.1087339859142423E-6 	 
1.7039999999999997 	 3.297373067784379E-4 	 9.629038403146548E-7 	 3.297373067784379E-4 	 9.629038403146548E-7 	 3.297373067784379E-4 	 9.629038403146548E-7 	 3.297373067784379E-4 	 9.629038403146548E-7 	 3.297373067784379E-4 	 9.629038403146548E-7 	 3.297373067784379E-4 	 9.629038403146548E-7 	 3.297373067784379E-4 	 9.629038403146548E-7 	 3.297373067784379E-4 	 9.629038403146548E-7 	 
1.7279999999999998 	 2.890274267817248E-4 	 7.698953894070793E-7 	 2.890274267817248E-4 	 7.698953894070793E-7 	 2.890274267817248E-4 	 7.698953894070793E-7 	 2.890274267817248E-4 	 7.698953894070793E-7 	 2.890274267817248E-4 	 7.698953894070793E-7 	 2.890274267817248E-4 	 7.698953894070793E-7 	 2.890274267817248E-4 	 7.698953894070793E-7 	 2.890274267817248E-4 	 7.698953894070793E-7 	 
1.7519999999999998 	 1.7870384570756726E-4 	 7.098469431119699E-7 	 1.7870384570756726E-4 	 7.098469431119699E-7 	 1.7870384570756726E-4 	 7.098469431119699E-7 	 1.7870384570756726E-4 	 7.098469431119699E-7 	 1.7870384570756726E-4 	 7.098469431119699E-7 	 1.7870384570756726E-4 	 7.098469431119699E-7 	 1.7870384570756726E-4 	 7.098469431119699E-7 	 1.7870384570756726E-4 	 7.098469431119699E-7 	 
1.7759999999999998 	 2.1018020112722872E-4 	 6.240656844873186E-7 	 2.1018020112722872E-4 	 6.240656844873186E-7 	 2.1018020112722872E-4 	 6.240656844873186E-7 	 2.1018020112722872E-4 	 6.240656844873186E-7 	 2.1018020112722872E-4 	 6.240656844873186E-7 	 2.1018020112722872E-4 	 6.240656844873186E-7 	 2.1018020112722872E-4 	 6.240656844873186E-7 	 2.1018020112722872E-4 	 6.240656844873186E-7 	 
1.7999999999999998 	 1.6476299195945424E-4 	 5.897518759560516E-7 	 1.6476299195945424E-4 	 5.897518759560516E-7 	 1.6476299195945424E-4 	 5.897518759560516E-7 	 1.6476299195945424E-4 	 5.897518759560516E-7 	 1.6476299195945424E-4 	 5.897518759560516E-7 	 1.6476299195945424E-4 	 5.897518759560516E-7 	 1.6476299195945424E-4 	 5.897518759560516E-7 	 1.6476299195945424E-4 	 5.897518759560516E-7 	 
1.8239999999999998 	 1.889551705626858E-4 	 5.211269026172989E-7 	 1.889551705626858E-4 	 5.211269026172989E-7 	 1.889551705626858E-4 	 5.211269026172989E-7 	 1.889551705626858E-4 	 5.211269026172989E-7 	 1.889551705626858E-4 	 5.211269026172989E-7 	 1.889551705626858E-4 	 5.211269026172989E-7 	 1.889551705626858E-4 	 5.211269026172989E-7 	 1.889551705626858E-4 	 5.211269026172989E-7 	 
1.8479999999999999 	 1.5351111654993347E-4 	 4.160444400928961E-7 	 1.5351111654993347E-4 	 4.160444400928961E-7 	 1.5351111654993347E-4 	 4.160444400928961E-7 	 1.5351111654993347E-4 	 4.160444400928961E-7 	 1.5351111654993347E-4 	 4.160444400928961E-7 	 1.5351111654993347E-4 	 4.160444400928961E-7 	 1.5351111654993347E-4 	 4.160444400928961E-7 	 1.5351111654993347E-4 	 4.160444400928961E-7 	 
1.8719999999999999 	 1.0955376161269705E-4 	 3.6886424636789593E-7 	 1.0955376161269705E-4 	 3.6886424636789593E-7 	 1.0955376161269705E-4 	 3.6886424636789593E-7 	 1.0955376161269705E-4 	 3.6886424636789593E-7 	 1.0955376161269705E-4 	 3.6886424636789593E-7 	 1.0955376161269705E-4 	 3.6886424636789593E-7 	 1.0955376161269705E-4 	 3.6886424636789593E-7 	 1.0955376161269705E-4 	 3.6886424636789593E-7 	 
1.896 	 1.1286161432019981E-4 	 2.9165961967512883E-7 	 1.1286161432019981E-4 	 2.9165961967512883E-7 	 1.1286161432019981E-4 	 2.9165961967512883E-7 	 1.1286161432019981E-4 	 2.9165961967512883E-7 	 1.1286161432019981E-4 	 2.9165961967512883E-7 	 1.1286161432019981E-4 	 2.9165961967512883E-7 	 1.1286161432019981E-4 	 2.9165961967512883E-7 	 1.1286161432019981E-4 	 2.9165961967512883E-7 	 
1.92 	 8.511575787562031E-5 	 2.0158846092505442E-7 	 8.511575787562031E-5 	 2.0158846092505442E-7 	 8.511575787562031E-5 	 2.0158846092505442E-7 	 8.511575787562031E-5 	 2.0158846092505442E-7 	 8.511575787562031E-5 	 2.0158846092505442E-7 	 8.511575787562031E-5 	 2.0158846092505442E-7 	 8.511575787562031E-5 	 2.0158846092505442E-7 	 8.511575787562031E-5 	 2.0158846092505442E-7 	 
1.944 	 4.120152996904698E-5 	 1.8014328265156706E-7 	 4.120152996904698E-5 	 1.8014328265156706E-7 	 4.120152996904698E-5 	 1.8014328265156706E-7 	 4.120152996904698E-5 	 1.8014328265156706E-7 	 4.120152996904698E-5 	 1.8014328265156706E-7 	 4.120152996904698E-5 	 1.8014328265156706E-7 	 4.120152996904698E-5 	 1.8014328265156706E-7 	 4.120152996904698E-5 	 1.8014328265156706E-7 	 
1.968 	 4.674121331712406E-5 	 1.5869749589874828E-7 	 4.674121331712406E-5 	 1.5869749589874828E-7 	 4.674121331712406E-5 	 1.5869749589874828E-7 	 4.674121331712406E-5 	 1.5869749589874828E-7 	 4.674121331712406E-5 	 1.5869749589874828E-7 	 4.674121331712406E-5 	 1.5869749589874828E-7 	 4.674121331712406E-5 	 1.5869749589874828E-7 	 4.674121331712406E-5 	 1.5869749589874828E-7 	 
1.992 	 3.707210457848268E-5 	 1.5011956307559912E-7 	 3.707210457848268E-5 	 1.5011956307559912E-7 	 3.707210457848268E-5 	 1.5011956307559912E-7 	 3.707210457848268E-5 	 1.5011956307559912E-7 	 3.707210457848268E-5 	 1.5011956307559912E-7 	 3.707210457848268E-5 	 1.5011956307559912E-7 	 3.707210457848268E-5 	 1.5011956307559912E-7 	 3.707210457848268E-5 	 1.5011956307559912E-7 	 
2.016 	 3.3434328864895235E-5 	 1.586970552780491E-7 	 3.3434328864895235E-5 	 1.586970552780491E-7 	 3.3434328864895235E-5 	 1.586970552780491E-7 	 3.3434328864895235E-5 	 1.586970552780491E-7 	 3.3434328864895235E-5 	 1.586970552780491E-7 	 3.3434328864895235E-5 	 1.586970552780491E-7 	 3.3434328864895235E-5 	 1.586970552780491E-7 	 3.3434328864895235E-5 	 1.586970552780491E-7 	 
2.04 	 3.8510395230398406E-5 	 1.1580636302161017E-7 	 3.8510395230398406E-5 	 1.1580636302161017E-7 	 3.8510395230398406E-5 	 1.1580636302161017E-7 	 3.8510395230398406E-5 	 1.1580636302161017E-7 	 3.8510395230398406E-5 	 1.1580636302161017E-7 	 3.8510395230398406E-5 	 1.1580636302161017E-7 	 3.8510395230398406E-5 	 1.1580636302161017E-7 	 3.8510395230398406E-5 	 1.1580636302161017E-7 	 
2.064 	 1.05812481565599E-5 	 1.3939589336553635E-7 	 1.05812481565599E-5 	 1.3939589336553635E-7 	 1.05812481565599E-5 	 1.3939589336553635E-7 	 1.05812481565599E-5 	 1.3939589336553635E-7 	 1.05812481565599E-5 	 1.3939589336553635E-7 	 1.05812481565599E-5 	 1.3939589336553635E-7 	 1.05812481565599E-5 	 1.3939589336553635E-7 	 1.05812481565599E-5 	 1.3939589336553635E-7 	 
2.088 	 4.884150574835779E-5 	 1.4797384717347796E-7 	 4.884150574835779E-5 	 1.4797384717347796E-7 	 4.884150574835779E-5 	 1.4797384717347796E-7 	 4.884150574835779E-5 	 1.4797384717347796E-7 	 4.884150574835779E-5 	 1.4797384717347796E-7 	 4.884150574835779E-5 	 1.4797384717347796E-7 	 4.884150574835779E-5 	 1.4797384717347796E-7 	 4.884150574835779E-5 	 1.4797384717347796E-7 	 
2.112 	 4.6730431316843754E-5 	 1.2652845908080557E-7 	 4.6730431316843754E-5 	 1.2652845908080557E-7 	 4.6730431316843754E-5 	 1.2652845908080557E-7 	 4.6730431316843754E-5 	 1.2652845908080557E-7 	 4.6730431316843754E-5 	 1.2652845908080557E-7 	 4.6730431316843754E-5 	 1.2652845908080557E-7 	 4.6730431316843754E-5 	 1.2652845908080557E-7 	 4.6730431316843754E-5 	 1.2652845908080557E-7 	 
2.136 	 3.696428655878951E-5 	 1.0293829927686101E-7 	 3.696428655878951E-5 	 1.0293829927686101E-7 	 3.696428655878951E-5 	 1.0293829927686101E-7 	 3.696428655878951E-5 	 1.0293829927686101E-7 	 3.696428655878951E-5 	 1.0293829927686101E-7 	 3.696428655878951E-5 	 1.0293829927686101E-7 	 3.696428655878951E-5 	 1.0293829927686101E-7 	 3.696428655878951E-5 	 1.0293829927686101E-7 	 
2.16 	 2.7256363463015545E-5 	 9.007126364981348E-8 	 2.7256363463015545E-5 	 9.007126364981348E-8 	 2.7256363463015545E-5 	 9.007126364981348E-8 	 2.7256363463015545E-5 	 9.007126364981348E-8 	 2.7256363463015545E-5 	 9.007126364981348E-8 	 2.7256363463015545E-5 	 9.007126364981348E-8 	 2.7256363463015545E-5 	 9.007126364981348E-8 	 2.7256363463015545E-5 	 9.007126364981348E-8 	 
2.184 	 2.1636894916229616E-5 	 8.578184612124336E-8 	 2.1636894916229616E-5 	 8.578184612124336E-8 	 2.1636894916229616E-5 	 8.578184612124336E-8 	 2.1636894916229616E-5 	 8.578184612124336E-8 	 2.1636894916229616E-5 	 8.578184612124336E-8 	 2.1636894916229616E-5 	 8.578184612124336E-8 	 2.1636894916229616E-5 	 8.578184612124336E-8 	 2.1636894916229616E-5 	 8.578184612124336E-8 	 
2.208 	 2.723695620006162E-5 	 6.433626919376786E-8 	 2.723695620006162E-5 	 6.433626919376786E-8 	 2.723695620006162E-5 	 6.433626919376786E-8 	 2.723695620006162E-5 	 6.433626919376786E-8 	 2.723695620006162E-5 	 6.433626919376786E-8 	 2.723695620006162E-5 	 6.433626919376786E-8 	 2.723695620006162E-5 	 6.433626919376786E-8 	 2.723695620006162E-5 	 6.433626919376786E-8 	 
2.232 	 2.1593767674597283E-5 	 6.433626919376786E-8 	 2.1593767674597283E-5 	 6.433626919376786E-8 	 2.1593767674597283E-5 	 6.433626919376786E-8 	 2.1593767674597283E-5 	 6.433626919376786E-8 	 2.1593767674597283E-5 	 6.433626919376786E-8 	 2.1593767674597283E-5 	 6.433626919376786E-8 	 2.1593767674597283E-5 	 6.433626919376786E-8 	 2.1593767674597283E-5 	 6.433626919376786E-8 	 
2.2560000000000002 	 2.510216195864456E-5 	 4.503544298702442E-8 	 2.510216195864456E-5 	 4.503544298702442E-8 	 2.510216195864456E-5 	 4.503544298702442E-8 	 2.510216195864456E-5 	 4.503544298702442E-8 	 2.510216195864456E-5 	 4.503544298702442E-8 	 2.510216195864456E-5 	 4.503544298702442E-8 	 2.510216195864456E-5 	 4.503544298702442E-8 	 2.510216195864456E-5 	 4.503544298702442E-8 	 
2.2800000000000002 	 9.77908290522765E-6 	 3.216811361558127E-8 	 9.77908290522765E-6 	 3.216811361558127E-8 	 9.77908290522765E-6 	 3.216811361558127E-8 	 9.77908290522765E-6 	 3.216811361558127E-8 	 9.77908290522765E-6 	 3.216811361558127E-8 	 9.77908290522765E-6 	 3.216811361558127E-8 	 9.77908290522765E-6 	 3.216811361558127E-8 	 9.77908290522765E-6 	 3.216811361558127E-8 	 
2.3040000000000003 	 9.781239263089884E-6 	 3.4312654523286684E-8 	 9.781239263089884E-6 	 3.4312654523286684E-8 	 9.781239263089884E-6 	 3.4312654523286684E-8 	 9.781239263089884E-6 	 3.4312654523286684E-8 	 9.781239263089884E-6 	 3.4312654523286684E-8 	 9.781239263089884E-6 	 3.4312654523286684E-8 	 9.781239263089884E-6 	 3.4312654523286684E-8 	 9.781239263089884E-6 	 3.4312654523286684E-8 	 
2.3280000000000003 	 9.78339562095212E-6 	 3.4312654523286684E-8 	 9.78339562095212E-6 	 3.4312654523286684E-8 	 9.78339562095212E-6 	 3.4312654523286684E-8 	 9.78339562095212E-6 	 3.4312654523286684E-8 	 9.78339562095212E-6 	 3.4312654523286684E-8 	 9.78339562095212E-6 	 3.4312654523286684E-8 	 9.78339562095212E-6 	 3.4312654523286684E-8 	 9.78339562095212E-6 	 3.4312654523286684E-8 	 
2.3520000000000003 	 9.774770189503188E-6 	 3.002357270787585E-8 	 9.774770189503188E-6 	 3.002357270787585E-8 	 9.774770189503188E-6 	 3.002357270787585E-8 	 9.774770189503188E-6 	 3.002357270787585E-8 	 9.774770189503188E-6 	 3.002357270787585E-8 	 9.774770189503188E-6 	 3.002357270787585E-8 	 9.774770189503188E-6 	 3.002357270787585E-8 	 9.774770189503188E-6 	 3.002357270787585E-8 	 
2.3760000000000003 	 9.796333768125514E-6 	 2.573449089246502E-8 	 9.796333768125514E-6 	 2.573449089246502E-8 	 9.796333768125514E-6 	 2.573449089246502E-8 	 9.796333768125514E-6 	 2.573449089246502E-8 	 9.796333768125514E-6 	 2.573449089246502E-8 	 9.796333768125514E-6 	 2.573449089246502E-8 	 9.796333768125514E-6 	 2.573449089246502E-8 	 9.796333768125514E-6 	 2.573449089246502E-8 	 
2.4000000000000004 	 1.1812528369313579E-5 	 3.002357270787585E-8 	 1.1812528369313579E-5 	 3.002357270787585E-8 	 1.1812528369313579E-5 	 3.002357270787585E-8 	 1.1812528369313579E-5 	 3.002357270787585E-8 	 1.1812528369313579E-5 	 3.002357270787585E-8 	 1.1812528369313579E-5 	 3.002357270787585E-8 	 1.1812528369313579E-5 	 3.002357270787585E-8 	 1.1812528369313579E-5 	 3.002357270787585E-8 	 
2.4240000000000004 	 1.5318766253304796E-5 	 8.578163630821673E-9 	 1.5318766253304796E-5 	 8.578163630821673E-9 	 1.5318766253304796E-5 	 8.578163630821673E-9 	 1.5318766253304796E-5 	 8.578163630821673E-9 	 1.5318766253304796E-5 	 8.578163630821673E-9 	 1.5318766253304796E-5 	 8.578163630821673E-9 	 1.5318766253304796E-5 	 8.578163630821673E-9 	 1.5318766253304796E-5 	 8.578163630821673E-9 	 
2.4480000000000004 	 0.0 	 0.0 	 0.0 	 0.0 	 0.0 	 0.0 	 0.0 	 0.0 	 0.0 	 0.0 	 0.0 	 0.0 	 0.0 	 0.0 	 0.0 	 0.0 	 
2.4720000000000004 	 0.0 	 0.0 	 0.0 	 0.0 	 0.0 	 0.0 	 0.0 	 0.0 	 0.0 	 0.0 	 0.0 	 0.0 	 0.0 	 0.0 	 0.0 	 0.0 	 
2.4960000000000004 	 0.0 	 0.0 	 0.0 	 0.0 	 0.0 	 0.0 	 0.0 	 0.0 	 0.0 	 0.0 	 0.0 	 0.0 	 0.0 	 0.0 	 0.0 	 0.0 	 
2.5200000000000005 	 0.0 	 0.0 	 0.0 	 0.0 	 0.0 	 0.0 	 0.0 	 0.0 	 0.0 	 0.0 	 0.0 	 0.0 	 0.0 	 0.0 	 0.0 	 0.0 	 
2.5440000000000005 	 0.0 	 0.0 	 0.0 	 0.0 	 0.0 	 0.0 	 0.0 	 0.0 	 0.0 	 0.0 	 0.0 	 0.0 	 0.0 	 0.0 	 0.0 	 0.0 	 
2.5680000000000005 	 0.0 	 0.0 	 0.0 	 0.0 	 0.0 	 0.0 	 0.0 	 0.0 	 0.0 	 0.0 	 0.0 	 0.0 	 0.0 	 0.0 	 0.0 	 0.0 	 
2.5920000000000005 	 0.0 	 0.0 	 0.0 	 0.0 	 0.0 	 0.0 	 0.0 	 0.0 	 0.0 	 0.0 	 0.0 	 0.0 	 0.0 	 0.0 	 0.0 	 0.0 	 
2.6160000000000005 	 0.0 	 0.0 	 0.0 	 0.0 	 0.0 	 0.0 	 0.0 	 0.0 	 0.0 	 0.0 	 0.0 	 0.0 	 0.0 	 0.0 	 0.0 	 0.0 	 
2.6399999999999997 	 0.0 	 0.0 	 0.0 	 0.0 	 0.0 	 0.0 	 0.0 	 0.0 	 0.0 	 0.0 	 0.0 	 0.0 	 0.0 	 0.0 	 0.0 	 0.0 	 
2.6639999999999997 	 0.0 	 0.0 	 0.0 	 0.0 	 0.0 	 0.0 	 0.0 	 0.0 	 0.0 	 0.0 	 0.0 	 0.0 	 0.0 	 0.0 	 0.0 	 0.0 	 
2.6879999999999997 	 0.0 	 0.0 	 0.0 	 0.0 	 0.0 	 0.0 	 0.0 	 0.0 	 0.0 	 0.0 	 0.0 	 0.0 	 0.0 	 0.0 	 0.0 	 0.0 	 
2.7119999999999997 	 0.0 	 0.0 	 0.0 	 0.0 	 0.0 	 0.0 	 0.0 	 0.0 	 0.0 	 0.0 	 0.0 	 0.0 	 0.0 	 0.0 	 0.0 	 0.0 	 
2.7359999999999998 	 0.0 	 0.0 	 0.0 	 0.0 	 0.0 	 0.0 	 0.0 	 0.0 	 0.0 	 0.0 	 0.0 	 0.0 	 0.0 	 0.0 	 0.0 	 0.0 	 
2.76 	 0.0 	 0.0 	 0.0 	 0.0 	 0.0 	 0.0 	 0.0 	 0.0 	 0.0 	 0.0 	 0.0 	 0.0 	 0.0 	 0.0 	 0.0 	 0.0 	 
2.784 	 0.0 	 0.0 	 0.0 	 0.0 	 0.0 	 0.0 	 0.0 	 0.0 	 0.0 	 0.0 	 0.0 	 0.0 	 0.0 	 0.0 	 0.0 	 0.0 	 
2.808 	 0.0 	 0.0 	 0.0 	 0.0 	 0.0 	 0.0 	 0.0 	 0.0 	 0.0 	 0.0 	 0.0 	 0.0 	 0.0 	 0.0 	 0.0 	 0.0 	 
2.832 	 0.0 	 0.0 	 0.0 	 0.0 	 0.0 	 0.0 	 0.0 	 0.0 	 0.0 	 0.0 	 0.0 	 0.0 	 0.0 	 0.0 	 0.0 	 0.0 	 
2.856 	 0.0 	 0.0 	 0.0 	 0.0 	 0.0 	 0.0 	 0.0 	 0.0 	 0.0 	 0.0 	 0.0 	 0.0 	 0.0 	 0.0 	 0.0 	 0.0 	 
2.88 	 0.0 	 0.0 	 0.0 	 0.0 	 0.0 	 0.0 	 0.0 	 0.0 	 0.0 	 0.0 	 0.0 	 0.0 	 0.0 	 0.0 	 0.0 	 0.0 	 
2.904 	 0.0 	 0.0 	 0.0 	 0.0 	 0.0 	 0.0 	 0.0 	 0.0 	 0.0 	 0.0 	 0.0 	 0.0 	 0.0 	 0.0 	 0.0 	 0.0 	 
2.928 	 0.0 	 0.0 	 0.0 	 0.0 	 0.0 	 0.0 	 0.0 	 0.0 	 0.0 	 0.0 	 0.0 	 0.0 	 0.0 	 0.0 	 0.0 	 0.0 	 
2.952 	 0.0 	 0.0 	 0.0 	 0.0 	 0.0 	 0.0 	 0.0 	 0.0 	 0.0 	 0.0 	 0.0 	 0.0 	 0.0 	 0.0 	 0.0 	 0.0 	 
2.976 	 0.0 	 0.0 	 0.0 	 0.0 	 0.0 	 0.0 	 0.0 	 0.0 	 0.0 	 0.0 	 0.0 	 0.0 	 0.0 	 0.0 	 0.0 	 0.0 	 
