-3.0 	 0.0 	 0.0 	 0.0 	 0.0 	 0.0 	 0.0 	 0.0 	 0.0 	 0.0 	 0.0 	 0.0 	 0.0 	 0.0 	 0.0 	 0.0 	 0.0 	 
-2.976 	 0.005936709005932686 	 0.005719024058277833 	 0.005936709005932686 	 0.005719024058277833 	 0.005936709005932686 	 0.005719024058277833 	 0.005936709005932686 	 0.005719024058277833 	 9.282330652106065E-5 	 0.008167717162352095 	 9.282330652106065E-5 	 0.008167717162352095 	 9.282330652106065E-5 	 0.008167717162352095 	 9.282330652106065E-5 	 0.008167717162352095 	 
-2.952 	 0.022107196231480143 	 0.022313828581542076 	 0.022107196231480143 	 0.022313828581542076 	 0.022107196231480143 	 0.022313828581542076 	 0.022107196231480143 	 0.022313828581542076 	 1.3371644205013055E-4 	 0.018229208915077205 	 1.3371644205013055E-4 	 0.018229208915077205 	 1.3371644205013055E-4 	 0.018229208915077205 	 1.3371644205013055E-4 	 0.018229208915077205 	 
-2.928 	 0.016488578571952295 	 0.01639357963796483 	 0.016488578571952295 	 0.01639357963796483 	 0.016488578571952295 	 0.01639357963796483 	 0.016488578571952295 	 0.01639357963796483 	 1.27622561569738E-4 	 0.016235805551529828 	 1.27622561569738E-4 	 0.016235805551529828 	 1.27622561569738E-4 	 0.016235805551529828 	 1.27622561569738E-4 	 0.016235805551529828 	 
-2.904 	 0.023206673879330977 	 0.023273035140546704 	 0.023206673879330977 	 0.023273035140546704 	 0.023206673879330977 	 0.023273035140546704 	 0.023206673879330977 	 0.023273035140546704 	 1.4830922324531224E-4 	 0.020746566916940278 	 1.4830922324531224E-4 	 0.020746566916940278 	 1.4830922324531224E-4 	 0.020746566916940278 	 1.4830922324531224E-4 	 0.020746566916940278 	 
-2.88 	 0.01839116186292227 	 0.018297985509254797 	 0.01839116186292227 	 0.018297985509254797 	 0.01839116186292227 	 0.018297985509254797 	 0.01839116186292227 	 0.018297985509254797 	 1.5406654170896985E-4 	 0.018142080691837082 	 1.5406654170896985E-4 	 0.018142080691837082 	 1.5406654170896985E-4 	 0.018142080691837082 	 1.5406654170896985E-4 	 0.018142080691837082 	 
-2.856 	 0.02511794596896862 	 0.02517511854188021 	 0.02511794596896862 	 0.02517511854188021 	 0.02511794596896862 	 0.02517511854188021 	 0.02511794596896862 	 0.02517511854188021 	 1.664035925545234E-4 	 0.02280084479941886 	 1.664035925545234E-4 	 0.02280084479941886 	 1.664035925545234E-4 	 0.02280084479941886 	 1.664035925545234E-4 	 0.02280084479941886 	 
-2.832 	 0.025913780252232406 	 0.02589279047977891 	 0.025913780252232406 	 0.02589279047977891 	 0.025913780252232406 	 0.02589279047977891 	 0.025913780252232406 	 0.02589279047977891 	 1.8640686038861833E-4 	 0.024314999807941034 	 1.8640686038861833E-4 	 0.024314999807941034 	 1.8640686038861833E-4 	 0.024314999807941034 	 1.8640686038861833E-4 	 0.024314999807941034 	 
-2.808 	 0.026399601200177043 	 0.026370194698362305 	 0.026399601200177043 	 0.026370194698362305 	 0.026399601200177043 	 0.026370194698362305 	 0.026399601200177043 	 0.026370194698362305 	 2.0132986756711194E-4 	 0.024962329200290127 	 2.0132986756711194E-4 	 0.024962329200290127 	 2.0132986756711194E-4 	 0.024962329200290127 	 2.0132986756711194E-4 	 0.024962329200290127 	 
-2.784 	 0.027351822848453177 	 0.027321852361514083 	 0.027351822848453177 	 0.027321852361514083 	 0.027351822848453177 	 0.027321852361514083 	 0.027351822848453177 	 0.027321852361514083 	 2.0417330136771042E-4 	 0.025964564797416437 	 2.0417330136771042E-4 	 0.025964564797416437 	 2.0417330136771042E-4 	 0.025964564797416437 	 2.0417330136771042E-4 	 0.025964564797416437 	 
-2.76 	 0.025263437930814578 	 0.025189333312128116 	 0.025263437930814578 	 0.025189333312128116 	 0.025263437930814578 	 0.025189333312128116 	 0.025263437930814578 	 0.025189333312128116 	 2.3492252745781016E-4 	 0.024670526887198688 	 2.3492252745781016E-4 	 0.024670526887198688 	 2.3492252745781016E-4 	 0.024670526887198688 	 2.3492252745781016E-4 	 0.024670526887198688 	 
-2.7359999999999998 	 0.04020851127711541 	 0.04037222011486018 	 0.04020851127711541 	 0.04037222011486018 	 0.04020851127711541 	 0.04037222011486018 	 0.04020851127711541 	 0.04037222011486018 	 2.0574087360068454E-4 	 0.035595252815518605 	 2.0574087360068454E-4 	 0.035595252815518605 	 2.0574087360068454E-4 	 0.035595252815518605 	 2.0574087360068454E-4 	 0.035595252815518605 	 
-2.7119999999999997 	 0.031772054110152666 	 0.031609304504112534 	 0.031772054110152666 	 0.031609304504112534 	 0.031772054110152666 	 0.031609304504112534 	 0.031772054110152666 	 0.031609304504112534 	 2.72678414277761E-4 	 0.03158556022368706 	 2.72678414277761E-4 	 0.03158556022368706 	 2.72678414277761E-4 	 0.03158556022368706 	 2.72678414277761E-4 	 0.03158556022368706 	 
-2.688 	 0.026532631020830613 	 0.026391512201264615 	 0.026532631020830613 	 0.026391512201264615 	 0.026532631020830613 	 0.026391512201264615 	 0.026532631020830613 	 0.026391512201264615 	 2.2800126729662543E-4 	 0.027111832639824585 	 2.2800126729662543E-4 	 0.027111832639824585 	 2.2800126729662543E-4 	 0.027111832639824585 	 2.2800126729662543E-4 	 0.027111832639824585 	 
-2.664 	 0.042128703625290684 	 0.04228284482094067 	 0.042128703625290684 	 0.04228284482094067 	 0.042128703625290684 	 0.04228284482094067 	 0.042128703625290684 	 0.04228284482094067 	 2.5087877439792687E-4 	 0.0380349323967455 	 2.5087877439792687E-4 	 0.0380349323967455 	 2.5087877439792687E-4 	 0.0380349323967455 	 2.5087877439792687E-4 	 0.0380349323967455 	 
-2.64 	 0.036506721859503634 	 0.036369052115267815 	 0.036506721859503634 	 0.036369052115267815 	 0.036506721859503634 	 0.036369052115267815 	 0.036506721859503634 	 0.036369052115267815 	 2.376560082814279E-4 	 0.036142098649531246 	 2.376560082814279E-4 	 0.036142098649531246 	 2.376560082814279E-4 	 0.036142098649531246 	 2.376560082814279E-4 	 0.036142098649531246 	 
-2.616 	 0.03387168193214743 	 0.03376215077096295 	 0.03387168193214743 	 0.03376215077096295 	 0.03387168193214743 	 0.03376215077096295 	 0.03387168193214743 	 0.03376215077096295 	 2.457562694315176E-4 	 0.03384787541541624 	 2.457562694315176E-4 	 0.03384787541541624 	 2.457562694315176E-4 	 0.03384787541541624 	 2.457562694315176E-4 	 0.03384787541541624 	 
-2.592 	 0.03618310158834244 	 0.03613593347656984 	 0.03618310158834244 	 0.03613593347656984 	 0.03618310158834244 	 0.03613593347656984 	 0.03618310158834244 	 0.03613593347656984 	 2.613883714842105E-4 	 0.035443205257997074 	 2.613883714842105E-4 	 0.035443205257997074 	 2.613883714842105E-4 	 0.035443205257997074 	 2.613883714842105E-4 	 0.035443205257997074 	 
-2.568 	 0.034815762711135144 	 0.034716902898104446 	 0.034815762711135144 	 0.034716902898104446 	 0.034815762711135144 	 0.034716902898104446 	 0.034815762711135144 	 0.034716902898104446 	 3.158396525709206E-4 	 0.03486154067170393 	 3.158396525709206E-4 	 0.03486154067170393 	 3.158396525709206E-4 	 0.03486154067170393 	 3.158396525709206E-4 	 0.03486154067170393 	 
-2.544 	 0.0340961434813444 	 0.03400969377587072 	 0.0340961434813444 	 0.03400969377587072 	 0.0340961434813444 	 0.03400969377587072 	 0.0340961434813444 	 0.03400969377587072 	 3.3363331762991056E-4 	 0.034170980560669396 	 3.3363331762991056E-4 	 0.034170980560669396 	 3.3363331762991056E-4 	 0.034170980560669396 	 3.3363331762991056E-4 	 0.034170980560669396 	 
-2.52 	 0.03689947296482052 	 0.036859040462735145 	 0.03689947296482052 	 0.036859040462735145 	 0.03689947296482052 	 0.036859040462735145 	 0.03689947296482052 	 0.036859040462735145 	 3.917403503054093E-4 	 0.03626497426523885 	 3.917403503054093E-4 	 0.03626497426523885 	 3.917403503054093E-4 	 0.03626497426523885 	 3.917403503054093E-4 	 0.03626497426523885 	 
-2.496 	 0.039755794660263834 	 0.03970999256988987 	 0.039755794660263834 	 0.03970999256988987 	 0.039755794660263834 	 0.03970999256988987 	 0.039755794660263834 	 0.03970999256988987 	 4.3700912413508077E-4 	 0.03892810081160456 	 4.3700912413508077E-4 	 0.03892810081160456 	 4.3700912413508077E-4 	 0.03892810081160456 	 4.3700912413508077E-4 	 0.03892810081160456 	 
-2.472 	 0.024824204593913133 	 0.02453224541981682 	 0.024824204593913133 	 0.02453224541981682 	 0.024824204593913133 	 0.02453224541981682 	 0.024824204593913133 	 0.02453224541981682 	 4.263086404550854E-4 	 0.02823627774455803 	 4.263086404550854E-4 	 0.02823627774455803 	 4.263086404550854E-4 	 0.02823627774455803 	 4.263086404550854E-4 	 0.02823627774455803 	 
-2.448 	 0.025543222244549513 	 0.02547296465074394 	 0.025543222244549513 	 0.02547296465074394 	 0.025543222244549513 	 0.02547296465074394 	 0.025543222244549513 	 0.02547296465074394 	 4.90618801422124E-4 	 0.026629388707341915 	 4.90618801422124E-4 	 0.026629388707341915 	 4.90618801422124E-4 	 0.026629388707341915 	 4.90618801422124E-4 	 0.026629388707341915 	 
-2.424 	 0.02717189415829389 	 0.027130097935103 	 0.02717189415829389 	 0.027130097935103 	 0.02717189415829389 	 0.027130097935103 	 0.02717189415829389 	 0.027130097935103 	 4.726925900828639E-4 	 0.027528729563641646 	 4.726925900828639E-4 	 0.027528729563641646 	 4.726925900828639E-4 	 0.027528729563641646 	 4.726925900828639E-4 	 0.027528729563641646 	 
-2.4 	 0.023215081589906816 	 0.023096968145651056 	 0.023215081589906816 	 0.023096968145651056 	 0.023215081589906816 	 0.023096968145651056 	 0.023215081589906816 	 0.023096968145651056 	 5.515581132045798E-4 	 0.024596897559510337 	 5.515581132045798E-4 	 0.024596897559510337 	 5.515581132045798E-4 	 0.024596897559510337 	 5.515581132045798E-4 	 0.024596897559510337 	 
-2.376 	 0.019888799785902234 	 0.01977643212572176 	 0.019888799785902234 	 0.01977643212572176 	 0.019888799785902234 	 0.01977643212572176 	 0.019888799785902234 	 0.01977643212572176 	 5.09090937438694E-4 	 0.021510061774781677 	 5.09090937438694E-4 	 0.021510061774781677 	 5.09090937438694E-4 	 0.021510061774781677 	 5.09090937438694E-4 	 0.021510061774781677 	 
-2.352 	 0.020288119107064753 	 0.02024504323082973 	 0.020288119107064753 	 0.02024504323082973 	 0.020288119107064753 	 0.02024504323082973 	 0.020288119107064753 	 0.02024504323082973 	 5.196106215485405E-4 	 0.02100568627627903 	 5.196106215485405E-4 	 0.02100568627627903 	 5.196106215485405E-4 	 0.02100568627627903 	 5.196106215485405E-4 	 0.02100568627627903 	 
-2.328 	 0.014905310235832388 	 0.014786725153826489 	 0.014905310235832388 	 0.014786725153826489 	 0.014905310235832388 	 0.014786725153826489 	 0.014905310235832388 	 0.014786725153826489 	 5.240658925842968E-4 	 0.01680453414748429 	 5.240658925842968E-4 	 0.01680453414748429 	 5.240658925842968E-4 	 0.01680453414748429 	 5.240658925842968E-4 	 0.01680453414748429 	 
-2.304 	 0.014364626072783075 	 0.014306335266999775 	 0.014364626072783075 	 0.014306335266999775 	 0.014364626072783075 	 0.014306335266999775 	 0.014364626072783075 	 0.014306335266999775 	 5.303763141820781E-4 	 0.015596999687729114 	 5.303763141820781E-4 	 0.015596999687729114 	 5.303763141820781E-4 	 0.015596999687729114 	 5.303763141820781E-4 	 0.015596999687729114 	 
-2.2800000000000002 	 0.01410691415654292 	 0.014066040720034612 	 0.01410691415654292 	 0.014066040720034612 	 0.01410691415654292 	 0.014066040720034612 	 0.01410691415654292 	 0.014066040720034612 	 5.300615055569113E-4 	 0.014978683161655671 	 5.300615055569113E-4 	 0.014978683161655671 	 5.300615055569113E-4 	 0.014978683161655671 	 5.300615055569113E-4 	 0.014978683161655671 	 
-2.2560000000000002 	 0.011524136287719667 	 0.01145296683333729 	 0.011524136287719667 	 0.01145296683333729 	 0.011524136287719667 	 0.01145296683333729 	 0.011524136287719667 	 0.01145296683333729 	 5.803600917636926E-4 	 0.01281382167176232 	 5.803600917636926E-4 	 0.01281382167176232 	 5.803600917636926E-4 	 0.01281382167176232 	 5.803600917636926E-4 	 0.01281382167176232 	 
-2.232 	 0.0063343488950903535 	 0.006230755623470662 	 0.0063343488950903535 	 0.006230755623470662 	 0.0063343488950903535 	 0.006230755623470662 	 0.0063343488950903535 	 0.006230755623470662 	 5.844933467301346E-4 	 0.008430120224779488 	 5.844933467301346E-4 	 0.008430120224779488 	 5.844933467301346E-4 	 0.008430120224779488 	 5.844933467301346E-4 	 0.008430120224779488 	 
-2.208 	 0.00788704053038962 	 0.007883955796811209 	 0.00788704053038962 	 0.007883955796811209 	 0.00788704053038962 	 0.007883955796811209 	 0.00788704053038962 	 0.007883955796811209 	 6.630706385553091E-4 	 0.008565067417475057 	 6.630706385553091E-4 	 0.008565067417475057 	 6.630706385553091E-4 	 0.008565067417475057 	 6.630706385553091E-4 	 0.008565067417475057 	 
-2.184 	 0.00626538948180695 	 0.006220043999977023 	 0.00626538948180695 	 0.006220043999977023 	 0.00626538948180695 	 0.006220043999977023 	 0.00626538948180695 	 0.006220043999977023 	 6.726141072189344E-4 	 0.007339848700015258 	 6.726141072189344E-4 	 0.007339848700015258 	 6.726141072189344E-4 	 0.007339848700015258 	 6.726141072189344E-4 	 0.007339848700015258 	 
-2.16 	 0.005071327950340929 	 0.005032947667208543 	 0.005071327950340929 	 0.005032947667208543 	 0.005071327950340929 	 0.005032947667208543 	 0.005071327950340929 	 0.005032947667208543 	 6.896348295166102E-4 	 0.0061317341195987534 	 6.896348295166102E-4 	 0.0061317341195987534 	 6.896348295166102E-4 	 0.0061317341195987534 	 6.896348295166102E-4 	 0.0061317341195987534 	 
-2.136 	 0.003644370787574102 	 0.0036078767481966968 	 0.003644370787574102 	 0.0036078767481966968 	 0.003644370787574102 	 0.0036078767481966968 	 0.003644370787574102 	 0.0036078767481966968 	 6.398795301098343E-4 	 0.004734162244253954 	 6.398795301098343E-4 	 0.004734162244253954 	 6.398795301098343E-4 	 0.004734162244253954 	 6.398795301098343E-4 	 0.004734162244253954 	 
-2.112 	 0.003376617923414233 	 0.0033667998781677835 	 0.003376617923414233 	 0.0033667998781677835 	 0.003376617923414233 	 0.0033667998781677835 	 0.003376617923414233 	 0.0033667998781677835 	 5.877366566903081E-4 	 0.004122085121366728 	 5.877366566903081E-4 	 0.004122085121366728 	 5.877366566903081E-4 	 0.004122085121366728 	 5.877366566903081E-4 	 0.004122085121366728 	 
-2.088 	 0.0019656400629406365 	 0.0019426860720710686 	 0.0019656400629406365 	 0.0019426860720710686 	 0.0019656400629406365 	 0.0019426860720710686 	 0.0019656400629406365 	 0.0019426860720710686 	 6.199913177344302E-4 	 0.002894519183355092 	 6.199913177344302E-4 	 0.002894519183355092 	 6.199913177344302E-4 	 0.002894519183355092 	 6.199913177344302E-4 	 0.002894519183355092 	 
-2.064 	 0.0035734290342246547 	 0.0036021624697360377 	 0.0035734290342246547 	 0.0036021624697360377 	 0.0035734290342246547 	 0.0036021624697360377 	 0.0035734290342246547 	 0.0036021624697360377 	 5.82272220527561E-4 	 0.0037079938473998314 	 5.82272220527561E-4 	 0.0037079938473998314 	 5.82272220527561E-4 	 0.0037079938473998314 	 5.82272220527561E-4 	 0.0037079938473998314 	 
-2.04 	 0.001020242754373164 	 9.924119749118302E-4 	 0.001020242754373164 	 9.924119749118302E-4 	 0.001020242754373164 	 9.924119749118302E-4 	 0.001020242754373164 	 9.924119749118302E-4 	 6.139898710384042E-4 	 0.0019221286175090514 	 6.139898710384042E-4 	 0.0019221286175090514 	 6.139898710384042E-4 	 0.0019221286175090514 	 6.139898710384042E-4 	 0.0019221286175090514 	 
-2.016 	 0.0012184582237615583 	 0.0012302196662843314 	 0.0012184582237615583 	 0.0012302196662843314 	 0.0012184582237615583 	 0.0012302196662843314 	 0.0012184582237615583 	 0.0012302196662843314 	 6.129036137686295E-4 	 0.0017291547903791429 	 6.129036137686295E-4 	 0.0017291547903791429 	 6.129036137686295E-4 	 0.0017291547903791429 	 6.129036137686295E-4 	 0.0017291547903791429 	 
-1.992 	 0.002148470295610436 	 0.002177296603261528 	 0.002148470295610436 	 0.002177296603261528 	 0.002148470295610436 	 0.002177296603261528 	 0.002148470295610436 	 0.002177296603261528 	 5.728757227839279E-4 	 0.0023207747126110087 	 5.728757227839279E-4 	 0.0023207747126110087 	 5.728757227839279E-4 	 0.0023207747126110087 	 5.728757227839279E-4 	 0.0023207747126110087 	 
-1.968 	 0.00238989660272076 	 0.002412387938549104 	 0.00238989660272076 	 0.002412387938549104 	 0.00238989660272076 	 0.002412387938549104 	 0.00238989660272076 	 0.002412387938549104 	 6.442557069692625E-4 	 0.002545814932530388 	 6.442557069692625E-4 	 0.002545814932530388 	 6.442557069692625E-4 	 0.002545814932530388 	 6.442557069692625E-4 	 0.002545814932530388 	 
-1.944 	 7.551352459736117E-4 	 7.521222366646461E-4 	 7.551352459736117E-4 	 7.521222366646461E-4 	 7.551352459736117E-4 	 7.521222366646461E-4 	 7.551352459736117E-4 	 7.521222366646461E-4 	 6.95453379374976E-4 	 0.0013765653789186549 	 6.95453379374976E-4 	 0.0013765653789186549 	 6.95453379374976E-4 	 0.0013765653789186549 	 6.95453379374976E-4 	 0.0013765653789186549 	 
-1.92 	 9.632434641339263E-4 	 9.870435541107687E-4 	 9.632434641339263E-4 	 9.870435541107687E-4 	 9.632434641339263E-4 	 9.870435541107687E-4 	 9.632434641339263E-4 	 9.870435541107687E-4 	 7.547131917243445E-4 	 0.0012765972827420056 	 7.547131917243445E-4 	 0.0012765972827420056 	 7.547131917243445E-4 	 0.0012765972827420056 	 7.547131917243445E-4 	 0.0012765972827420056 	 
-1.896 	 2.611498260089001E-4 	 2.7344124716874736E-4 	 2.611498260089001E-4 	 2.7344124716874736E-4 	 2.611498260089001E-4 	 2.7344124716874736E-4 	 2.611498260089001E-4 	 2.7344124716874736E-4 	 7.705675902016784E-4 	 7.109586012803489E-4 	 7.705675902016784E-4 	 7.109586012803489E-4 	 7.705675902016784E-4 	 7.109586012803489E-4 	 7.705675902016784E-4 	 7.109586012803489E-4 	 
-1.8719999999999999 	 4.833215251135171E-4 	 5.090390380421898E-4 	 4.833215251135171E-4 	 5.090390380421898E-4 	 4.833215251135171E-4 	 5.090390380421898E-4 	 4.833215251135171E-4 	 5.090390380421898E-4 	 8.021055340933175E-4 	 7.503308180382453E-4 	 8.021055340933175E-4 	 7.503308180382453E-4 	 8.021055340933175E-4 	 7.503308180382453E-4 	 8.021055340933175E-4 	 7.503308180382453E-4 	 
-1.8479999999999999 	 7.188129681303728E-4 	 7.438854260590038E-4 	 7.188129681303728E-4 	 7.438854260590038E-4 	 7.188129681303728E-4 	 7.438854260590038E-4 	 7.188129681303728E-4 	 7.438854260590038E-4 	 8.323080132897358E-4 	 9.497047247635527E-4 	 8.323080132897358E-4 	 9.497047247635527E-4 	 8.323080132897358E-4 	 9.497047247635527E-4 	 8.323080132897358E-4 	 9.497047247635527E-4 	 
-1.824 	 2.0980895111936214E-5 	 2.8272230743087187E-5 	 2.0980895111936214E-5 	 2.8272230743087187E-5 	 2.0980895111936214E-5 	 2.8272230743087187E-5 	 2.0980895111936214E-5 	 2.8272230743087187E-5 	 8.521020761709601E-4 	 4.6480034645668004E-4 	 8.521020761709601E-4 	 4.6480034645668004E-4 	 8.521020761709601E-4 	 4.6480034645668004E-4 	 8.521020761709601E-4 	 4.6480034645668004E-4 	 
-1.8 	 4.770739769193219E-4 	 5.018715538722949E-4 	 4.770739769193219E-4 	 5.018715538722949E-4 	 4.770739769193219E-4 	 5.018715538722949E-4 	 4.770739769193219E-4 	 5.018715538722949E-4 	 8.843363269465233E-4 	 6.889647653194903E-4 	 8.843363269465233E-4 	 6.889647653194903E-4 	 8.843363269465233E-4 	 6.889647653194903E-4 	 8.843363269465233E-4 	 6.889647653194903E-4 	 
-1.776 	 1.3284693229920591E-5 	 2.4892495800419907E-5 	 1.3284693229920591E-5 	 2.4892495800419907E-5 	 1.3284693229920591E-5 	 2.4892495800419907E-5 	 1.3284693229920591E-5 	 2.4892495800419907E-5 	 9.628282606275966E-4 	 3.8183909112905436E-4 	 9.628282606275966E-4 	 3.8183909112905436E-4 	 9.628282606275966E-4 	 3.8183909112905436E-4 	 9.628282606275966E-4 	 3.8183909112905436E-4 	 
-1.752 	 4.7370569795521895E-4 	 4.973694743150731E-4 	 4.7370569795521895E-4 	 4.973694743150731E-4 	 4.7370569795521895E-4 	 4.973694743150731E-4 	 4.7370569795521895E-4 	 4.973694743150731E-4 	 9.907323396676569E-4 	 6.414841051300334E-4 	 9.907323396676569E-4 	 6.414841051300334E-4 	 9.907323396676569E-4 	 6.414841051300334E-4 	 9.907323396676569E-4 	 6.414841051300334E-4 	 
-1.728 	 7.128634377535941E-4 	 7.321692985494905E-4 	 7.128634377535941E-4 	 7.321692985494905E-4 	 7.128634377535941E-4 	 7.321692985494905E-4 	 7.128634377535941E-4 	 7.321692985494905E-4 	 0.001078868684446288 	 8.447532037051571E-4 	 0.001078868684446288 	 8.447532037051571E-4 	 0.001078868684446288 	 8.447532037051571E-4 	 0.001078868684446288 	 8.447532037051571E-4 	 
-1.704 	 4.825753040271713E-4 	 4.943069550210218E-4 	 4.825753040271713E-4 	 4.943069550210218E-4 	 4.825753040271713E-4 	 4.943069550210218E-4 	 4.825753040271713E-4 	 4.943069550210218E-4 	 0.0010874104358687662 	 7.130431705593954E-4 	 0.0010874104358687662 	 7.130431705593954E-4 	 0.0010874104358687662 	 7.130431705593954E-4 	 0.0010874104358687662 	 7.130431705593954E-4 	 
-1.68 	 1.1866696359101007E-5 	 1.7762142560997828E-5 	 1.1866696359101007E-5 	 1.7762142560997828E-5 	 1.1866696359101007E-5 	 1.7762142560997828E-5 	 1.1866696359101007E-5 	 1.7762142560997828E-5 	 0.0011813925156330517 	 3.3070546500486706E-4 	 0.0011813925156330517 	 3.3070546500486706E-4 	 0.0011813925156330517 	 3.3070546500486706E-4 	 0.0011813925156330517 	 3.3070546500486706E-4 	 
-1.656 	 2.3767938830063836E-4 	 2.537108552716548E-4 	 2.3767938830063836E-4 	 2.537108552716548E-4 	 2.3767938830063836E-4 	 2.537108552716548E-4 	 2.3767938830063836E-4 	 2.537108552716548E-4 	 0.0012317691625818162 	 4.102954049010556E-4 	 0.0012317691625818162 	 4.102954049010556E-4 	 0.0012317691625818162 	 4.102954049010556E-4 	 0.0012317691625818162 	 4.102954049010556E-4 	 
-1.632 	 6.053414236286894E-6 	 1.6362611918242267E-5 	 6.053414236286894E-6 	 1.6362611918242267E-5 	 6.053414236286894E-6 	 1.6362611918242267E-5 	 6.053414236286894E-6 	 1.6362611918242267E-5 	 0.0013177542089352914 	 2.546020767035128E-4 	 0.0013177542089352914 	 2.546020767035128E-4 	 0.0013177542089352914 	 2.546020767035128E-4 	 0.0013177542089352914 	 2.546020767035128E-4 	 
-1.6079999999999999 	 2.3735301682936244E-4 	 2.5336621415582874E-4 	 2.3735301682936244E-4 	 2.5336621415582874E-4 	 2.3735301682936244E-4 	 2.5336621415582874E-4 	 2.3735301682936244E-4 	 2.5336621415582874E-4 	 0.0013576398239757014 	 3.8713540395899216E-4 	 0.0013576398239757014 	 3.8713540395899216E-4 	 0.0013576398239757014 	 3.8713540395899216E-4 	 0.0013576398239757014 	 3.8713540395899216E-4 	 
-1.584 	 5.702786027836317E-6 	 1.4842964056728707E-5 	 5.702786027836317E-6 	 1.4842964056728707E-5 	 5.702786027836317E-6 	 1.4842964056728707E-5 	 5.702786027836317E-6 	 1.4842964056728707E-5 	 0.0014051536433641334 	 2.3962517405324944E-4 	 0.0014051536433641334 	 2.3962517405324944E-4 	 0.0014051536433641334 	 2.3962517405324944E-4 	 0.0014051536433641334 	 2.3962517405324944E-4 	 
-1.56 	 4.697313063711019E-4 	 4.898431010460446E-4 	 4.697313063711019E-4 	 4.898431010460446E-4 	 4.697313063711019E-4 	 4.898431010460446E-4 	 4.697313063711019E-4 	 4.898431010460446E-4 	 0.0014746959713414069 	 5.511340664174506E-4 	 0.0014746959713414069 	 5.511340664174506E-4 	 0.0014746959713414069 	 5.511340664174506E-4 	 0.0014746959713414069 	 5.511340664174506E-4 	 
-1.536 	 2.4332143537218547E-4 	 2.5459649085246615E-4 	 2.4332143537218547E-4 	 2.5459649085246615E-4 	 2.4332143537218547E-4 	 2.5459649085246615E-4 	 2.4332143537218547E-4 	 2.5459649085246615E-4 	 0.0015765837527989361 	 4.4943999260844747E-4 	 0.0015765837527989361 	 4.4943999260844747E-4 	 0.0015765837527989361 	 4.4943999260844747E-4 	 0.0015765837527989361 	 4.4943999260844747E-4 	 
-1.512 	 5.892393836223285E-6 	 1.6587939635698204E-5 	 5.892393836223285E-6 	 1.6587939635698204E-5 	 5.892393836223285E-6 	 1.6587939635698204E-5 	 5.892393836223285E-6 	 1.6587939635698204E-5 	 0.0016388579289080868 	 2.456800248110344E-4 	 0.0016388579289080868 	 2.456800248110344E-4 	 0.0016388579289080868 	 2.456800248110344E-4 	 0.0016388579289080868 	 2.456800248110344E-4 	 
-1.488 	 4.695882988068082E-4 	 4.914809095122652E-4 	 4.695882988068082E-4 	 4.914809095122652E-4 	 4.695882988068082E-4 	 4.914809095122652E-4 	 4.695882988068082E-4 	 4.914809095122652E-4 	 0.0017392841844490574 	 5.468573244238786E-4 	 0.0017392841844490574 	 5.468573244238786E-4 	 0.0017392841844490574 	 5.468573244238786E-4 	 0.0017392841844490574 	 5.468573244238786E-4 	 
-1.464 	 2.4157002285495662E-4 	 2.5366638433457544E-4 	 2.4157002285495662E-4 	 2.5366638433457544E-4 	 2.4157002285495662E-4 	 2.5366638433457544E-4 	 2.4157002285495662E-4 	 2.5366638433457544E-4 	 0.0018498397449726522 	 4.2179707473484224E-4 	 0.0018498397449726522 	 4.2179707473484224E-4 	 0.0018498397449726522 	 4.2179707473484224E-4 	 0.0018498397449726522 	 4.2179707473484224E-4 	 
-1.44 	 4.487366898470042E-6 	 1.6918913562651383E-5 	 4.487366898470042E-6 	 1.6918913562651383E-5 	 4.487366898470042E-6 	 1.6918913562651383E-5 	 4.487366898470042E-6 	 1.6918913562651383E-5 	 0.001993859041499379 	 2.2336662596512296E-4 	 0.001993859041499379 	 2.2336662596512296E-4 	 0.001993859041499379 	 2.2336662596512296E-4 	 0.001993859041499379 	 2.2336662596512296E-4 	 
-1.416 	 2.3595683423464895E-4 	 2.566207562445758E-4 	 2.3595683423464895E-4 	 2.566207562445758E-4 	 2.3595683423464895E-4 	 2.566207562445758E-4 	 2.3595683423464895E-4 	 2.566207562445758E-4 	 0.002149608744551066 	 3.5951644489306774E-4 	 0.002149608744551066 	 3.5951644489306774E-4 	 0.002149608744551066 	 3.5951644489306774E-4 	 0.002149608744551066 	 3.5951644489306774E-4 	 
-1.392 	 5.301831687358279E-6 	 1.979459346307476E-5 	 5.301831687358279E-6 	 1.979459346307476E-5 	 5.301831687358279E-6 	 1.979459346307476E-5 	 5.301831687358279E-6 	 1.979459346307476E-5 	 0.002222840845491585 	 2.1790136178699248E-4 	 0.002222840845491585 	 2.1790136178699248E-4 	 0.002222840845491585 	 2.1790136178699248E-4 	 0.002222840845491585 	 2.1790136178699248E-4 	 
-1.3679999999999999 	 2.3543272248297752E-4 	 2.580975492816726E-4 	 2.3543272248297752E-4 	 2.580975492816726E-4 	 2.3543272248297752E-4 	 2.580975492816726E-4 	 2.3543272248297752E-4 	 2.580975492816726E-4 	 0.0024724371286404014 	 3.581740888176099E-4 	 0.0024724371286404014 	 3.581740888176099E-4 	 0.0024724371286404014 	 3.581740888176099E-4 	 0.0024724371286404014 	 3.581740888176099E-4 	 
-1.3439999999999999 	 4.9257685563332696E-6 	 2.3024800362911964E-5 	 4.9257685563332696E-6 	 2.3024800362911964E-5 	 4.9257685563332696E-6 	 2.3024800362911964E-5 	 4.9257685563332696E-6 	 2.3024800362911964E-5 	 0.0027241202987834823 	 2.105533999567115E-4 	 0.0027241202987834823 	 2.105533999567115E-4 	 0.0027241202987834823 	 2.105533999567115E-4 	 0.0027241202987834823 	 2.105533999567115E-4 	 
-1.32 	 2.3464583314329523E-4 	 2.595000572135646E-4 	 2.3464583314329523E-4 	 2.595000572135646E-4 	 2.3464583314329523E-4 	 2.595000572135646E-4 	 2.3464583314329523E-4 	 2.595000572135646E-4 	 0.0029469198665850287 	 3.3966257407066076E-4 	 0.0029469198665850287 	 3.3966257407066076E-4 	 0.0029469198665850287 	 3.3966257407066076E-4 	 0.0029469198665850287 	 3.3966257407066076E-4 	 
-1.296 	 3.8092468600847546E-6 	 2.3762840567661235E-5 	 3.8092468600847546E-6 	 2.3762840567661235E-5 	 3.8092468600847546E-6 	 2.3762840567661235E-5 	 3.8092468600847546E-6 	 2.3762840567661235E-5 	 0.003160912867794616 	 1.8593823116921948E-4 	 0.003160912867794616 	 1.8593823116921948E-4 	 0.003160912867794616 	 1.8593823116921948E-4 	 0.003160912867794616 	 1.8593823116921948E-4 	 
-1.272 	 6.581112807629856E-7 	 2.744450718613145E-5 	 6.581112807629856E-7 	 2.744450718613145E-5 	 6.581112807629856E-7 	 2.744450718613145E-5 	 6.581112807629856E-7 	 2.744450718613145E-5 	 0.0037318868993060756 	 1.527373964125088E-4 	 0.0037318868993060756 	 1.527373964125088E-4 	 0.0037318868993060756 	 1.527373964125088E-4 	 0.0037318868993060756 	 1.527373964125088E-4 	 
-1.248 	 1.3278173192396881E-6 	 2.7776821115554893E-5 	 1.3278173192396881E-6 	 2.7776821115554893E-5 	 1.3278173192396881E-6 	 2.7776821115554893E-5 	 1.3278173192396881E-6 	 2.7776821115554893E-5 	 0.0041138212030958415 	 1.5367899062043678E-4 	 0.0041138212030958415 	 1.5367899062043678E-4 	 0.0041138212030958415 	 1.5367899062043678E-4 	 0.0041138212030958415 	 1.5367899062043678E-4 	 
-1.224 	 2.350998753814807E-4 	 2.653195240670541E-4 	 2.350998753814807E-4 	 2.653195240670541E-4 	 2.350998753814807E-4 	 2.653195240670541E-4 	 2.350998753814807E-4 	 2.653195240670541E-4 	 0.0046315311516607225 	 3.302693835943697E-4 	 0.0046315311516607225 	 3.302693835943697E-4 	 0.0046315311516607225 	 3.302693835943697E-4 	 0.0046315311516607225 	 3.302693835943697E-4 	 
-1.2 	 2.390885393903929E-4 	 2.6833381839791177E-4 	 2.390885393903929E-4 	 2.6833381839791177E-4 	 2.390885393903929E-4 	 2.6833381839791177E-4 	 2.390885393903929E-4 	 2.6833381839791177E-4 	 0.005301375905575422 	 3.6465411385705585E-4 	 0.005301375905575422 	 3.6465411385705585E-4 	 0.005301375905575422 	 3.6465411385705585E-4 	 0.005301375905575422 	 3.6465411385705585E-4 	 
-1.176 	 2.3819669569305542E-4 	 2.688556790868741E-4 	 2.3819669569305542E-4 	 2.688556790868741E-4 	 2.3819669569305542E-4 	 2.688556790868741E-4 	 2.3819669569305542E-4 	 2.688556790868741E-4 	 0.006044277149200497 	 3.6035344965980423E-4 	 0.006044277149200497 	 3.6035344965980423E-4 	 0.006044277149200497 	 3.6035344965980423E-4 	 0.006044277149200497 	 3.6035344965980423E-4 	 
-1.152 	 5.333564310695688E-6 	 3.4779929300685476E-5 	 5.333564310695688E-6 	 3.4779929300685476E-5 	 5.333564310695688E-6 	 3.4779929300685476E-5 	 5.333564310695688E-6 	 3.4779929300685476E-5 	 0.007106027115787533 	 1.9053289384384205E-4 	 0.007106027115787533 	 1.9053289384384205E-4 	 0.007106027115787533 	 1.9053289384384205E-4 	 0.007106027115787533 	 1.9053289384384205E-4 	 
-1.128 	 2.54771349904083E-6 	 4.011502225214128E-5 	 2.54771349904083E-6 	 4.011502225214128E-5 	 2.54771349904083E-6 	 4.011502225214128E-5 	 2.54771349904083E-6 	 4.011502225214128E-5 	 0.008290251419606515 	 1.4611330137073047E-4 	 0.008290251419606515 	 1.4611330137073047E-4 	 0.008290251419606515 	 1.4611330137073047E-4 	 0.008290251419606515 	 1.4611330137073047E-4 	 
-1.1039999999999999 	 2.6302252101881087E-6 	 4.4433591696278324E-5 	 2.6302252101881087E-6 	 4.4433591696278324E-5 	 2.6302252101881087E-6 	 4.4433591696278324E-5 	 2.6302252101881087E-6 	 4.4433591696278324E-5 	 0.009870818563651296 	 1.3856215816719037E-4 	 0.009870818563651296 	 1.3856215816719037E-4 	 0.009870818563651296 	 1.3856215816719037E-4 	 0.009870818563651296 	 1.3856215816719037E-4 	 
-1.08 	 5.85942481108287E-6 	 4.7744966630561085E-5 	 5.85942481108287E-6 	 4.7744966630561085E-5 	 5.85942481108287E-6 	 4.7744966630561085E-5 	 5.85942481108287E-6 	 4.7744966630561085E-5 	 0.011675498889630433 	 1.475992128116238E-4 	 0.011675498889630433 	 1.475992128116238E-4 	 0.011675498889630433 	 1.475992128116238E-4 	 0.011675498889630433 	 1.475992128116238E-4 	 
-1.056 	 5.319029275850431E-6 	 5.302389049485527E-5 	 5.319029275850431E-6 	 5.302389049485527E-5 	 5.319029275850431E-6 	 5.302389049485527E-5 	 5.319029275850431E-6 	 5.302389049485527E-5 	 0.013944604704296095 	 1.4442765611858498E-4 	 0.013944604704296095 	 1.4442765611858498E-4 	 0.013944604704296095 	 1.4442765611858498E-4 	 0.013944604704296095 	 1.4442765611858498E-4 	 
-1.032 	 2.4208782782399014E-4 	 2.9922874653037356E-4 	 2.4208782782399014E-4 	 2.9922874653037356E-4 	 2.4208782782399014E-4 	 2.9922874653037356E-4 	 2.4208782782399014E-4 	 2.9922874653037356E-4 	 0.016649290374386002 	 3.126686318246742E-4 	 0.016649290374386002 	 3.126686318246742E-4 	 0.016649290374386002 	 3.126686318246742E-4 	 0.016649290374386002 	 3.126686318246742E-4 	 
-1.008 	 1.981134159095926E-5 	 7.139653758547336E-5 	 1.981134159095926E-5 	 7.139653758547336E-5 	 1.981134159095926E-5 	 7.139653758547336E-5 	 1.981134159095926E-5 	 7.139653758547336E-5 	 0.019696035627752583 	 1.7966818901953417E-4 	 0.019696035627752583 	 1.7966818901953417E-4 	 0.019696035627752583 	 1.7966818901953417E-4 	 0.019696035627752583 	 1.7966818901953417E-4 	 
-0.984 	 1.6963787156678618E-5 	 7.618518316125822E-5 	 1.6963787156678618E-5 	 7.618518316125822E-5 	 1.6963787156678618E-5 	 7.618518316125822E-5 	 1.6963787156678618E-5 	 7.618518316125822E-5 	 0.023394998864884567 	 1.5059215566863853E-4 	 0.023394998864884567 	 1.5059215566863853E-4 	 0.023394998864884567 	 1.5059215566863853E-4 	 0.023394998864884567 	 1.5059215566863853E-4 	 
-0.96 	 2.290136698119751E-5 	 8.520420357499653E-5 	 2.290136698119751E-5 	 8.520420357499653E-5 	 2.290136698119751E-5 	 8.520420357499653E-5 	 2.290136698119751E-5 	 8.520420357499653E-5 	 0.027667710836994232 	 1.4878719611175539E-4 	 0.027667710836994232 	 1.4878719611175539E-4 	 0.027667710836994232 	 1.4878719611175539E-4 	 0.027667710836994232 	 1.4878719611175539E-4 	 
-0.9359999999999999 	 3.8018508641825233E-5 	 9.908922718930754E-5 	 3.8018508641825233E-5 	 9.908922718930754E-5 	 3.8018508641825233E-5 	 9.908922718930754E-5 	 3.8018508641825233E-5 	 9.908922718930754E-5 	 0.031813767094609896 	 1.5718265409692413E-4 	 0.031813767094609896 	 1.5718265409692413E-4 	 0.031813767094609896 	 1.5718265409692413E-4 	 0.031813767094609896 	 1.5718265409692413E-4 	 
-0.9119999999999999 	 4.808315753485098E-5 	 1.1206943037240263E-4 	 4.808315753485098E-5 	 1.1206943037240263E-4 	 4.808315753485098E-5 	 1.1206943037240263E-4 	 4.808315753485098E-5 	 1.1206943037240263E-4 	 0.0369824221810454 	 1.6447796672665622E-4 	 0.0369824221810454 	 1.6447796672665622E-4 	 0.0369824221810454 	 1.6447796672665622E-4 	 0.0369824221810454 	 1.6447796672665622E-4 	 
-0.8879999999999999 	 6.183763654907675E-5 	 1.266753719665153E-4 	 6.183763654907675E-5 	 1.266753719665153E-4 	 6.183763654907675E-5 	 1.266753719665153E-4 	 6.183763654907675E-5 	 1.266753719665153E-4 	 0.0413214116946179 	 1.7294915084415207E-4 	 0.0413214116946179 	 1.7294915084415207E-4 	 0.0413214116946179 	 1.7294915084415207E-4 	 0.0413214116946179 	 1.7294915084415207E-4 	 
-0.8639999999999999 	 8.540022438280632E-5 	 1.5025054676803316E-4 	 8.540022438280632E-5 	 1.5025054676803316E-4 	 8.540022438280632E-5 	 1.5025054676803316E-4 	 8.540022438280632E-5 	 1.5025054676803316E-4 	 0.04545576579874957 	 1.901331294103583E-4 	 0.04545576579874957 	 1.901331294103583E-4 	 0.04545576579874957 	 1.901331294103583E-4 	 0.04545576579874957 	 1.901331294103583E-4 	 
-0.8399999999999999 	 1.044008254867613E-4 	 1.6367318893465587E-4 	 1.044008254867613E-4 	 1.6367318893465587E-4 	 1.044008254867613E-4 	 1.6367318893465587E-4 	 1.044008254867613E-4 	 1.6367318893465587E-4 	 0.04881064558705831 	 2.005209334769945E-4 	 0.04881064558705831 	 2.005209334769945E-4 	 0.04881064558705831 	 2.005209334769945E-4 	 0.04881064558705831 	 2.005209334769945E-4 	 
-0.8159999999999998 	 1.105100470993959E-4 	 1.7189527360982035E-4 	 1.105100470993959E-4 	 1.7189527360982035E-4 	 1.105100470993959E-4 	 1.7189527360982035E-4 	 1.105100470993959E-4 	 1.7189527360982035E-4 	 0.05148975671659812 	 2.0867206705631793E-4 	 0.05148975671659812 	 2.0867206705631793E-4 	 0.05148975671659812 	 2.0867206705631793E-4 	 0.05148975671659812 	 2.0867206705631793E-4 	 
-0.7919999999999998 	 1.4080781169457184E-4 	 1.997672469384298E-4 	 1.4080781169457184E-4 	 1.997672469384298E-4 	 1.4080781169457184E-4 	 1.997672469384298E-4 	 1.4080781169457184E-4 	 1.997672469384298E-4 	 0.05291869446836476 	 2.1721128242196654E-4 	 0.05291869446836476 	 2.1721128242196654E-4 	 0.05291869446836476 	 2.1721128242196654E-4 	 0.05291869446836476 	 2.1721128242196654E-4 	 
-0.7679999999999998 	 1.5686397087228077E-4 	 2.0929796974643926E-4 	 1.5686397087228077E-4 	 2.0929796974643926E-4 	 1.5686397087228077E-4 	 2.0929796974643926E-4 	 1.5686397087228077E-4 	 2.0929796974643926E-4 	 0.05200567421460251 	 2.1511885544174336E-4 	 0.05200567421460251 	 2.1511885544174336E-4 	 0.05200567421460251 	 2.1511885544174336E-4 	 0.05200567421460251 	 2.1511885544174336E-4 	 
-0.7439999999999998 	 3.888967929466226E-4 	 4.4213791435822943E-4 	 3.888967929466226E-4 	 4.4213791435822943E-4 	 3.888967929466226E-4 	 4.4213791435822943E-4 	 3.888967929466226E-4 	 4.4213791435822943E-4 	 0.05015061377314598 	 3.7619171964646124E-4 	 0.05015061377314598 	 3.7619171964646124E-4 	 0.05015061377314598 	 3.7619171964646124E-4 	 0.05015061377314598 	 3.7619171964646124E-4 	 
-0.7199999999999998 	 1.6354228466849348E-4 	 2.0348118480855598E-4 	 1.6354228466849348E-4 	 2.0348118480855598E-4 	 1.6354228466849348E-4 	 2.0348118480855598E-4 	 1.6354228466849348E-4 	 2.0348118480855598E-4 	 0.04773047301198571 	 2.321255227014548E-4 	 0.04773047301198571 	 2.321255227014548E-4 	 0.04773047301198571 	 2.321255227014548E-4 	 0.04773047301198571 	 2.321255227014548E-4 	 
-0.6959999999999997 	 1.537193633043322E-4 	 1.9277465814008547E-4 	 1.537193633043322E-4 	 1.9277465814008547E-4 	 1.537193633043322E-4 	 1.9277465814008547E-4 	 1.537193633043322E-4 	 1.9277465814008547E-4 	 0.04467756190742602 	 1.9117881892387133E-4 	 0.04467756190742602 	 1.9117881892387133E-4 	 0.04467756190742602 	 1.9117881892387133E-4 	 0.04467756190742602 	 1.9117881892387133E-4 	 
-0.6720000000000002 	 1.500046990956176E-4 	 1.8694937696428133E-4 	 1.500046990956176E-4 	 1.8694937696428133E-4 	 1.500046990956176E-4 	 1.8694937696428133E-4 	 1.500046990956176E-4 	 1.8694937696428133E-4 	 0.040953819838487684 	 1.765793674312753E-4 	 0.040953819838487684 	 1.765793674312753E-4 	 0.040953819838487684 	 1.765793674312753E-4 	 0.040953819838487684 	 1.765793674312753E-4 	 
-0.6480000000000001 	 1.4964326974058973E-4 	 1.7946748637169487E-4 	 1.4964326974058973E-4 	 1.7946748637169487E-4 	 1.4964326974058973E-4 	 1.7946748637169487E-4 	 1.4964326974058973E-4 	 1.7946748637169487E-4 	 0.03645499785247594 	 1.6084253241891128E-4 	 0.03645499785247594 	 1.6084253241891128E-4 	 0.03645499785247594 	 1.6084253241891128E-4 	 0.03645499785247594 	 1.6084253241891128E-4 	 
-0.6240000000000001 	 1.321556419824042E-4 	 1.5728178897251007E-4 	 1.321556419824042E-4 	 1.5728178897251007E-4 	 1.321556419824042E-4 	 1.5728178897251007E-4 	 1.321556419824042E-4 	 1.5728178897251007E-4 	 0.03146743670639081 	 1.385945063081646E-4 	 0.03146743670639081 	 1.385945063081646E-4 	 0.03146743670639081 	 1.385945063081646E-4 	 0.03146743670639081 	 1.385945063081646E-4 	 
-0.6000000000000001 	 1.1578981683592905E-4 	 1.3945493274897247E-4 	 1.1578981683592905E-4 	 1.3945493274897247E-4 	 1.1578981683592905E-4 	 1.3945493274897247E-4 	 1.1578981683592905E-4 	 1.3945493274897247E-4 	 0.0271931738776545 	 1.2137723897354467E-4 	 0.0271931738776545 	 1.2137723897354467E-4 	 0.0271931738776545 	 1.2137723897354467E-4 	 0.0271931738776545 	 1.2137723897354467E-4 	 
-0.5760000000000001 	 1.0483230059150175E-4 	 1.225624274723033E-4 	 1.0483230059150175E-4 	 1.225624274723033E-4 	 1.0483230059150175E-4 	 1.225624274723033E-4 	 1.0483230059150175E-4 	 1.225624274723033E-4 	 0.022689148940780977 	 1.044259200280837E-4 	 0.022689148940780977 	 1.044259200280837E-4 	 0.022689148940780977 	 1.044259200280837E-4 	 0.022689148940780977 	 1.044259200280837E-4 	 
-0.552 	 8.557113175020391E-5 	 1.0155214414490194E-4 	 8.557113175020391E-5 	 1.0155214414490194E-4 	 8.557113175020391E-5 	 1.0155214414490194E-4 	 8.557113175020391E-5 	 1.0155214414490194E-4 	 0.019200891774809426 	 8.63926976375121E-5 	 0.019200891774809426 	 8.63926976375121E-5 	 0.019200891774809426 	 8.63926976375121E-5 	 0.019200891774809426 	 8.63926976375121E-5 	 
-0.528 	 7.250681519837372E-5 	 8.566285938086632E-5 	 7.250681519837372E-5 	 8.566285938086632E-5 	 7.250681519837372E-5 	 8.566285938086632E-5 	 7.250681519837372E-5 	 8.566285938086632E-5 	 0.01580081206800185 	 7.35748964063574E-5 	 0.01580081206800185 	 7.35748964063574E-5 	 0.01580081206800185 	 7.35748964063574E-5 	 0.01580081206800185 	 7.35748964063574E-5 	 
-0.504 	 6.190406305666049E-5 	 7.406344392603088E-5 	 6.190406305666049E-5 	 7.406344392603088E-5 	 6.190406305666049E-5 	 7.406344392603088E-5 	 6.190406305666049E-5 	 7.406344392603088E-5 	 0.013085421440980584 	 6.16593622269445E-5 	 0.013085421440980584 	 6.16593622269445E-5 	 0.013085421440980584 	 6.16593622269445E-5 	 0.013085421440980584 	 6.16593622269445E-5 	 
-0.48 	 5.357272663681939E-5 	 6.085198105650177E-5 	 5.357272663681939E-5 	 6.085198105650177E-5 	 5.357272663681939E-5 	 6.085198105650177E-5 	 5.357272663681939E-5 	 6.085198105650177E-5 	 0.010447858158911067 	 5.068948906277738E-5 	 0.010447858158911067 	 5.068948906277738E-5 	 0.010447858158911067 	 5.068948906277738E-5 	 0.010447858158911067 	 5.068948906277738E-5 	 
-0.45599999999999996 	 3.7157048852803906E-5 	 4.506778802127632E-5 	 3.7157048852803906E-5 	 4.506778802127632E-5 	 3.7157048852803906E-5 	 4.506778802127632E-5 	 3.7157048852803906E-5 	 4.506778802127632E-5 	 0.00846515788568434 	 3.8795649008192576E-5 	 0.00846515788568434 	 3.8795649008192576E-5 	 0.00846515788568434 	 3.8795649008192576E-5 	 0.00846515788568434 	 3.8795649008192576E-5 	 
-0.43199999999999994 	 3.4021035871857315E-5 	 3.965595690492346E-5 	 3.4021035871857315E-5 	 3.965595690492346E-5 	 3.4021035871857315E-5 	 3.965595690492346E-5 	 3.4021035871857315E-5 	 3.965595690492346E-5 	 0.006998315754122042 	 3.322736583668575E-5 	 0.006998315754122042 	 3.322736583668575E-5 	 0.006998315754122042 	 3.322736583668575E-5 	 0.006998315754122042 	 3.322736583668575E-5 	 
-0.4079999999999999 	 2.5143442085963228E-5 	 2.9269348925507306E-5 	 2.5143442085963228E-5 	 2.9269348925507306E-5 	 2.5143442085963228E-5 	 2.9269348925507306E-5 	 2.5143442085963228E-5 	 2.9269348925507306E-5 	 0.005883882499880155 	 2.605203610093131E-5 	 0.005883882499880155 	 2.605203610093131E-5 	 0.005883882499880155 	 2.605203610093131E-5 	 0.005883882499880155 	 2.605203610093131E-5 	 
-0.3839999999999999 	 1.9247537231035378E-5 	 2.3781984294695353E-5 	 1.9247537231035378E-5 	 2.3781984294695353E-5 	 1.9247537231035378E-5 	 2.3781984294695353E-5 	 1.9247537231035378E-5 	 2.3781984294695353E-5 	 0.005185436644655094 	 2.231309798018012E-5 	 0.005185436644655094 	 2.231309798018012E-5 	 0.005185436644655094 	 2.231309798018012E-5 	 0.005185436644655094 	 2.231309798018012E-5 	 
-0.3599999999999999 	 1.9467013567138862E-5 	 2.3698157950170073E-5 	 1.9467013567138862E-5 	 2.3698157950170073E-5 	 1.9467013567138862E-5 	 2.3698157950170073E-5 	 1.9467013567138862E-5 	 2.3698157950170073E-5 	 0.004529348260785591 	 2.0392833869016433E-5 	 0.004529348260785591 	 2.0392833869016433E-5 	 0.004529348260785591 	 2.0392833869016433E-5 	 0.004529348260785591 	 2.0392833869016433E-5 	 
-0.33599999999999985 	 1.760451535568148E-5 	 2.0750777893258014E-5 	 1.760451535568148E-5 	 2.0750777893258014E-5 	 1.760451535568148E-5 	 2.0750777893258014E-5 	 1.760451535568148E-5 	 2.0750777893258014E-5 	 0.0038772448110693915 	 1.8421318522595596E-5 	 0.0038772448110693915 	 1.8421318522595596E-5 	 0.0038772448110693915 	 1.8421318522595596E-5 	 0.0038772448110693915 	 1.8421318522595596E-5 	 
-0.31199999999999983 	 1.409580113697985E-5 	 1.6817048283041687E-5 	 1.409580113697985E-5 	 1.6817048283041687E-5 	 1.409580113697985E-5 	 1.6817048283041687E-5 	 1.409580113697985E-5 	 1.6817048283041687E-5 	 0.003190415097382443 	 1.479445565549052E-5 	 0.003190415097382443 	 1.479445565549052E-5 	 0.003190415097382443 	 1.479445565549052E-5 	 0.003190415097382443 	 1.479445565549052E-5 	 
-0.2879999999999998 	 1.2485996593594907E-5 	 1.5418426728727187E-5 	 1.2485996593594907E-5 	 1.5418426728727187E-5 	 1.2485996593594907E-5 	 1.5418426728727187E-5 	 1.2485996593594907E-5 	 1.5418426728727187E-5 	 0.0027084480777133614 	 1.2961296709604108E-5 	 0.0027084480777133614 	 1.2961296709604108E-5 	 0.0027084480777133614 	 1.2961296709604108E-5 	 0.0027084480777133614 	 1.2961296709604108E-5 	 
-0.2639999999999998 	 1.1129374339275402E-5 	 1.280305859999909E-5 	 1.1129374339275402E-5 	 1.280305859999909E-5 	 1.1129374339275402E-5 	 1.280305859999909E-5 	 1.1129374339275402E-5 	 1.280305859999909E-5 	 0.002085176276788641 	 1.0472453105202386E-5 	 0.002085176276788641 	 1.0472453105202386E-5 	 0.002085176276788641 	 1.0472453105202386E-5 	 0.002085176276788641 	 1.0472453105202386E-5 	 
-0.23999999999999977 	 7.733766412632589E-6 	 9.208129105930052E-6 	 7.733766412632589E-6 	 9.208129105930052E-6 	 7.733766412632589E-6 	 9.208129105930052E-6 	 7.733766412632589E-6 	 9.208129105930052E-6 	 0.0016534023304213604 	 8.12776945431518E-6 	 0.0016534023304213604 	 8.12776945431518E-6 	 0.0016534023304213604 	 8.12776945431518E-6 	 0.0016534023304213604 	 8.12776945431518E-6 	 
-0.21599999999999975 	 6.045813446606395E-6 	 7.293958868231958E-6 	 6.045813446606395E-6 	 7.293958868231958E-6 	 6.045813446606395E-6 	 7.293958868231958E-6 	 6.045813446606395E-6 	 7.293958868231958E-6 	 0.0014963127025396006 	 6.166079324230273E-6 	 0.0014963127025396006 	 6.166079324230273E-6 	 0.0014963127025396006 	 6.166079324230273E-6 	 0.0014963127025396006 	 6.166079324230273E-6 	 
-0.19199999999999973 	 3.94774626897388E-6 	 5.34465425569606E-6 	 3.94774626897388E-6 	 5.34465425569606E-6 	 3.94774626897388E-6 	 5.34465425569606E-6 	 3.94774626897388E-6 	 5.34465425569606E-6 	 0.0012312933556961488 	 5.427149424913479E-6 	 0.0012312933556961488 	 5.427149424913479E-6 	 0.0012312933556961488 	 5.427149424913479E-6 	 0.0012312933556961488 	 5.427149424913479E-6 	 
-0.16800000000000015 	 5.081496583947658E-6 	 6.32940240327823E-6 	 5.081496583947658E-6 	 6.32940240327823E-6 	 5.081496583947658E-6 	 6.32940240327823E-6 	 5.081496583947658E-6 	 6.32940240327823E-6 	 0.0012339430024727867 	 5.450891186921179E-6 	 0.0012339430024727867 	 5.450891186921179E-6 	 0.0012339430024727867 	 5.450891186921179E-6 	 0.0012339430024727867 	 5.450891186921179E-6 	 
-0.14400000000000013 	 3.7730544105150985E-6 	 4.106659625021078E-6 	 3.7730544105150985E-6 	 4.106659625021078E-6 	 3.7730544105150985E-6 	 4.106659625021078E-6 	 3.7730544105150985E-6 	 4.106659625021078E-6 	 0.001069468813362573 	 4.288396363788206E-6 	 0.001069468813362573 	 4.288396363788206E-6 	 0.001069468813362573 	 4.288396363788206E-6 	 0.001069468813362573 	 4.288396363788206E-6 	 
-0.1200000000000001 	 1.973473065499996E-6 	 3.947681147521548E-6 	 1.973473065499996E-6 	 3.947681147521548E-6 	 1.973473065499996E-6 	 3.947681147521548E-6 	 1.973473065499996E-6 	 3.947681147521548E-6 	 0.0010964106118371419 	 4.191882912226808E-6 	 0.0010964106118371419 	 4.191882912226808E-6 	 0.0010964106118371419 	 4.191882912226808E-6 	 0.0010964106118371419 	 4.191882912226808E-6 	 
-0.09600000000000009 	 6.018495730177255E-6 	 6.634492740635831E-6 	 6.018495730177255E-6 	 6.634492740635831E-6 	 6.018495730177255E-6 	 6.634492740635831E-6 	 6.018495730177255E-6 	 6.634492740635831E-6 	 9.076303336443013E-4 	 4.904505341798327E-6 	 9.076303336443013E-4 	 4.904505341798327E-6 	 9.076303336443013E-4 	 4.904505341798327E-6 	 9.076303336443013E-4 	 4.904505341798327E-6 	 
-0.07200000000000006 	 2.9694255132952744E-6 	 3.532809614565992E-6 	 2.9694255132952744E-6 	 3.532809614565992E-6 	 2.9694255132952744E-6 	 3.532809614565992E-6 	 2.9694255132952744E-6 	 3.532809614565992E-6 	 7.301896004290869E-4 	 3.0820409395618372E-6 	 7.301896004290869E-4 	 3.0820409395618372E-6 	 7.301896004290869E-4 	 3.0820409395618372E-6 	 7.301896004290869E-4 	 3.0820409395618372E-6 	 
-0.04800000000000004 	 2.1381918196834317E-6 	 2.6574216371839287E-6 	 2.1381918196834317E-6 	 2.6574216371839287E-6 	 2.1381918196834317E-6 	 2.6574216371839287E-6 	 2.1381918196834317E-6 	 2.6574216371839287E-6 	 5.749684408301581E-4 	 2.4377382489995537E-6 	 5.749684408301581E-4 	 2.4377382489995537E-6 	 5.749684408301581E-4 	 2.4377382489995537E-6 	 5.749684408301581E-4 	 2.4377382489995537E-6 	 
-0.02400000000000002 	 2.319638276002886E-6 	 2.8331127719779282E-6 	 2.319638276002886E-6 	 2.8331127719779282E-6 	 2.319638276002886E-6 	 2.8331127719779282E-6 	 2.319638276002886E-6 	 2.8331127719779282E-6 	 5.958278063907587E-4 	 2.462802036871174E-6 	 5.958278063907587E-4 	 2.462802036871174E-6 	 5.958278063907587E-4 	 2.462802036871174E-6 	 5.958278063907587E-4 	 2.462802036871174E-6 	 
0.0 	 1.4991716640410173E-6 	 1.6387567430521025E-6 	 1.4991716640410173E-6 	 1.6387567430521025E-6 	 1.4991716640410173E-6 	 1.6387567430521025E-6 	 1.4991716640410173E-6 	 1.6387567430521025E-6 	 5.211486770894692E-4 	 1.857761838688728E-6 	 5.211486770894692E-4 	 1.857761838688728E-6 	 5.211486770894692E-4 	 1.857761838688728E-6 	 5.211486770894692E-4 	 1.857761838688728E-6 	 
0.02400000000000002 	 1.2188731966584312E-6 	 2.10184528086691E-6 	 1.2188731966584312E-6 	 2.10184528086691E-6 	 1.2188731966584312E-6 	 2.10184528086691E-6 	 1.2188731966584312E-6 	 2.10184528086691E-6 	 5.753391949584929E-4 	 2.1732620962924434E-6 	 5.753391949584929E-4 	 2.1732620962924434E-6 	 5.753391949584929E-4 	 2.1732620962924434E-6 	 5.753391949584929E-4 	 2.1732620962924434E-6 	 
0.04800000000000004 	 2.8844675256188824E-6 	 3.022566602403352E-6 	 2.8844675256188824E-6 	 3.022566602403352E-6 	 2.8844675256188824E-6 	 3.022566602403352E-6 	 2.8844675256188824E-6 	 3.022566602403352E-6 	 4.6857370044614815E-4 	 2.256189160165669E-6 	 4.6857370044614815E-4 	 2.256189160165669E-6 	 4.6857370044614815E-4 	 2.256189160165669E-6 	 4.6857370044614815E-4 	 2.256189160165669E-6 	 
0.07200000000000006 	 1.4412443736271593E-6 	 1.7543704222758445E-6 	 1.4412443736271593E-6 	 1.7543704222758445E-6 	 1.4412443736271593E-6 	 1.7543704222758445E-6 	 1.4412443736271593E-6 	 1.7543704222758445E-6 	 3.7738190341384464E-4 	 1.5954483880951353E-6 	 3.7738190341384464E-4 	 1.5954483880951353E-6 	 3.7738190341384464E-4 	 1.5954483880951353E-6 	 3.7738190341384464E-4 	 1.5954483880951353E-6 	 
0.09600000000000009 	 1.7200343551563219E-6 	 1.8990614405541813E-6 	 1.7200343551563219E-6 	 1.8990614405541813E-6 	 1.7200343551563219E-6 	 1.8990614405541813E-6 	 1.7200343551563219E-6 	 1.8990614405541813E-6 	 3.1600877499887416E-4 	 1.5292595811382145E-6 	 3.1600877499887416E-4 	 1.5292595811382145E-6 	 3.1600877499887416E-4 	 1.5292595811382145E-6 	 3.1600877499887416E-4 	 1.5292595811382145E-6 	 
0.1200000000000001 	 1.223954455438338E-6 	 1.5048216994274543E-6 	 1.223954455438338E-6 	 1.5048216994274543E-6 	 1.223954455438338E-6 	 1.5048216994274543E-6 	 1.223954455438338E-6 	 1.5048216994274543E-6 	 2.663159292814386E-4 	 1.107773035996154E-6 	 2.663159292814386E-4 	 1.107773035996154E-6 	 2.663159292814386E-4 	 1.107773035996154E-6 	 2.663159292814386E-4 	 1.107773035996154E-6 	 
0.14400000000000013 	 1.1391552616990036E-6 	 1.2724708735308364E-6 	 1.1391552616990036E-6 	 1.2724708735308364E-6 	 1.1391552616990036E-6 	 1.2724708735308364E-6 	 1.1391552616990036E-6 	 1.2724708735308364E-6 	 1.5033378315934515E-4 	 9.203851010659108E-7 	 1.5033378315934515E-4 	 9.203851010659108E-7 	 1.5033378315934515E-4 	 9.203851010659108E-7 	 1.5033378315934515E-4 	 9.203851010659108E-7 	 
0.16800000000000015 	 9.350325500554886E-7 	 9.368205873205027E-7 	 9.350325500554886E-7 	 9.368205873205027E-7 	 9.350325500554886E-7 	 9.368205873205027E-7 	 9.350325500554886E-7 	 9.368205873205027E-7 	 1.4541753724385174E-4 	 7.078537226874786E-7 	 1.4541753724385174E-4 	 7.078537226874786E-7 	 1.4541753724385174E-4 	 7.078537226874786E-7 	 1.4541753724385174E-4 	 7.078537226874786E-7 	 
0.19200000000000017 	 1.1415675400616788E-7 	 8.45042907392423E-9 	 1.1415675400616788E-7 	 8.45042907392423E-9 	 1.1415675400616788E-7 	 8.45042907392423E-9 	 1.1415675400616788E-7 	 8.45042907392423E-9 	 1.0606211102711676E-4 	 2.110976152457871E-7 	 1.0606211102711676E-4 	 2.110976152457871E-7 	 1.0606211102711676E-4 	 2.110976152457871E-7 	 1.0606211102711676E-4 	 2.110976152457871E-7 	 
0.2160000000000002 	 1.130391286890616E-7 	 5.734581855105327E-7 	 1.130391286890616E-7 	 5.734581855105327E-7 	 1.130391286890616E-7 	 5.734581855105327E-7 	 1.130391286890616E-7 	 5.734581855105327E-7 	 1.399391665414198E-4 	 5.974379704587285E-7 	 1.399391665414198E-4 	 5.974379704587285E-7 	 1.399391665414198E-4 	 5.974379704587285E-7 	 1.399391665414198E-4 	 5.974379704587285E-7 	 
0.2400000000000002 	 1.4428017516051185E-6 	 1.3032782998310336E-6 	 1.4428017516051185E-6 	 1.3032782998310336E-6 	 1.4428017516051185E-6 	 1.3032782998310336E-6 	 1.4428017516051185E-6 	 1.3032782998310336E-6 	 6.748117563712774E-5 	 6.494734748673845E-7 	 6.748117563712774E-5 	 6.494734748673845E-7 	 6.748117563712774E-5 	 6.494734748673845E-7 	 6.748117563712774E-5 	 6.494734748673845E-7 	 
0.26400000000000023 	 1.3435954355530138E-10 	 1.1601022572583841E-10 	 1.3435954355530138E-10 	 1.1601022572583841E-10 	 1.3435954355530138E-10 	 1.1601022572583841E-10 	 1.3435954355530138E-10 	 1.1601022572583841E-10 	 1.0609604145344987E-5 	 3.41713556881436E-8 	 1.0609604145344987E-5 	 3.41713556881436E-8 	 1.0609604145344987E-5 	 3.41713556881436E-8 	 1.0609604145344987E-5 	 3.41713556881436E-8 	 
0.28800000000000026 	 5.3407918563232306E-8 	 6.783974396769009E-8 	 5.3407918563232306E-8 	 6.783974396769009E-8 	 5.3407918563232306E-8 	 6.783974396769009E-8 	 5.3407918563232306E-8 	 6.783974396769009E-8 	 2.8610139604257013E-5 	 9.149100535465484E-8 	 2.8610139604257013E-5 	 9.149100535465484E-8 	 2.8610139604257013E-5 	 9.149100535465484E-8 	 2.8610139604257013E-5 	 9.149100535465484E-8 	 
0.3120000000000003 	 2.853918850154197E-8 	 1.3249588938161545E-9 	 2.853918850154197E-8 	 1.3249588938161545E-9 	 2.853918850154197E-8 	 1.3249588938161545E-9 	 2.853918850154197E-8 	 1.3249588938161545E-9 	 2.474823612914631E-5 	 4.8406783220860345E-8 	 2.474823612914631E-5 	 4.8406783220860345E-8 	 2.474823612914631E-5 	 4.8406783220860345E-8 	 2.474823612914631E-5 	 4.8406783220860345E-8 	 
0.33599999999999985 	 2.825825491047181E-8 	 1.4313252592618152E-7 	 2.825825491047181E-8 	 1.4313252592618152E-7 	 2.825825491047181E-8 	 1.4313252592618152E-7 	 2.825825491047181E-8 	 1.4313252592618152E-7 	 3.28944426338952E-5 	 1.4106870335081885E-7 	 3.28944426338952E-5 	 1.4106870335081885E-7 	 3.28944426338952E-5 	 1.4106870335081885E-7 	 3.28944426338952E-5 	 1.4106870335081885E-7 	 
0.3599999999999999 	 3.6070043790127963E-7 	 3.2050393851350317E-7 	 3.6070043790127963E-7 	 3.2050393851350317E-7 	 3.6070043790127963E-7 	 3.2050393851350317E-7 	 3.6070043790127963E-7 	 3.2050393851350317E-7 	 1.2077710448412624E-5 	 1.5775185604654812E-7 	 1.2077710448412624E-5 	 1.5775185604654812E-7 	 1.2077710448412624E-5 	 1.5775185604654812E-7 	 1.2077710448412624E-5 	 1.5775185604654812E-7 	 
0.3839999999999999 	 0.0 	 0.0 	 0.0 	 0.0 	 0.0 	 0.0 	 0.0 	 0.0 	 0.0 	 0.0 	 0.0 	 0.0 	 0.0 	 0.0 	 0.0 	 0.0 	 
0.4079999999999999 	 0.0 	 0.0 	 0.0 	 0.0 	 0.0 	 0.0 	 0.0 	 0.0 	 0.0 	 0.0 	 0.0 	 0.0 	 0.0 	 0.0 	 0.0 	 0.0 	 
0.43199999999999994 	 0.0 	 0.0 	 0.0 	 0.0 	 0.0 	 0.0 	 0.0 	 0.0 	 0.0 	 0.0 	 0.0 	 0.0 	 0.0 	 0.0 	 0.0 	 0.0 	 
0.45599999999999996 	 0.0 	 0.0 	 0.0 	 0.0 	 0.0 	 0.0 	 0.0 	 0.0 	 0.0 	 0.0 	 0.0 	 0.0 	 0.0 	 0.0 	 0.0 	 0.0 	 
0.48 	 0.0 	 0.0 	 0.0 	 0.0 	 0.0 	 0.0 	 0.0 	 0.0 	 0.0 	 0.0 	 0.0 	 0.0 	 0.0 	 0.0 	 0.0 	 0.0 	 
0.504 	 0.0 	 0.0 	 0.0 	 0.0 	 0.0 	 0.0 	 0.0 	 0.0 	 0.0 	 0.0 	 0.0 	 0.0 	 0.0 	 0.0 	 0.0 	 0.0 	 
0.528 	 0.0 	 0.0 	 0.0 	 0.0 	 0.0 	 0.0 	 0.0 	 0.0 	 0.0 	 0.0 	 0.0 	 0.0 	 0.0 	 0.0 	 0.0 	 0.0 	 
0.552 	 0.0 	 0.0 	 0.0 	 0.0 	 0.0 	 0.0 	 0.0 	 0.0 	 0.0 	 0.0 	 0.0 	 0.0 	 0.0 	 0.0 	 0.0 	 0.0 	 
0.5760000000000001 	 0.0 	 0.0 	 0.0 	 0.0 	 0.0 	 0.0 	 0.0 	 0.0 	 0.0 	 0.0 	 0.0 	 0.0 	 0.0 	 0.0 	 0.0 	 0.0 	 
0.6000000000000001 	 0.0 	 0.0 	 0.0 	 0.0 	 0.0 	 0.0 	 0.0 	 0.0 	 0.0 	 0.0 	 0.0 	 0.0 	 0.0 	 0.0 	 0.0 	 0.0 	 
0.6240000000000001 	 0.0 	 0.0 	 0.0 	 0.0 	 0.0 	 0.0 	 0.0 	 0.0 	 0.0 	 0.0 	 0.0 	 0.0 	 0.0 	 0.0 	 0.0 	 0.0 	 
0.6480000000000001 	 0.0 	 0.0 	 0.0 	 0.0 	 0.0 	 0.0 	 0.0 	 0.0 	 0.0 	 0.0 	 0.0 	 0.0 	 0.0 	 0.0 	 0.0 	 0.0 	 
0.6720000000000002 	 0.0 	 0.0 	 0.0 	 0.0 	 0.0 	 0.0 	 0.0 	 0.0 	 0.0 	 0.0 	 0.0 	 0.0 	 0.0 	 0.0 	 0.0 	 0.0 	 
0.6960000000000002 	 0.0 	 0.0 	 0.0 	 0.0 	 0.0 	 0.0 	 0.0 	 0.0 	 0.0 	 0.0 	 0.0 	 0.0 	 0.0 	 0.0 	 0.0 	 0.0 	 
0.7200000000000002 	 0.0 	 0.0 	 0.0 	 0.0 	 0.0 	 0.0 	 0.0 	 0.0 	 0.0 	 0.0 	 0.0 	 0.0 	 0.0 	 0.0 	 0.0 	 0.0 	 
0.7440000000000002 	 0.0 	 0.0 	 0.0 	 0.0 	 0.0 	 0.0 	 0.0 	 0.0 	 0.0 	 0.0 	 0.0 	 0.0 	 0.0 	 0.0 	 0.0 	 0.0 	 
0.7680000000000002 	 0.0 	 0.0 	 0.0 	 0.0 	 0.0 	 0.0 	 0.0 	 0.0 	 0.0 	 0.0 	 0.0 	 0.0 	 0.0 	 0.0 	 0.0 	 0.0 	 
0.7920000000000003 	 0.0 	 0.0 	 0.0 	 0.0 	 0.0 	 0.0 	 0.0 	 0.0 	 0.0 	 0.0 	 0.0 	 0.0 	 0.0 	 0.0 	 0.0 	 0.0 	 
0.8160000000000003 	 0.0 	 0.0 	 0.0 	 0.0 	 0.0 	 0.0 	 0.0 	 0.0 	 0.0 	 0.0 	 0.0 	 0.0 	 0.0 	 0.0 	 0.0 	 0.0 	 
0.8399999999999999 	 0.0 	 0.0 	 0.0 	 0.0 	 0.0 	 0.0 	 0.0 	 0.0 	 0.0 	 0.0 	 0.0 	 0.0 	 0.0 	 0.0 	 0.0 	 0.0 	 
0.8639999999999999 	 0.0 	 0.0 	 0.0 	 0.0 	 0.0 	 0.0 	 0.0 	 0.0 	 0.0 	 0.0 	 0.0 	 0.0 	 0.0 	 0.0 	 0.0 	 0.0 	 
0.8879999999999999 	 0.0 	 0.0 	 0.0 	 0.0 	 0.0 	 0.0 	 0.0 	 0.0 	 0.0 	 0.0 	 0.0 	 0.0 	 0.0 	 0.0 	 0.0 	 0.0 	 
0.9119999999999999 	 0.0 	 0.0 	 0.0 	 0.0 	 0.0 	 0.0 	 0.0 	 0.0 	 0.0 	 0.0 	 0.0 	 0.0 	 0.0 	 0.0 	 0.0 	 0.0 	 
0.9359999999999999 	 0.0 	 0.0 	 0.0 	 0.0 	 0.0 	 0.0 	 0.0 	 0.0 	 0.0 	 0.0 	 0.0 	 0.0 	 0.0 	 0.0 	 0.0 	 0.0 	 
0.96 	 0.0 	 0.0 	 0.0 	 0.0 	 0.0 	 0.0 	 0.0 	 0.0 	 0.0 	 0.0 	 0.0 	 0.0 	 0.0 	 0.0 	 0.0 	 0.0 	 
0.984 	 0.0 	 0.0 	 0.0 	 0.0 	 0.0 	 0.0 	 0.0 	 0.0 	 0.0 	 0.0 	 0.0 	 0.0 	 0.0 	 0.0 	 0.0 	 0.0 	 
1.008 	 0.0 	 0.0 	 0.0 	 0.0 	 0.0 	 0.0 	 0.0 	 0.0 	 0.0 	 0.0 	 0.0 	 0.0 	 0.0 	 0.0 	 0.0 	 0.0 	 
1.032 	 0.0 	 0.0 	 0.0 	 0.0 	 0.0 	 0.0 	 0.0 	 0.0 	 0.0 	 0.0 	 0.0 	 0.0 	 0.0 	 0.0 	 0.0 	 0.0 	 
1.056 	 0.0 	 0.0 	 0.0 	 0.0 	 0.0 	 0.0 	 0.0 	 0.0 	 0.0 	 0.0 	 0.0 	 0.0 	 0.0 	 0.0 	 0.0 	 0.0 	 
1.08 	 0.0 	 0.0 	 0.0 	 0.0 	 0.0 	 0.0 	 0.0 	 0.0 	 0.0 	 0.0 	 0.0 	 0.0 	 0.0 	 0.0 	 0.0 	 0.0 	 
1.104 	 0.0 	 0.0 	 0.0 	 0.0 	 0.0 	 0.0 	 0.0 	 0.0 	 0.0 	 0.0 	 0.0 	 0.0 	 0.0 	 0.0 	 0.0 	 0.0 	 
1.1280000000000001 	 0.0 	 0.0 	 0.0 	 0.0 	 0.0 	 0.0 	 0.0 	 0.0 	 0.0 	 0.0 	 0.0 	 0.0 	 0.0 	 0.0 	 0.0 	 0.0 	 
1.1520000000000001 	 0.0 	 0.0 	 0.0 	 0.0 	 0.0 	 0.0 	 0.0 	 0.0 	 0.0 	 0.0 	 0.0 	 0.0 	 0.0 	 0.0 	 0.0 	 0.0 	 
1.1760000000000002 	 0.0 	 0.0 	 0.0 	 0.0 	 0.0 	 0.0 	 0.0 	 0.0 	 0.0 	 0.0 	 0.0 	 0.0 	 0.0 	 0.0 	 0.0 	 0.0 	 
1.2000000000000002 	 0.0 	 0.0 	 0.0 	 0.0 	 0.0 	 0.0 	 0.0 	 0.0 	 0.0 	 0.0 	 0.0 	 0.0 	 0.0 	 0.0 	 0.0 	 0.0 	 
1.2240000000000002 	 0.0 	 0.0 	 0.0 	 0.0 	 0.0 	 0.0 	 0.0 	 0.0 	 0.0 	 0.0 	 0.0 	 0.0 	 0.0 	 0.0 	 0.0 	 0.0 	 
1.2480000000000002 	 0.0 	 0.0 	 0.0 	 0.0 	 0.0 	 0.0 	 0.0 	 0.0 	 0.0 	 0.0 	 0.0 	 0.0 	 0.0 	 0.0 	 0.0 	 0.0 	 
1.2720000000000002 	 0.0 	 0.0 	 0.0 	 0.0 	 0.0 	 0.0 	 0.0 	 0.0 	 0.0 	 0.0 	 0.0 	 0.0 	 0.0 	 0.0 	 0.0 	 0.0 	 
1.2960000000000003 	 0.0 	 0.0 	 0.0 	 0.0 	 0.0 	 0.0 	 0.0 	 0.0 	 0.0 	 0.0 	 0.0 	 0.0 	 0.0 	 0.0 	 0.0 	 0.0 	 
1.3200000000000003 	 0.0 	 0.0 	 0.0 	 0.0 	 0.0 	 0.0 	 0.0 	 0.0 	 0.0 	 0.0 	 0.0 	 0.0 	 0.0 	 0.0 	 0.0 	 0.0 	 
1.3440000000000003 	 0.0 	 0.0 	 0.0 	 0.0 	 0.0 	 0.0 	 0.0 	 0.0 	 0.0 	 0.0 	 0.0 	 0.0 	 0.0 	 0.0 	 0.0 	 0.0 	 
1.3680000000000003 	 0.0 	 0.0 	 0.0 	 0.0 	 0.0 	 0.0 	 0.0 	 0.0 	 0.0 	 0.0 	 0.0 	 0.0 	 0.0 	 0.0 	 0.0 	 0.0 	 
1.3920000000000003 	 0.0 	 0.0 	 0.0 	 0.0 	 0.0 	 0.0 	 0.0 	 0.0 	 0.0 	 0.0 	 0.0 	 0.0 	 0.0 	 0.0 	 0.0 	 0.0 	 
1.4160000000000004 	 0.0 	 0.0 	 0.0 	 0.0 	 0.0 	 0.0 	 0.0 	 0.0 	 0.0 	 0.0 	 0.0 	 0.0 	 0.0 	 0.0 	 0.0 	 0.0 	 
1.4400000000000004 	 0.0 	 0.0 	 0.0 	 0.0 	 0.0 	 0.0 	 0.0 	 0.0 	 0.0 	 0.0 	 0.0 	 0.0 	 0.0 	 0.0 	 0.0 	 0.0 	 
1.4640000000000004 	 0.0 	 0.0 	 0.0 	 0.0 	 0.0 	 0.0 	 0.0 	 0.0 	 0.0 	 0.0 	 0.0 	 0.0 	 0.0 	 0.0 	 0.0 	 0.0 	 
1.4880000000000004 	 0.0 	 0.0 	 0.0 	 0.0 	 0.0 	 0.0 	 0.0 	 0.0 	 0.0 	 0.0 	 0.0 	 0.0 	 0.0 	 0.0 	 0.0 	 0.0 	 
1.5120000000000005 	 0.0 	 0.0 	 0.0 	 0.0 	 0.0 	 0.0 	 0.0 	 0.0 	 0.0 	 0.0 	 0.0 	 0.0 	 0.0 	 0.0 	 0.0 	 0.0 	 
1.5360000000000005 	 0.0 	 0.0 	 0.0 	 0.0 	 0.0 	 0.0 	 0.0 	 0.0 	 0.0 	 0.0 	 0.0 	 0.0 	 0.0 	 0.0 	 0.0 	 0.0 	 
1.5600000000000005 	 0.0 	 0.0 	 0.0 	 0.0 	 0.0 	 0.0 	 0.0 	 0.0 	 0.0 	 0.0 	 0.0 	 0.0 	 0.0 	 0.0 	 0.0 	 0.0 	 
1.5840000000000005 	 0.0 	 0.0 	 0.0 	 0.0 	 0.0 	 0.0 	 0.0 	 0.0 	 0.0 	 0.0 	 0.0 	 0.0 	 0.0 	 0.0 	 0.0 	 0.0 	 
1.6080000000000005 	 0.0 	 0.0 	 0.0 	 0.0 	 0.0 	 0.0 	 0.0 	 0.0 	 0.0 	 0.0 	 0.0 	 0.0 	 0.0 	 0.0 	 0.0 	 0.0 	 
1.6319999999999997 	 0.0 	 0.0 	 0.0 	 0.0 	 0.0 	 0.0 	 0.0 	 0.0 	 0.0 	 0.0 	 0.0 	 0.0 	 0.0 	 0.0 	 0.0 	 0.0 	 
1.6559999999999997 	 0.0 	 0.0 	 0.0 	 0.0 	 0.0 	 0.0 	 0.0 	 0.0 	 0.0 	 0.0 	 0.0 	 0.0 	 0.0 	 0.0 	 0.0 	 0.0 	 
1.6799999999999997 	 0.0 	 0.0 	 0.0 	 0.0 	 0.0 	 0.0 	 0.0 	 0.0 	 0.0 	 0.0 	 0.0 	 0.0 	 0.0 	 0.0 	 0.0 	 0.0 	 
1.7039999999999997 	 0.0 	 0.0 	 0.0 	 0.0 	 0.0 	 0.0 	 0.0 	 0.0 	 0.0 	 0.0 	 0.0 	 0.0 	 0.0 	 0.0 	 0.0 	 0.0 	 
1.7279999999999998 	 0.0 	 0.0 	 0.0 	 0.0 	 0.0 	 0.0 	 0.0 	 0.0 	 0.0 	 0.0 	 0.0 	 0.0 	 0.0 	 0.0 	 0.0 	 0.0 	 
1.7519999999999998 	 0.0 	 0.0 	 0.0 	 0.0 	 0.0 	 0.0 	 0.0 	 0.0 	 0.0 	 0.0 	 0.0 	 0.0 	 0.0 	 0.0 	 0.0 	 0.0 	 
1.7759999999999998 	 0.0 	 0.0 	 0.0 	 0.0 	 0.0 	 0.0 	 0.0 	 0.0 	 0.0 	 0.0 	 0.0 	 0.0 	 0.0 	 0.0 	 0.0 	 0.0 	 
1.7999999999999998 	 0.0 	 0.0 	 0.0 	 0.0 	 0.0 	 0.0 	 0.0 	 0.0 	 0.0 	 0.0 	 0.0 	 0.0 	 0.0 	 0.0 	 0.0 	 0.0 	 
1.8239999999999998 	 0.0 	 0.0 	 0.0 	 0.0 	 0.0 	 0.0 	 0.0 	 0.0 	 0.0 	 0.0 	 0.0 	 0.0 	 0.0 	 0.0 	 0.0 	 0.0 	 
1.8479999999999999 	 0.0 	 0.0 	 0.0 	 0.0 	 0.0 	 0.0 	 0.0 	 0.0 	 0.0 	 0.0 	 0.0 	 0.0 	 0.0 	 0.0 	 0.0 	 0.0 	 
1.8719999999999999 	 0.0 	 0.0 	 0.0 	 0.0 	 0.0 	 0.0 	 0.0 	 0.0 	 0.0 	 0.0 	 0.0 	 0.0 	 0.0 	 0.0 	 0.0 	 0.0 	 
1.896 	 0.0 	 0.0 	 0.0 	 0.0 	 0.0 	 0.0 	 0.0 	 0.0 	 0.0 	 0.0 	 0.0 	 0.0 	 0.0 	 0.0 	 0.0 	 0.0 	 
1.92 	 0.0 	 0.0 	 0.0 	 0.0 	 0.0 	 0.0 	 0.0 	 0.0 	 0.0 	 0.0 	 0.0 	 0.0 	 0.0 	 0.0 	 0.0 	 0.0 	 
1.944 	 0.0 	 0.0 	 0.0 	 0.0 	 0.0 	 0.0 	 0.0 	 0.0 	 0.0 	 0.0 	 0.0 	 0.0 	 0.0 	 0.0 	 0.0 	 0.0 	 
1.968 	 0.0 	 0.0 	 0.0 	 0.0 	 0.0 	 0.0 	 0.0 	 0.0 	 0.0 	 0.0 	 0.0 	 0.0 	 0.0 	 0.0 	 0.0 	 0.0 	 
1.992 	 0.0 	 0.0 	 0.0 	 0.0 	 0.0 	 0.0 	 0.0 	 0.0 	 0.0 	 0.0 	 0.0 	 0.0 	 0.0 	 0.0 	 0.0 	 0.0 	 
2.016 	 0.0 	 0.0 	 0.0 	 0.0 	 0.0 	 0.0 	 0.0 	 0.0 	 0.0 	 0.0 	 0.0 	 0.0 	 0.0 	 0.0 	 0.0 	 0.0 	 
2.04 	 0.0 	 0.0 	 0.0 	 0.0 	 0.0 	 0.0 	 0.0 	 0.0 	 0.0 	 0.0 	 0.0 	 0.0 	 0.0 	 0.0 	 0.0 	 0.0 	 
2.064 	 0.0 	 0.0 	 0.0 	 0.0 	 0.0 	 0.0 	 0.0 	 0.0 	 0.0 	 0.0 	 0.0 	 0.0 	 0.0 	 0.0 	 0.0 	 0.0 	 
2.088 	 0.0 	 0.0 	 0.0 	 0.0 	 0.0 	 0.0 	 0.0 	 0.0 	 0.0 	 0.0 	 0.0 	 0.0 	 0.0 	 0.0 	 0.0 	 0.0 	 
2.112 	 0.0 	 0.0 	 0.0 	 0.0 	 0.0 	 0.0 	 0.0 	 0.0 	 0.0 	 0.0 	 0.0 	 0.0 	 0.0 	 0.0 	 0.0 	 0.0 	 
2.136 	 0.0 	 0.0 	 0.0 	 0.0 	 0.0 	 0.0 	 0.0 	 0.0 	 0.0 	 0.0 	 0.0 	 0.0 	 0.0 	 0.0 	 0.0 	 0.0 	 
2.16 	 0.0 	 0.0 	 0.0 	 0.0 	 0.0 	 0.0 	 0.0 	 0.0 	 0.0 	 0.0 	 0.0 	 0.0 	 0.0 	 0.0 	 0.0 	 0.0 	 
2.184 	 0.0 	 0.0 	 0.0 	 0.0 	 0.0 	 0.0 	 0.0 	 0.0 	 0.0 	 0.0 	 0.0 	 0.0 	 0.0 	 0.0 	 0.0 	 0.0 	 
2.208 	 0.0 	 0.0 	 0.0 	 0.0 	 0.0 	 0.0 	 0.0 	 0.0 	 0.0 	 0.0 	 0.0 	 0.0 	 0.0 	 0.0 	 0.0 	 0.0 	 
2.232 	 0.0 	 0.0 	 0.0 	 0.0 	 0.0 	 0.0 	 0.0 	 0.0 	 0.0 	 0.0 	 0.0 	 0.0 	 0.0 	 0.0 	 0.0 	 0.0 	 
2.2560000000000002 	 0.0 	 0.0 	 0.0 	 0.0 	 0.0 	 0.0 	 0.0 	 0.0 	 0.0 	 0.0 	 0.0 	 0.0 	 0.0 	 0.0 	 0.0 	 0.0 	 
2.2800000000000002 	 0.0 	 0.0 	 0.0 	 0.0 	 0.0 	 0.0 	 0.0 	 0.0 	 0.0 	 0.0 	 0.0 	 0.0 	 0.0 	 0.0 	 0.0 	 0.0 	 
2.3040000000000003 	 0.0 	 0.0 	 0.0 	 0.0 	 0.0 	 0.0 	 0.0 	 0.0 	 0.0 	 0.0 	 0.0 	 0.0 	 0.0 	 0.0 	 0.0 	 0.0 	 
2.3280000000000003 	 0.0 	 0.0 	 0.0 	 0.0 	 0.0 	 0.0 	 0.0 	 0.0 	 0.0 	 0.0 	 0.0 	 0.0 	 0.0 	 0.0 	 0.0 	 0.0 	 
2.3520000000000003 	 0.0 	 0.0 	 0.0 	 0.0 	 0.0 	 0.0 	 0.0 	 0.0 	 0.0 	 0.0 	 0.0 	 0.0 	 0.0 	 0.0 	 0.0 	 0.0 	 
2.3760000000000003 	 0.0 	 0.0 	 0.0 	 0.0 	 0.0 	 0.0 	 0.0 	 0.0 	 0.0 	 0.0 	 0.0 	 0.0 	 0.0 	 0.0 	 0.0 	 0.0 	 
2.4000000000000004 	 0.0 	 0.0 	 0.0 	 0.0 	 0.0 	 0.0 	 0.0 	 0.0 	 0.0 	 0.0 	 0.0 	 0.0 	 0.0 	 0.0 	 0.0 	 0.0 	 
2.4240000000000004 	 0.0 	 0.0 	 0.0 	 0.0 	 0.0 	 0.0 	 0.0 	 0.0 	 0.0 	 0.0 	 0.0 	 0.0 	 0.0 	 0.0 	 0.0 	 0.0 	 
2.4480000000000004 	 0.0 	 0.0 	 0.0 	 0.0 	 0.0 	 0.0 	 0.0 	 0.0 	 0.0 	 0.0 	 0.0 	 0.0 	 0.0 	 0.0 	 0.0 	 0.0 	 
2.4720000000000004 	 0.0 	 0.0 	 0.0 	 0.0 	 0.0 	 0.0 	 0.0 	 0.0 	 0.0 	 0.0 	 0.0 	 0.0 	 0.0 	 0.0 	 0.0 	 0.0 	 
2.4960000000000004 	 0.0 	 0.0 	 0.0 	 0.0 	 0.0 	 0.0 	 0.0 	 0.0 	 0.0 	 0.0 	 0.0 	 0.0 	 0.0 	 0.0 	 0.0 	 0.0 	 
2.5200000000000005 	 0.0 	 0.0 	 0.0 	 0.0 	 0.0 	 0.0 	 0.0 	 0.0 	 0.0 	 0.0 	 0.0 	 0.0 	 0.0 	 0.0 	 0.0 	 0.0 	 
2.5440000000000005 	 0.0 	 0.0 	 0.0 	 0.0 	 0.0 	 0.0 	 0.0 	 0.0 	 0.0 	 0.0 	 0.0 	 0.0 	 0.0 	 0.0 	 0.0 	 0.0 	 
2.5680000000000005 	 0.0 	 0.0 	 0.0 	 0.0 	 0.0 	 0.0 	 0.0 	 0.0 	 0.0 	 0.0 	 0.0 	 0.0 	 0.0 	 0.0 	 0.0 	 0.0 	 
2.5920000000000005 	 0.0 	 0.0 	 0.0 	 0.0 	 0.0 	 0.0 	 0.0 	 0.0 	 0.0 	 0.0 	 0.0 	 0.0 	 0.0 	 0.0 	 0.0 	 0.0 	 
2.6160000000000005 	 0.0 	 0.0 	 0.0 	 0.0 	 0.0 	 0.0 	 0.0 	 0.0 	 0.0 	 0.0 	 0.0 	 0.0 	 0.0 	 0.0 	 0.0 	 0.0 	 
2.6399999999999997 	 0.0 	 0.0 	 0.0 	 0.0 	 0.0 	 0.0 	 0.0 	 0.0 	 0.0 	 0.0 	 0.0 	 0.0 	 0.0 	 0.0 	 0.0 	 0.0 	 
2.6639999999999997 	 0.0 	 0.0 	 0.0 	 0.0 	 0.0 	 0.0 	 0.0 	 0.0 	 0.0 	 0.0 	 0.0 	 0.0 	 0.0 	 0.0 	 0.0 	 0.0 	 
2.6879999999999997 	 0.0 	 0.0 	 0.0 	 0.0 	 0.0 	 0.0 	 0.0 	 0.0 	 0.0 	 0.0 	 0.0 	 0.0 	 0.0 	 0.0 	 0.0 	 0.0 	 
2.7119999999999997 	 0.0 	 0.0 	 0.0 	 0.0 	 0.0 	 0.0 	 0.0 	 0.0 	 0.0 	 0.0 	 0.0 	 0.0 	 0.0 	 0.0 	 0.0 	 0.0 	 
2.7359999999999998 	 0.0 	 0.0 	 0.0 	 0.0 	 0.0 	 0.0 	 0.0 	 0.0 	 0.0 	 0.0 	 0.0 	 0.0 	 0.0 	 0.0 	 0.0 	 0.0 	 
2.76 	 0.0 	 0.0 	 0.0 	 0.0 	 0.0 	 0.0 	 0.0 	 0.0 	 0.0 	 0.0 	 0.0 	 0.0 	 0.0 	 0.0 	 0.0 	 0.0 	 
2.784 	 0.0 	 0.0 	 0.0 	 0.0 	 0.0 	 0.0 	 0.0 	 0.0 	 0.0 	 0.0 	 0.0 	 0.0 	 0.0 	 0.0 	 0.0 	 0.0 	 
2.808 	 0.0 	 0.0 	 0.0 	 0.0 	 0.0 	 0.0 	 0.0 	 0.0 	 0.0 	 0.0 	 0.0 	 0.0 	 0.0 	 0.0 	 0.0 	 0.0 	 
2.832 	 0.0 	 0.0 	 0.0 	 0.0 	 0.0 	 0.0 	 0.0 	 0.0 	 0.0 	 0.0 	 0.0 	 0.0 	 0.0 	 0.0 	 0.0 	 0.0 	 
2.856 	 0.0 	 0.0 	 0.0 	 0.0 	 0.0 	 0.0 	 0.0 	 0.0 	 0.0 	 0.0 	 0.0 	 0.0 	 0.0 	 0.0 	 0.0 	 0.0 	 
2.88 	 0.0 	 0.0 	 0.0 	 0.0 	 0.0 	 0.0 	 0.0 	 0.0 	 0.0 	 0.0 	 0.0 	 0.0 	 0.0 	 0.0 	 0.0 	 0.0 	 
2.904 	 0.0 	 0.0 	 0.0 	 0.0 	 0.0 	 0.0 	 0.0 	 0.0 	 0.0 	 0.0 	 0.0 	 0.0 	 0.0 	 0.0 	 0.0 	 0.0 	 
2.928 	 0.0 	 0.0 	 0.0 	 0.0 	 0.0 	 0.0 	 0.0 	 0.0 	 0.0 	 0.0 	 0.0 	 0.0 	 0.0 	 0.0 	 0.0 	 0.0 	 
2.952 	 0.0 	 0.0 	 0.0 	 0.0 	 0.0 	 0.0 	 0.0 	 0.0 	 0.0 	 0.0 	 0.0 	 0.0 	 0.0 	 0.0 	 0.0 	 0.0 	 
2.976 	 0.0 	 0.0 	 0.0 	 0.0 	 0.0 	 0.0 	 0.0 	 0.0 	 0.0 	 0.0 	 0.0 	 0.0 	 0.0 	 0.0 	 0.0 	 0.0 	 
