-3.0 	 0.0028160938346636897 	 0.0028100567597073977 	 0.002817558989163067 	 0.0027616958964363095 	 0.002802431212048486 	 0.0027925620963496632 	 0.0028029130013891516 	 1.8839033585068966E-4 	 
-2.976 	 0.002289065419038345 	 0.0022848240229545198 	 0.00229043503595374 	 0.002343572280081483 	 0.002523207669643309 	 0.002515376959096917 	 0.0025244634684297557 	 1.6976117139934322E-4 	 
-2.952 	 0.0033337286875271435 	 0.003325332786983431 	 0.003334953014888995 	 0.002999379184171146 	 0.002712497865760815 	 0.0027032485354615637 	 0.0027127746113232557 	 2.0459308579187492E-4 	 
-2.928 	 0.004234163930487845 	 0.004223230319949282 	 0.004235766571414144 	 0.003827588251608081 	 0.0033926226248343874 	 0.0033793144492513015 	 0.0033917304667108405 	 2.457164657105215E-4 	 
-2.904 	 0.0038137538500583206 	 0.003805184247384678 	 0.0038156837292890847 	 0.003707160089234797 	 0.003640397876684689 	 0.0036265219521691493 	 0.003640154080887077 	 2.443208595356871E-4 	 
-2.88 	 0.003126384538079752 	 0.003120223998335137 	 0.0031281894536857617 	 0.00316246598879589 	 0.0033278489285250147 	 0.0033165942291127 	 0.0033288310947851164 	 2.2094445393249044E-4 	 
-2.856 	 0.004281044051611487 	 0.004270319617350539 	 0.004282672575310158 	 0.003879464813766092 	 0.0035401161388162396 	 0.003527605986062732 	 0.003540257434239946 	 2.600223499458912E-4 	 
-2.832 	 0.005262128752613355 	 0.005248745373489239 	 0.0052641835423701275 	 0.004791459158924758 	 0.004304519172146976 	 0.004287802265573503 	 0.004303561170581638 	 3.1192896761619664E-4 	 
-2.808 	 0.0037131743890351067 	 0.0037062684065553844 	 0.00371554014488912 	 0.003872274163809897 	 0.004152868384388253 	 0.004138185887752406 	 0.004153705055824128 	 2.690616503236398E-4 	 
-2.784 	 0.0048442220158573385 	 0.004832295051664157 	 0.004846145352623064 	 0.004433792972744685 	 0.004128497238097669 	 0.004113884466505472 	 0.00412882474076799 	 2.979248938902141E-4 	 
-2.76 	 0.006222812351104091 	 0.006206782592667047 	 0.0062251658764734125 	 0.00562671155165768 	 0.005019830222994835 	 0.005000336238441603 	 0.00501874023114839 	 3.6569994519397786E-4 	 
-2.7359999999999998 	 0.004518433869838973 	 0.004509848169970491 	 0.0045212413514552395 	 0.004673869301348013 	 0.0049644205972330805 	 0.004946885424845417 	 0.004965372273084139 	 3.2400008695216987E-4 	 
-2.7119999999999997 	 0.005584532766691215 	 0.00557109016664851 	 0.00558685120222696 	 0.0051660764647854344 	 0.0048826783858348525 	 0.004865630129451476 	 0.004883262963460501 	 3.5079228918707023E-4 	 
-2.688 	 0.006199158980071092 	 0.0061843010950267665 	 0.006201854301274833 	 0.005794809664297462 	 0.005449985515385241 	 0.005430058731058366 	 0.0054499236434506606 	 3.857147901253435E-4 	 
-2.664 	 0.00658689957008312 	 0.006571360109297394 	 0.006589867566549841 	 0.006211949168818266 	 0.005918226013633293 	 0.005896465502778012 	 0.005918185870452584 	 4.122902011954579E-4 	 
-2.64 	 0.006909329371899958 	 0.006893151811635206 	 0.006912483321903334 	 0.00653809589608333 	 0.006268568328303858 	 0.006245562914286653 	 0.006268601012510081 	 4.3600521532927855E-4 	 
-2.616 	 0.006897195067713602 	 0.006881613169369539 	 0.006900510114131514 	 0.006617593771510736 	 0.00648068590619309 	 0.0064576457619149015 	 0.006481363682468252 	 4.466772853566862E-4 	 
-2.592 	 0.008249241962115638 	 0.008228986152569532 	 0.00825264282929883 	 0.007611757692522356 	 0.007067872206275091 	 0.007041857359167641 	 0.007067656074533594 	 5.015808988234897E-4 	 
-2.568 	 0.008199062823011697 	 0.008180252065457272 	 0.00820296059912673 	 0.007840820115150455 	 0.007599352705351567 	 0.0075715810580556575 	 0.007599534798141784 	 5.241476408041471E-4 	 
-2.544 	 0.007483589759774291 	 0.007467701855507919 	 0.007487509879446352 	 0.0073558268047867765 	 0.007453287288826948 	 0.007427718544450255 	 0.0074549251848850225 	 5.074098896570339E-4 	 
-2.52 	 0.010276533180409218 	 0.010250217424171058 	 0.01028034713598961 	 0.00925724315717138 	 0.008315761835417813 	 0.008285005301228067 	 0.008315096814841555 	 6.056176958826726E-4 	 
-2.496 	 0.00828341446190738 	 0.008266594721385228 	 0.008288128017305371 	 0.008337381041823461 	 0.008581106971934383 	 0.008550934944005158 	 0.008582511966504983 	 5.740578389428141E-4 	 
-2.472 	 0.010412574578998504 	 0.010387038982835028 	 0.010416777815260014 	 0.009565151313058568 	 0.008885958708738506 	 0.008854229610887407 	 0.008886280251586364 	 6.423724477158612E-4 	 
-2.448 	 0.011641895310131722 	 0.011613586347767406 	 0.01164687656540854 	 0.010835107579291693 	 0.0100952094260822 	 0.010057274826764877 	 0.010094288670274084 	 7.110466402957133E-4 	 
-2.424 	 0.011065958512890654 	 0.011041188897704248 	 0.011071437219888599 	 0.010698965137581139 	 0.010532035379847478 	 0.010493827855334226 	 0.010532650991141503 	 7.162707540022169E-4 	 
-2.4 	 0.01145897754101868 	 0.011432786763696925 	 0.011464357374807903 	 0.0109261093633244 	 0.01065535555434614 	 0.010617567766731976 	 0.010656551594336533 	 7.333348501475384E-4 	 
-2.376 	 0.011225006559465497 	 0.011200299388148208 	 0.011230558255138755 	 0.010857101733429542 	 0.010784548871489552 	 0.01074752714121394 	 0.010786708431678912 	 7.41194226579629E-4 	 
-2.352 	 0.01332252760085301 	 0.013290349423237346 	 0.013328121220841612 	 0.012351310536429544 	 0.011572987505640831 	 0.011531796286414127 	 0.011573606037707011 	 8.244637960287535E-4 	 
-2.328 	 0.014106470335969236 	 0.014073269027754002 	 0.014112843183546631 	 0.013312936263080352 	 0.012676821277197655 	 0.012630502184897698 	 0.012676838990242719 	 8.865237776518914E-4 	 
-2.304 	 0.013765239509018019 	 0.013734445881987918 	 0.013771971042579717 	 0.013268134114779674 	 0.013046929147758585 	 0.013000600308832365 	 0.013048292063316197 	 8.971927736301097E-4 	 
-2.2800000000000002 	 0.016339610073439276 	 0.0162997346443695 	 0.016346403953915116 	 0.01510872147063299 	 0.014070032058866743 	 0.014018648978102729 	 0.014069798310199793 	 0.0010015281629142659 	 
-2.2560000000000002 	 0.016126172522612357 	 0.016089458428795462 	 0.016133908434081197 	 0.015458996996248251 	 0.015034548335909063 	 0.014980068467549307 	 0.015035191467907893 	 0.0010351048289125326 	 
-2.232 	 0.017875070348838895 	 0.017832586829350267 	 0.017882921847349523 	 0.0167530121537209 	 0.015891776955171855 	 0.015834050584562474 	 0.015892018260863155 	 0.001119434248853199 	 
-2.208 	 0.017542782205856252 	 0.017503240779942614 	 0.01755129334631236 	 0.01687136179187781 	 0.016533025110723194 	 0.016473820523497676 	 0.01653442009412464 	 0.0011356978566301836 	 
-2.184 	 0.01754091298548021 	 0.017501797717336856 	 0.017549425254670337 	 0.016877607659967462 	 0.01664697258644762 	 0.016589255033394642 	 0.016649756827935673 	 0.0011505561596918165 	 
-2.16 	 0.02037270763099118 	 0.020323791911388316 	 0.020381384522600673 	 0.018950733091596287 	 0.017809058284141702 	 0.017745376884951983 	 0.017809767667450134 	 0.001267563038051035 	 
-2.136 	 0.018984991774435037 	 0.018943739488570484 	 0.01899466342394888 	 0.01850696616662801 	 0.018433013033641227 	 0.01836870562288392 	 0.018435760744396925 	 0.0012660958155882773 	 
-2.112 	 0.022122742106917975 	 0.02206996747541189 	 0.022132198048939997 	 0.020600018903973623 	 0.019423057464945916 	 0.019354346887250583 	 0.01942422072944885 	 0.0013959267357378648 	 
-2.088 	 0.021851496869904338 	 0.021802640206379825 	 0.021862091930697655 	 0.021014405431131162 	 0.02055662247574801 	 0.0204844787713501 	 0.020558813430501966 	 0.0014421394893878205 	 
-2.064 	 0.022963835972464822 	 0.022911805446605843 	 0.022974552589167706 	 0.021865076290289456 	 0.02121584803394857 	 0.021142702339555737 	 0.02121871380668215 	 0.0015094899049592375 	 
-2.04 	 0.023977947438046078 	 0.023923865196548995 	 0.02398918830685392 	 0.022857272617591705 	 0.02217362208848234 	 0.022097441581783176 	 0.02217656698299966 	 0.0015888178480142488 	 
-2.016 	 0.025118415974700173 	 0.02506192044180641 	 0.025130181360848398 	 0.02393738285480046 	 0.023188736199149754 	 0.023109611552561315 	 0.023191906651484635 	 0.0016713983998961398 	 
-1.992 	 0.026355385067941287 	 0.02629627114927926 	 0.026367724679635204 	 0.02511304604927657 	 0.024299125689310374 	 0.02421651856807592 	 0.024302325339690484 	 0.0017708318313673648 	 
-1.968 	 0.025637719547157413 	 0.025583357229618475 	 0.025650613539897033 	 0.024910814804858978 	 0.024725434139318204 	 0.024644405357431575 	 0.024730781550547132 	 0.0018127273227800012 	 
-1.944 	 0.026714490074282227 	 0.02665699829155871 	 0.026727349993141327 	 0.02565347330870583 	 0.025139917381195438 	 0.02505962769035217 	 0.025145915843005476 	 0.0018934067978295269 	 
-1.92 	 0.028650661496675302 	 0.028588147093380124 	 0.02866409041823275 	 0.027311817788751244 	 0.02640003555907424 	 0.026315368915690043 	 0.02640512959002479 	 0.00202586352081138 	 
-1.896 	 0.02785985346375528 	 0.027802983012124693 	 0.02787408610784849 	 0.027183434851272722 	 0.027031293358521127 	 0.026947305671223158 	 0.027038476318118256 	 0.002068523898441547 	 
-1.8719999999999999 	 0.02915924526184705 	 0.02909874244722226 	 0.029173453528633344 	 0.028090233391410348 	 0.02754111370099736 	 0.027457797804592208 	 0.02754877077479182 	 0.0021867829486338073 	 
-1.8479999999999999 	 0.030207363931790396 	 0.030145443484821025 	 0.030222210282318165 	 0.02916179089770604 	 0.028572455461725616 	 0.028486877445890717 	 0.028580285481532432 	 0.002299385002961314 	 
-1.824 	 0.027961359673158902 	 0.027910143419989302 	 0.027976679508149083 	 0.02784448864278234 	 0.028351600824823082 	 0.028272649438577734 	 0.028363233166306203 	 0.0023170559636581153 	 
-1.8 	 0.027306263607010994 	 0.02725727582008631 	 0.027320949865036956 	 0.02705753618892481 	 0.027486434137110737 	 0.02741554691491479 	 0.027500174032388674 	 0.0023488017574553664 	 
-1.776 	 0.02909893772700694 	 0.029044102872779504 	 0.029113534700790495 	 0.028265424728359377 	 0.027893744845102035 	 0.027822105509012103 	 0.027906051879132632 	 0.002476759578088835 	 
-1.752 	 0.02587266978543192 	 0.025831991171761232 	 0.025887836355637305 	 0.026305575851000608 	 0.02732023738499735 	 0.027255385424470615 	 0.027335870930714563 	 0.0024513518619378046 	 
-1.728 	 0.025987002497489302 	 0.02594462552491463 	 0.026001166691170984 	 0.025859649299896502 	 0.02630033241501079 	 0.026242347537319608 	 0.026316542705576363 	 0.0024900359279856196 	 
-1.704 	 0.02533689768107572 	 0.025297808344559636 	 0.025351082849714806 	 0.02541189740323837 	 0.025939327930098455 	 0.025884675345452482 	 0.025955777542306425 	 0.0025362504014858765 	 
-1.68 	 0.02339069157603807 	 0.023358594935084395 	 0.023404571920400186 	 0.02388654277108115 	 0.024877492813061283 	 0.024829311806216725 	 0.024895394428362704 	 0.0025039745390504375 	 
-1.656 	 0.021257670179614604 	 0.021232249498988973 	 0.021270768972302272 	 0.02198103103901768 	 0.02322963145422828 	 0.02319061175352689 	 0.023249023171922577 	 0.002465528154001333 	 
-1.632 	 0.01994824292433841 	 0.0199256587981499 	 0.019960432285544005 	 0.02058200062912909 	 0.02166859090395072 	 0.021636216102690373 	 0.021687933932995954 	 0.0024188249764099316 	 
-1.6079999999999999 	 0.01859882721986626 	 0.018579952347048803 	 0.01861038544817508 	 0.01929817102527712 	 0.020356027607520696 	 0.020328972883677764 	 0.020375004664637923 	 0.0023903586979455937 	 
-1.584 	 0.0156099265855717 	 0.01560007630686616 	 0.015620723074764442 	 0.01679918461521228 	 0.018380318100738473 	 0.01836149953341065 	 0.018400195079993485 	 0.002275474892132977 	 
-1.56 	 0.014498582000397844 	 0.014489893933543874 	 0.0145081420918736 	 0.015363259976117233 	 0.016544028920878036 	 0.016531863982923976 	 0.016563157211024318 	 0.002216881332099086 	 
-1.536 	 0.012322405529104878 	 0.01231967205130395 	 0.012331254366226868 	 0.013459827114007677 	 0.014847076078467327 	 0.014840559322246798 	 0.014865784868470731 	 0.0021313522969975763 	 
-1.512 	 0.010120048636362752 	 0.01012246058960985 	 0.010127824881754377 	 0.011350457297814413 	 0.012818627303166115 	 0.012819075124199227 	 0.012837079464278128 	 0.002029211469762882 	 
-1.488 	 0.009157686182652221 	 0.009160855566483064 	 0.009164429630192863 	 0.010123360605948718 	 0.011205255897376837 	 0.011209906339966508 	 0.01122205293588376 	 0.001967514101084597 	 
-1.464 	 0.006997788622258886 	 0.007006523678442512 	 0.00700383990329893 	 0.008238398256113923 	 0.009558670614809238 	 0.009567642593396028 	 0.009574775641203162 	 0.001855036973811903 	 
-1.44 	 0.006115721536877952 	 0.006125075705233106 	 0.006120768823783289 	 0.007091108483822289 	 0.00806536381324478 	 0.008078224610794441 	 0.008079944509058287 	 0.0018230933644719578 	 
-1.416 	 0.003924849752144343 	 0.003939922113330012 	 0.003929233326896502 	 0.005204106754420528 	 0.006474714006041869 	 0.006491767368418089 	 0.006488768800209561 	 0.001716412107762862 	 
-1.392 	 0.0035991295340971363 	 0.0036126861589595542 	 0.0036025347224163794 	 0.004457349903223041 	 0.0052225309180366055 	 0.005241957878741262 	 0.005234805051627009 	 0.0016795154297609262 	 
-1.3679999999999999 	 0.0023527477434121618 	 0.0023694047102131317 	 0.0023557344075735755 	 0.003369095479131203 	 0.004238751386837055 	 0.004259657901649422 	 0.00424982566960694 	 0.001651752496426179 	 
-1.3439999999999999 	 0.0017500565821440407 	 0.0017670296132854518 	 0.0017524009499448989 	 0.0026126054598863213 	 0.0032969706821406974 	 0.0033194554478888027 	 0.003306881850600923 	 0.0016242069446267338 	 
-1.32 	 0.0013448696212402494 	 0.0013620495950735318 	 0.0013467925970768117 	 0.002114493279200817 	 0.0026505898752346834 	 0.002673344047057253 	 0.0026591213992877795 	 0.001628222940442063 	 
-1.296 	 0.0010047147789318857 	 0.0010218451597084558 	 0.0010063186295274044 	 0.0017079369131210449 	 0.0021508140003935906 	 0.0021730281743063593 	 0.0021582824730669 	 0.0015837910231345797 	 
-1.272 	 6.663993040763462E-4 	 6.840906977041452E-4 	 6.67727922087486E-4 	 0.001340827697521745 	 0.0017308280681772442 	 0.0017532601771990805 	 0.0017374980824321662 	 0.0016083596890309195 	 
-1.248 	 6.780328169638526E-4 	 6.94822959758544E-4 	 6.79092343066041E-4 	 0.001225949328981249 	 0.0014659974456839786 	 0.0014875597739701476 	 0.0014716587091529424 	 0.0016332839227773074 	 
-1.224 	 5.97859779055644E-4 	 6.147507271871203E-4 	 5.988010841883369E-4 	 0.0011268271680980678 	 0.001322837827309885 	 0.00134368739264859 	 0.0013278293491419703 	 0.0016690053061481718 	 
-1.2 	 3.2609001166824755E-4 	 3.4354394319563707E-4 	 3.268712378562409E-4 	 8.754443435802018E-4 	 0.0011028410723951981 	 0.0011234134436949664 	 0.0011075185002659385 	 0.0016893076389937784 	 
-1.176 	 4.3466113231571305E-4 	 4.5143432087099374E-4 	 4.352396879219455E-4 	 8.75191761852394E-4 	 9.748610949406634E-4 	 9.950047436149674E-4 	 9.790116832187115E-4 	 0.0017448243135203766 	 
-1.152 	 3.717181165949943E-4 	 3.886809477081155E-4 	 3.722157968592043E-4 	 8.189712962755731E-4 	 9.151831358612001E-4 	 9.346498728824155E-4 	 9.189724315392148E-4 	 0.0017943381086170376 	 
-1.128 	 2.5971006157969676E-4 	 2.7690710041394475E-4 	 2.600622390191106E-4 	 7.012138742325353E-4 	 7.958335748808134E-4 	 8.150135016642731E-4 	 7.994060710835814E-4 	 0.0018479781373634738 	 
-1.1039999999999999 	 1.793805103603676E-4 	 1.9696442729795642E-4 	 1.7957294889801327E-4 	 6.050882834183131E-4 	 6.799726292194733E-4 	 6.992623142527503E-4 	 6.833936027610857E-4 	 0.001932142985585218 	 
-1.08 	 2.2656245493424273E-4 	 2.439320135964042E-4 	 2.2661244321199662E-4 	 6.060225157320553E-4 	 6.258548820279959E-4 	 6.448278101820691E-4 	 6.290081308108958E-4 	 0.0020058638325013427 	 
-1.056 	 1.1593952316765171E-4 	 1.3397018070436723E-4 	 1.1586757867907522E-4 	 5.177985489189332E-4 	 5.584779558032108E-4 	 5.774198925087897E-4 	 5.615251750583914E-4 	 0.0021066801021740016 	 
-1.032 	 1.9466518821629133E-4 	 2.1247955042774744E-4 	 1.9444173081231244E-4 	 5.412869838833128E-4 	 5.223164280911538E-4 	 5.409994346069875E-4 	 5.251509472356169E-4 	 0.002193634312406381 	 
-1.008 	 1.795840481561763E-4 	 1.9762881392007466E-4 	 1.7924985918286125E-4 	 5.271618205103723E-4 	 5.076754481243098E-4 	 5.258766067750318E-4 	 5.103731894474018E-4 	 0.0022815866032721206 	 
-0.984 	 1.1637761748632623E-4 	 1.3507219005798386E-4 	 1.158905200247071E-4 	 4.712019757281854E-4 	 4.626942588695982E-4 	 4.8109884585424413E-4 	 4.6536540090901353E-4 	 0.00242428632423862 	 
-0.96 	 1.0014688427454039E-4 	 1.1911120014575204E-4 	 9.94866894627048E-5 	 4.359557130854208E-4 	 4.1179817124412967E-4 	 4.3018960353701625E-4 	 4.143785075487566E-4 	 0.0025506479657323024 	 
-0.9359999999999999 	 1.0040376848756553E-4 	 1.1957739889952306E-4 	 9.95677753336265E-5 	 4.193543268906678E-4 	 3.8194390648970674E-4 	 4.00158931930754E-4 	 3.8439125893658077E-4 	 0.0026927342266267066 	 
-0.9119999999999999 	 1.0115638399809923E-4 	 1.2080126321815159E-4 	 1.0012477527252931E-4 	 4.109445415979972E-4 	 3.6846143311203164E-4 	 3.8672466837418485E-4 	 3.708021216454697E-4 	 0.0028869098715250106 	 
-0.8879999999999999 	 3.7963670299857044E-5 	 5.813093628846384E-5 	 3.674582921710814E-5 	 3.543772912255692E-4 	 3.2937557003474984E-4 	 3.476450030189644E-4 	 3.316888068360084E-4 	 0.00304752040027584 	 
-0.8639999999999999 	 6.993993650635107E-5 	 9.048621536824976E-5 	 6.847161389496571E-5 	 3.578801356197977E-4 	 3.0840894056287935E-4 	 3.267718519779887E-4 	 3.1062673007773697E-4 	 0.0032774518122730733 	 
-0.8399999999999999 	 7.07934665826751E-5 	 9.170458680186802E-5 	 6.911988792770619E-5 	 3.539020906461849E-4 	 3.0483775596431726E-4 	 3.230629735834213E-4 	 3.06964211628281E-4 	 0.0034794936827154677 	 
-0.8159999999999998 	 8.727780923419132E-5 	 1.0855547182026479E-4 	 8.536746784209007E-5 	 3.571696597000887E-4 	 3.0278603087394103E-4 	 3.208966652490984E-4 	 3.0484864181092085E-4 	 0.0037093877214983573 	 
-0.7919999999999998 	 8.85031007666428E-5 	 1.104009225936517E-4 	 8.631305814287768E-5 	 3.5371194488513193E-4 	 3.018945253890884E-4 	 3.201254708983662E-4 	 3.0388237414100296E-4 	 0.004012903536777281 	 
-0.7679999999999998 	 2.5889134964461366E-5 	 4.854204831087211E-5 	 2.3422233599409046E-5 	 3.0310471914348137E-4 	 2.7380282134236735E-4 	 2.923129055563323E-4 	 2.758049115301074E-4 	 0.004309294844873108 	 
-0.7439999999999998 	 4.2440085599294966E-5 	 6.567262787004697E-5 	 3.959910821289412E-5 	 2.9656112469776067E-4 	 2.511554430363842E-4 	 2.699117982226296E-4 	 2.5309096534181135E-4 	 0.004692515901767017 	 
-0.7199999999999998 	 2.764572355387385E-5 	 5.128893767158494E-5 	 2.451738044731923E-5 	 2.79877059694296E-4 	 2.3873703320463922E-4 	 2.5752394028702474E-4 	 2.4059092872180963E-4 	 0.005015479401756328 	 
-0.6959999999999997 	 6.112825431498127E-5 	 8.565674898394355E-5 	 5.757097100011281E-5 	 2.987766403138235E-4 	 2.4292497162043406E-4 	 2.621684472252422E-4 	 2.4470658415839556E-4 	 0.005534485830918357 	 
-0.6720000000000002 	 3.0792036457354536E-5 	 5.5731024924681634E-5 	 2.6892648302886617E-5 	 2.72682586971885E-4 	 2.3250738479437444E-4 	 2.5177228003263775E-4 	 2.3420446560691002E-4 	 0.005950035861870588 	 
-0.6480000000000001 	 8.050181910263127E-5 	 1.0623831606563496E-4 	 7.611424485489393E-5 	 3.0140624270859356E-4 	 2.4020059271964223E-4 	 2.600546921794662E-4 	 2.4176699821280075E-4 	 0.00658521522298253 	 
-0.6240000000000001 	 6.732828081368013E-5 	 9.393794989626533E-5 	 6.245435346818323E-5 	 2.956802199474919E-4 	 2.46725063046109E-4 	 2.670839644814282E-4 	 2.4817178133326577E-4 	 0.007259983581347795 	 
-0.6000000000000001 	 6.982404462925336E-5 	 9.722430788486019E-5 	 6.442501691147718E-5 	 2.916584996995584E-4 	 2.4182265002184843E-4 	 2.628990170217132E-4 	 2.4311105283334435E-4 	 0.008001819583922504 	 
-0.5760000000000001 	 5.774422072979209E-5 	 8.652204210461677E-5 	 5.1665413000329385E-5 	 2.8315586130095514E-4 	 2.3681029319454308E-4 	 2.591495297073995E-4 	 2.3790196534940114E-4 	 0.00899130383586819 	 
-0.552 	 6.022485542880392E-5 	 8.935206520866182E-5 	 5.3609663055817094E-5 	 2.742780264565061E-4 	 2.248883923748811E-4 	 2.478266108375629E-4 	 2.2571935260703242E-4 	 0.009806575080712 	 
-0.528 	 8.04808157489508E-5 	 1.1120398646177183E-4 	 7.305638731212423E-5 	 2.91802868155784E-4 	 2.3398700457250718E-4 	 2.585220222438254E-4 	 2.346177792631086E-4 	 0.011071964632508683 	 
-0.504 	 5.439949406774098E-5 	 8.621611340280889E-5 	 4.6204987703255115E-5 	 2.736284543217145E-4 	 2.284993720904705E-4 	 2.5484896328070207E-4 	 2.2862016395897524E-4 	 0.01236037908699719 	 
-0.48 	 7.725009600567001E-5 	 1.1066851903698358E-4 	 6.805531490957163E-5 	 2.8708920610371973E-4 	 2.297042906633791E-4 	 2.5858700166425994E-4 	 2.292147285780882E-4 	 0.014001069297495759 	 
-0.45599999999999996 	 8.587647989143688E-5 	 1.2067301883329247E-4 	 7.569819031252359E-5 	 2.964914441368797E-4 	 2.388165890237345E-4 	 2.7052384926381677E-4 	 2.3745445138361336E-4 	 0.01571180368511024 	 
-0.43199999999999994 	 1.1170830089184933E-4 	 1.4796688469834534E-4 	 1.0046573190383837E-4 	 3.1807476749203944E-4 	 2.5353642924552124E-4 	 2.8863155821900327E-4 	 2.511010944101791E-4 	 0.017599386539080577 	 
-0.4079999999999999 	 1.0815199450620013E-4 	 1.4632266063175747E-4 	 9.569190596876453E-5 	 3.229601088590055E-4 	 2.6457163173910787E-4 	 3.038576945881197E-4 	 2.608481634777389E-4 	 0.019758149286094893 	 
-0.3839999999999999 	 1.0429278582477954E-4 	 1.43833352517482E-4 	 9.069549285424943E-5 	 3.1914176125348554E-4 	 2.630838955023864E-4 	 3.0663872319542447E-4 	 2.579492930939517E-4 	 0.021867678721090283 	 
-0.3599999999999999 	 1.2149256014868585E-4 	 1.6311880144803494E-4 	 1.0646051956684374E-4 	 3.3567263305903235E-4 	 2.7317741457817316E-4 	 3.22616178752787E-4 	 2.660163331194479E-4 	 0.024445544877210228 	 
-0.33599999999999985 	 1.3908930835914704E-4 	 1.8213993339275626E-4 	 1.228003327281386E-4 	 3.518646629561394E-4 	 2.8669730209659414E-4 	 3.4199282524933594E-4 	 2.77258543730934E-4 	 0.026828638327960837 	 
-0.31199999999999983 	 1.6053010192239607E-4 	 2.0530408156158044E-4 	 1.428664964860765E-4 	 3.7514971820752776E-4 	 3.067760748207045E-4 	 3.6900090950095743E-4 	 2.9452320260188095E-4 	 0.029378737841476953 	 
-0.2879999999999998 	 1.7814901416494556E-4 	 2.2388480564449297E-4 	 1.5941962942152935E-4 	 3.901133633386127E-4 	 3.2029311085499703E-4 	 3.8818515082105615E-4 	 3.0562533428204894E-4 	 0.03143622001716572 	 
-0.2639999999999998 	 1.9682503398149232E-4 	 2.4354918745370902E-4 	 1.770433928566104E-4 	 4.074988592436782E-4 	 3.3637178736631025E-4 	 4.102512965258147E-4 	 3.1912857291393625E-4 	 0.03347086001494229 	 
-0.23999999999999977 	 2.1611769301554487E-4 	 2.6349039261609915E-4 	 1.9545080738416417E-4 	 4.244891608305101E-4 	 3.523567497391561E-4 	 4.321378809818877E-4 	 3.323366799985044E-4 	 0.035197262922518326 	 
-0.21599999999999975 	 2.3232771640731506E-4 	 2.7972723684902543E-4 	 2.110591005751605E-4 	 4.354873776079815E-4 	 3.637057714162299E-4 	 4.483959602233835E-4 	 3.411782690644566E-4 	 0.03645453307306857 	 
-0.19199999999999973 	 2.677338567114627E-4 	 3.151189438838939E-4 	 2.4591531762751146E-4 	 4.6446222586139546E-4 	 3.8626768073464376E-4 	 4.763304664273707E-4 	 3.6064417662279286E-4 	 0.0375214754420386 	 
-0.16800000000000015 	 2.5577103587857275E-4 	 3.01743973505395E-4 	 2.3423387008385843E-4 	 4.5014008481589955E-4 	 3.8289841014673196E-4 	 4.736902184647527E-4 	 3.5628111805459E-4 	 0.03719628494954542 	 
-0.14400000000000013 	 2.620410242361971E-4 	 3.0663622514149735E-4 	 2.4077800878593574E-4 	 4.4672245126812056E-4 	 3.7871762017894134E-4 	 4.7068868090117385E-4 	 3.5069034270658763E-4 	 0.036784195198638445 	 
-0.1200000000000001 	 2.57070838919044E-4 	 2.9935405138206906E-4 	 2.3666099786173885E-4 	 4.297666526380818E-4 	 3.6544620997461816E-4 	 4.5520025227152556E-4 	 3.375554807045241E-4 	 0.03539710704450735 	 
-0.09600000000000009 	 2.5593899964016973E-4 	 2.9600186503965487E-4 	 2.3632300822985992E-4 	 4.1855506828628324E-4 	 3.568536455673539E-4 	 4.4524530956411147E-4 	 3.2844568957215786E-4 	 0.03405120755121882 	 
-0.07200000000000006 	 2.473542578414521E-4 	 2.8463264453613437E-4 	 2.2893802603296233E-4 	 3.989036335168436E-4 	 3.4090175490543537E-4 	 4.255426355526797E-4 	 3.1296735759717934E-4 	 0.03196552714658795 	 
-0.04800000000000004 	 2.2923921025074068E-4 	 2.6309859988969794E-4 	 2.1242786388165073E-4 	 3.6698709335819E-4 	 3.1382935139654327E-4 	 3.9192209441933336E-4 	 2.87713159385158E-4 	 0.029182989624498244 	 
-0.02400000000000002 	 2.088036032546547E-4 	 2.390740127813506E-4 	 1.9370842913073448E-4 	 3.31978339255393E-4 	 2.8408995910347303E-4 	 3.5486358813940265E-4 	 2.6012354505683253E-4 	 0.026193248294786198 	 
0.0 	 1.8555353134167547E-4 	 2.1244011176924516E-4 	 1.7215370615629832E-4 	 2.9501444760853413E-4 	 2.52775836604283E-4 	 3.156880221560408E-4 	 2.314635426534349E-4 	 0.02324813190475137 	 
0.02400000000000002 	 1.6709706651337155E-4 	 1.9093660193637173E-4 	 1.551887047655213E-4 	 2.6487877798735614E-4 	 2.2630932979266614E-4 	 2.826396474280347E-4 	 2.0698368167630267E-4 	 0.020633700709380993 	 
0.04800000000000004 	 1.4214023943102778E-4 	 1.6274567715062892E-4 	 1.318882892804548E-4 	 2.2605339287927093E-4 	 1.9343147403934468E-4 	 2.4156727326480218E-4 	 1.7710807086912712E-4 	 0.017771353810779458 	 
0.07200000000000006 	 1.269307490192721E-4 	 1.4518144978564778E-4 	 1.1784427314692307E-4 	 2.0195624765616268E-4 	 1.7244726831027246E-4 	 2.153109781143577E-4 	 1.577989781898683E-4 	 0.015741684238759913 	 
0.09600000000000009 	 1.0992858474040836E-4 	 1.258538029271291E-4 	 1.0202800790338928E-4 	 1.7562782961966838E-4 	 1.496801569673992E-4 	 1.8680406016918105E-4 	 1.3701939677036447E-4 	 0.013671935794094507 	 
0.1200000000000001 	 9.293363149986617E-5 	 1.0667770726252915E-4 	 8.612856016883775E-5 	 1.4919337353255067E-4 	 1.271824585930116E-4 	 1.5876971029902837E-4 	 1.1658036056853107E-4 	 0.011789197264643099 	 
0.14400000000000013 	 8.244631776147217E-5 	 9.462332603077763E-5 	 7.64185678969962E-5 	 1.3244232974519562E-4 	 1.1272737552122876E-4 	 1.4072582917103472E-4 	 1.0331601094183397E-4 	 0.01044400232645237 	 
0.16800000000000015 	 7.157416069891528E-5 	 8.229462914875964E-5 	 6.626994868035705E-5 	 1.1500239646550028E-4 	 9.809094047619519E-5 	 1.2251816907830944E-4 	 8.998188452272101E-5 	 0.009198751174356975 	 
0.19200000000000017 	 6.578013855332925E-5 	 7.547082303684119E-5 	 6.097367711922531E-5 	 1.0546451733497754E-4 	 8.993132493154302E-5 	 1.1228783169658873E-4 	 8.241580577009071E-5 	 0.008334613660512337 	 
0.2160000000000002 	 5.821201785852156E-5 	 6.677767344703071E-5 	 5.395287186372857E-5 	 9.311138082660698E-5 	 7.93098269806409E-5 	 9.90929902946475E-5 	 7.266218105454648E-5 	 0.00738767349907077 	 
0.2400000000000002 	 5.130221856710927E-5 	 5.883690489136417E-5 	 4.7545677095038626E-5 	 8.164743396982615E-5 	 6.961842637875545E-5 	 8.706578122712972E-5 	 6.376491924540403E-5 	 0.00652402849995583 	 
0.26400000000000023 	 4.6452203914481975E-5 	 5.325658146209165E-5 	 4.3063385860155436E-5 	 7.397068457355355E-5 	 6.320047464226168E-5 	 7.899988645628313E-5 	 5.7889167545615546E-5 	 0.0058845982311748965 	 
0.28800000000000026 	 4.264602564902904E-5 	 4.87146978338915E-5 	 3.9602384720828936E-5 	 6.739567057946933E-5 	 5.745880613914791E-5 	 7.183764290170993E-5 	 5.2517322731709526E-5 	 0.005279691154456248 	 
0.3120000000000003 	 3.5992099271747774E-5 	 4.122783513796365E-5 	 3.337700338747764E-5 	 5.7214214087036705E-5 	 4.883627918934971E-5 	 6.105856265138299E-5 	 4.470991829926563E-5 	 0.004543411479586186 	 
0.33599999999999985 	 3.215923278445591E-5 	 3.6782595094108575E-5 	 2.984364698257828E-5 	 5.083913028903549E-5 	 4.3453854591726593E-5 	 5.434279990841443E-5 	 3.975045424061863E-5 	 0.004023548369529154 	 
0.3599999999999999 	 2.8514382540423727E-5 	 3.260254208085497E-5 	 2.64632782157692E-5 	 4.5014370062818123E-5 	 3.85516271101333E-5 	 4.821358411100227E-5 	 3.526072835749411E-5 	 0.003563899482453954 	 
0.3839999999999999 	 2.5829638962284592E-5 	 2.947442764401308E-5 	 2.4000615813394575E-5 	 4.077560984206126E-5 	 3.4741881067366504E-5 	 4.342999664478836E-5 	 3.173854986379982E-5 	 0.003170736788546554 	 
0.4079999999999999 	 2.111562206938438E-5 	 2.4187861594278444E-5 	 1.9576875426423142E-5 	 3.340503832652161E-5 	 2.8524780507889124E-5 	 3.570733821239645E-5 	 2.6111909951967754E-5 	 0.0026766329199516266 	 
0.43199999999999994 	 1.958953403041281E-5 	 2.2361722587555452E-5 	 1.8196901931785005E-5 	 3.0699777542278086E-5 	 2.6290294316933537E-5 	 3.290430404008589E-5 	 2.4022187305441774E-5 	 0.0024195982544303446 	 
0.45599999999999996 	 1.77589808100684E-5 	 2.0220983698768536E-5 	 1.6519987977547205E-5 	 2.78416773273038E-5 	 2.384452653818568E-5 	 2.980590334069205E-5 	 2.1762320432313038E-5 	 0.0021495157927863937 	 
0.48 	 1.5158645697135557E-5 	 1.7273808761859823E-5 	 1.4097949664198997E-5 	 2.3906037482220386E-5 	 2.0314911187820955E-5 	 2.538801258741814E-5 	 1.8540209973443406E-5 	 0.001834669246887779 	 
0.504 	 1.1776941520202577E-5 	 1.351929402146854E-5 	 1.0913041979484722E-5 	 1.8811184333510465E-5 	 1.6066104451538105E-5 	 2.007801586693922E-5 	 1.4726565761739545E-5 	 0.001499074096517821 	 
0.528 	 1.0787902661857346E-5 	 1.2351057414314296E-5 	 1.0007206483967754E-5 	 1.7076031808257675E-5 	 1.463214090317398E-5 	 1.8293683403216903E-5 	 1.3394128038031547E-5 	 0.0013552662539493034 	 
0.552 	 9.996641649371486E-6 	 1.1409001172526134E-5 	 9.29225179213125E-6 	 1.57837077250341E-5 	 1.3461855007878873E-5 	 1.6819820814452908E-5 	 1.2298729507095341E-5 	 0.0012184022640597959 	 
0.5760000000000001 	 8.318072723770305E-6 	 9.516143298063928E-6 	 7.720265898544863E-6 	 1.3182177376655608E-5 	 1.1268697535123875E-5 	 1.4080718865030264E-5 	 1.0310008505412323E-5 	 0.0010353252495743205 	 
0.6000000000000001 	 7.392030298389759E-6 	 8.469077754652458E-6 	 6.8605849345198036E-6 	 1.1830378148948361E-5 	 1.0054969969888698E-5 	 1.2547978316568966E-5 	 9.205749662523093E-6 	 9.170786738090873E-4 	 
0.6240000000000001 	 6.162805189120303E-6 	 7.076862712628887E-6 	 5.711673273249485E-6 	 9.861714164002803E-6 	 8.41471808618689E-6 	 1.0509425092541234E-5 	 7.713397734148961E-6 	 7.806585018465638E-4 	 
0.6480000000000001 	 5.66450292951427E-6 	 6.481799810612717E-6 	 5.259310602227931E-6 	 9.01752401769857E-6 	 7.706228680694071E-6 	 9.61390860110074E-6 	 7.051707480842324E-6 	 6.999693827916473E-4 	 
0.6720000000000002 	 4.80252286947527E-6 	 5.518528460335739E-6 	 4.451167490278056E-6 	 7.765017093779335E-6 	 6.597958066601622E-6 	 8.224896829742261E-6 	 6.0490832388986924E-6 	 6.0573967426074E-4 	 
0.6960000000000002 	 4.035316972401993E-6 	 4.651108202971151E-6 	 3.732962885997259E-6 	 6.570869556477208E-6 	 5.569910503370244E-6 	 6.944086557139398E-6 	 5.114717798800166E-6 	 5.217092424552947E-4 	 
0.7200000000000002 	 3.383496663926111E-6 	 3.934714232170221E-6 	 3.1166103537303107E-6 	 5.593505647982862E-6 	 4.747779298493761E-6 	 5.922133032492687E-6 	 4.379562617342841E-6 	 4.6126280412814297E-4 	 
0.7440000000000002 	 3.322144149469822E-6 	 3.819615828757692E-6 	 3.0734481085355494E-6 	 5.268411956704779E-6 	 4.485996761843555E-6 	 5.62032101166629E-6 	 4.111028737288222E-6 	 4.320399156133953E-4 	 
0.7680000000000002 	 3.1617879334676898E-6 	 3.633862438863001E-6 	 2.929026190875285E-6 	 5.076831141824971E-6 	 4.344776727298749E-6 	 5.4205383867829474E-6 	 3.985008060498331E-6 	 4.0286877036994207E-4 	 
0.7920000000000003 	 2.8904573674707328E-6 	 3.312075804585499E-6 	 2.6798194649914652E-6 	 4.615674843712749E-6 	 3.914685508612389E-6 	 4.89184474683941E-6 	 3.5812940709642833E-6 	 3.643182203027912E-4 	 
0.8160000000000003 	 2.3585121755883298E-6 	 2.7158572453369153E-6 	 2.1806933261153137E-6 	 3.8035265712840923E-6 	 3.200452305393807E-6 	 4.004722933694146E-6 	 2.934599599264579E-6 	 3.081899315602462E-4 	 
0.8399999999999999 	 1.916418390957546E-6 	 2.228957162189175E-6 	 1.7619852726731894E-6 	 3.099682178491888E-6 	 2.651499595255592E-6 	 3.324938958145261E-6 	 2.4453432109206053E-6 	 2.697597837925642E-4 	 
0.8639999999999999 	 2.1985845732615844E-6 	 2.5040463214663826E-6 	 2.0413410236129314E-6 	 3.378795058430112E-6 	 2.9056330060276855E-6 	 3.6493122247249033E-6 	 2.6494332876171356E-6 	 2.748164975171415E-4 	 
0.8879999999999999 	 2.08422224682203E-6 	 2.3664154418130363E-6 	 1.9401587433195076E-6 	 3.2306708854388588E-6 	 2.759670155414763E-6 	 3.4543981348882594E-6 	 2.5128477937691224E-6 	 2.497689577796727E-4 	 
0.9119999999999999 	 1.5950261024403388E-6 	 1.8234251117829525E-6 	 1.4782256678542172E-6 	 2.4985791337746863E-6 	 2.1314578121109555E-6 	 2.6746743530172134E-6 	 1.9478571692427723E-6 	 2.0405090463082378E-4 	 
0.9359999999999999 	 1.438004952737274E-6 	 1.644500910364858E-6 	 1.3331216222616454E-6 	 2.2350072182666925E-6 	 1.9055814054914636E-6 	 2.3930790250125196E-6 	 1.7415286916243208E-6 	 1.8259259145301634E-4 	 
0.96 	 1.2889846779895345E-6 	 1.466367131024303E-6 	 1.1967703312870935E-6 	 1.939940571566226E-6 	 1.6910711203717766E-6 	 2.1304712819111217E-6 	 1.5418399186801954E-6 	 1.6214084539199668E-4 	 
0.984 	 1.4666382488057785E-6 	 1.646133932888009E-6 	 1.3726015056336252E-6 	 2.2053265482409195E-6 	 1.8897913413952708E-6 	 2.368657752555395E-6 	 1.7097221237058624E-6 	 1.6308458979035804E-4 	 
1.008 	 1.0186838176802233E-6 	 1.148346148020243E-6 	 9.509336030187769E-7 	 1.5320439452250437E-6 	 1.3094084322697698E-6 	 1.644038977535631E-6 	 1.1867630200169645E-6 	 1.1754678090128141E-4 	 
1.032 	 7.315806925605375E-7 	 8.358989812050383E-7 	 6.782930015974954E-7 	 1.1355619126390386E-6 	 9.847871644174823E-7 	 1.2356682229255065E-6 	 9.00567409481282E-7 	 9.339488862416154E-5 	 
1.056 	 7.974214002355266E-7 	 8.988028950013262E-7 	 7.45011615842288E-7 	 1.2135858639670262E-6 	 1.0282526145848604E-6 	 1.2881914695072002E-6 	 9.320107034442833E-7 	 9.036387708802417E-5 	 
1.08 	 4.807931677098909E-7 	 5.505807658743171E-7 	 4.4512854321051206E-7 	 7.361611490140504E-7 	 6.436718832524454E-7 	 8.098142315792808E-7 	 5.891893284992272E-7 	 6.277583492778658E-5 	 
1.104 	 5.936059985742706E-7 	 6.669808035393457E-7 	 5.554023402137645E-7 	 8.970178756779058E-7 	 7.671679031405414E-7 	 9.606628541879781E-7 	 6.944849597352912E-7 	 6.600144417282018E-5 	 
1.1280000000000001 	 4.075890854906061E-7 	 4.6120056286541547E-7 	 3.7975613037255987E-7 	 6.244605262665613E-7 	 5.270736570672521E-7 	 6.618735091034225E-7 	 4.783099129464954E-7 	 4.827792121381089E-5 	 
1.1520000000000001 	 2.8576300092583974E-7 	 3.3089771085547864E-7 	 2.6355254818739564E-7 	 4.6454132780273265E-7 	 3.915975198947357E-7 	 4.905209492817293E-7 	 3.6028787235892753E-7 	 3.8592139639133636E-5 	 
1.1760000000000002 	 2.750953571814484E-7 	 3.1355740898462247E-7 	 2.551508397683967E-7 	 4.135199754190523E-7 	 3.573390030605117E-7 	 4.508299540927959E-7 	 3.2568254916044643E-7 	 3.5039469337632216E-5 	 
1.2000000000000002 	 2.9405730638981017E-7 	 3.329291468461296E-7 	 2.740539012666229E-7 	 4.512121267114405E-7 	 3.9136552213589463E-7 	 4.897406873968636E-7 	 3.561259470324433E-7 	 3.4911981223955744E-5 	 
1.2240000000000002 	 2.621723104070479E-7 	 2.9411263109673433E-7 	 2.4562873908730685E-7 	 4.0159348108606047E-7 	 3.442809023022954E-7 	 4.2870285245120406E-7 	 3.1174612604999077E-7 	 2.8469310795447248E-5 	 
1.2480000000000002 	 1.1505225892957518E-7 	 1.355448625990582E-7 	 1.0474028067078101E-7 	 1.9247200522726682E-7 	 1.6826316075489175E-7 	 2.1101279938846286E-7 	 1.5638485562160115E-7 	 1.8240948839859843E-5 	 
1.2720000000000002 	 1.6894180931802958E-7 	 1.9152156982070545E-7 	 1.5715999617408906E-7 	 2.5673739261713976E-7 	 2.1353203960039036E-7 	 2.692750712700431E-7 	 1.9399064908349723E-7 	 2.0439675461037802E-5 	 
1.2960000000000003 	 9.735071887226514E-8 	 1.1481289075504669E-7 	 8.834764516515304E-8 	 1.4173081304304656E-7 	 1.3076027181278448E-7 	 1.6799421255951856E-7 	 1.2155174257797467E-7 	 1.625074249369078E-5 	 
1.3200000000000003 	 2.573010668647451E-7 	 2.8463569782315625E-7 	 2.427389890675487E-7 	 3.7330105841470263E-7 	 3.187881771627574E-7 	 3.9977436385801683E-7 	 2.85733918223131E-7 	 2.5021601523079058E-5 	 
1.3440000000000003 	 1.4235700579891772E-7 	 1.5702830788324021E-7 	 1.343447906133692E-7 	 2.0596143043121087E-7 	 1.7637180672400189E-7 	 2.2111459825988909E-7 	 1.5773722493731424E-7 	 1.387370061828801E-5 	 
1.3680000000000003 	 7.106122567302722E-8 	 8.02606577069144E-8 	 6.645814445871958E-8 	 1.154340248576805E-7 	 9.489920527891347E-8 	 1.1770924278777805E-7 	 8.605627483254536E-8 	 7.831320613257504E-6 	 
1.3920000000000003 	 1.044796646686481E-8 	 1.482559482246536E-8 	 8.546481229601904E-9 	 2.7930389868737178E-8 	 2.255420646673498E-8 	 2.7774838805423016E-8 	 2.2235688939850223E-8 	 3.334145541804019E-6 	 
1.4160000000000004 	 1.8501753842036313E-8 	 2.4004035433060502E-8 	 1.5822301764290905E-8 	 3.6575218024713965E-8 	 3.158231834422201E-8 	 4.004430558692188E-8 	 3.054452636783117E-8 	 4.805614682221676E-6 	 
1.4400000000000004 	 5.051829588334366E-8 	 5.776569824866946E-8 	 4.6742663516214706E-8 	 7.47300748540813E-8 	 6.314052780855562E-8 	 8.046758377418671E-8 	 5.76156098673669E-8 	 6.672814029141446E-6 	 
1.4640000000000004 	 5.433162756353277E-8 	 6.15049681091102E-8 	 5.0475678055417565E-8 	 7.521057895636232E-8 	 7.085556223328568E-8 	 8.982646112668761E-8 	 6.461100871332635E-8 	 6.9115851396331194E-6 	 
1.4880000000000004 	 1.024557528356281E-7 	 1.1245326361721455E-7 	 9.707629486596074E-8 	 1.4898929009139465E-7 	 1.2858974986144302E-7 	 1.6006645226590148E-7 	 1.149696504547124E-7 	 9.117499818049554E-6 	 
1.5120000000000005 	 3.337025154543518E-8 	 3.65546697615248E-8 	 3.1570193413797687E-8 	 4.891275270808962E-8 	 4.070148106890245E-8 	 5.098730285218869E-8 	 3.6255237342194755E-8 	 3.090556353332943E-6 	 
1.5360000000000005 	 5.113488993599895E-9 	 6.9835207378240785E-9 	 4.367947394887084E-9 	 1.1817735349818796E-8 	 9.812164764923132E-9 	 1.1877429043304356E-8 	 9.678347717601527E-9 	 1.2186981086427955E-6 	 
1.5600000000000005 	 8.12621552887631E-9 	 1.0315164887158479E-8 	 7.147765875727574E-9 	 1.455306391272077E-8 	 1.3777959024740484E-8 	 1.7228310092323382E-8 	 1.3231198575020302E-8 	 1.7063218697980127E-6 	 
1.5840000000000005 	 3.223629853114041E-8 	 3.5201794745028866E-8 	 3.060985087886433E-8 	 4.6753963961409435E-8 	 3.863295154426173E-8 	 4.827403320954677E-8 	 3.4278400102782716E-8 	 2.729965165590535E-6 	 
1.6080000000000005 	 2.006468428615553E-9 	 3.101848603621485E-9 	 1.5917861547618277E-9 	 6.678844234898636E-9 	 4.645866786729743E-9 	 5.564171987157032E-9 	 4.650090803034327E-9 	 6.77103180638007E-7 	 
1.6319999999999997 	 1.8785487223679252E-9 	 2.9201152034957937E-9 	 1.466988730671939E-9 	 6.550604878920177E-9 	 4.31972645714395E-9 	 5.268581447684201E-9 	 4.3131681797569475E-9 	 7.02683870902872E-7 	 
1.6559999999999997 	 1.8911826419350594E-9 	 2.85802400627004E-9 	 1.4700594084822376E-9 	 5.659058004495796E-9 	 4.547955162594942E-9 	 5.522876003840485E-9 	 4.519928573959748E-9 	 7.167995919725111E-7 	 
1.6799999999999997 	 3.0638332978680966E-9 	 4.316071121814584E-9 	 2.472202360825449E-9 	 8.331587924165096E-9 	 6.024335670139434E-9 	 7.607967481227735E-9 	 5.921660231912816E-9 	 1.0736605591431504E-6 	 
1.7039999999999997 	 3.980980100697055E-9 	 5.090561293855902E-9 	 3.4259744184043717E-9 	 6.715752859255916E-9 	 5.312010005786532E-9 	 6.998584981537506E-9 	 5.122139294969229E-9 	 1.0149959552965779E-6 	 
1.7279999999999998 	 6.926966509473145E-9 	 8.360020643945581E-9 	 6.152843854708854E-9 	 9.344057954609304E-9 	 1.0842943451032911E-8 	 1.3914489478055354E-8 	 1.0240680473188313E-8 	 1.4524716824311305E-6 	 
1.7519999999999998 	 3.337025154543518E-8 	 3.65546697615248E-8 	 3.1570193413797687E-8 	 4.891275270808962E-8 	 4.070148106890245E-8 	 5.098730285218869E-8 	 3.6255237342194755E-8 	 3.090556353332943E-6 	 
1.7759999999999998 	 3.0785128752425563E-9 	 3.718711399986733E-9 	 2.7290672219743275E-9 	 3.7411289576839065E-9 	 2.9932835272735834E-9 	 4.185846322789196E-9 	 2.8197912607669044E-9 	 6.439651077732665E-7 	 
1.7999999999999998 	 6.084393223304013E-9 	 7.082461955339835E-9 	 5.5153300216525976E-9 	 6.8003009007487925E-9 	 8.191803509942964E-9 	 1.074850741522967E-8 	 7.615676870816194E-9 	 1.0845806461965037E-6 	 
1.8239999999999998 	 3.1187689175374484E-8 	 3.3621329427364574E-8 	 2.977730530343835E-8 	 4.363866301077415E-8 	 3.673613632275673E-8 	 4.591713926853197E-8 	 3.238347513119509E-8 	 2.381056609852651E-6 	 
1.8479999999999999 	 0.0 	 0.0 	 0.0 	 0.0 	 0.0 	 0.0 	 0.0 	 0.0 	 
1.8719999999999999 	 0.0 	 0.0 	 0.0 	 0.0 	 0.0 	 0.0 	 0.0 	 0.0 	 
1.896 	 0.0 	 0.0 	 0.0 	 0.0 	 0.0 	 0.0 	 0.0 	 0.0 	 
1.92 	 0.0 	 0.0 	 0.0 	 0.0 	 0.0 	 0.0 	 0.0 	 0.0 	 
1.944 	 0.0 	 0.0 	 0.0 	 0.0 	 0.0 	 0.0 	 0.0 	 0.0 	 
1.968 	 0.0 	 0.0 	 0.0 	 0.0 	 0.0 	 0.0 	 0.0 	 0.0 	 
1.992 	 0.0 	 0.0 	 0.0 	 0.0 	 0.0 	 0.0 	 0.0 	 0.0 	 
2.016 	 0.0 	 0.0 	 0.0 	 0.0 	 0.0 	 0.0 	 0.0 	 0.0 	 
2.04 	 0.0 	 0.0 	 0.0 	 0.0 	 0.0 	 0.0 	 0.0 	 0.0 	 
2.064 	 0.0 	 0.0 	 0.0 	 0.0 	 0.0 	 0.0 	 0.0 	 0.0 	 
2.088 	 0.0 	 0.0 	 0.0 	 0.0 	 0.0 	 0.0 	 0.0 	 0.0 	 
2.112 	 0.0 	 0.0 	 0.0 	 0.0 	 0.0 	 0.0 	 0.0 	 0.0 	 
2.136 	 0.0 	 0.0 	 0.0 	 0.0 	 0.0 	 0.0 	 0.0 	 0.0 	 
2.16 	 0.0 	 0.0 	 0.0 	 0.0 	 0.0 	 0.0 	 0.0 	 0.0 	 
2.184 	 0.0 	 0.0 	 0.0 	 0.0 	 0.0 	 0.0 	 0.0 	 0.0 	 
2.208 	 0.0 	 0.0 	 0.0 	 0.0 	 0.0 	 0.0 	 0.0 	 0.0 	 
2.232 	 0.0 	 0.0 	 0.0 	 0.0 	 0.0 	 0.0 	 0.0 	 0.0 	 
2.2560000000000002 	 0.0 	 0.0 	 0.0 	 0.0 	 0.0 	 0.0 	 0.0 	 0.0 	 
2.2800000000000002 	 0.0 	 0.0 	 0.0 	 0.0 	 0.0 	 0.0 	 0.0 	 0.0 	 
2.3040000000000003 	 0.0 	 0.0 	 0.0 	 0.0 	 0.0 	 0.0 	 0.0 	 0.0 	 
2.3280000000000003 	 0.0 	 0.0 	 0.0 	 0.0 	 0.0 	 0.0 	 0.0 	 0.0 	 
2.3520000000000003 	 0.0 	 0.0 	 0.0 	 0.0 	 0.0 	 0.0 	 0.0 	 0.0 	 
2.3760000000000003 	 0.0 	 0.0 	 0.0 	 0.0 	 0.0 	 0.0 	 0.0 	 0.0 	 
2.4000000000000004 	 0.0 	 0.0 	 0.0 	 0.0 	 0.0 	 0.0 	 0.0 	 0.0 	 
2.4240000000000004 	 0.0 	 0.0 	 0.0 	 0.0 	 0.0 	 0.0 	 0.0 	 0.0 	 
2.4480000000000004 	 0.0 	 0.0 	 0.0 	 0.0 	 0.0 	 0.0 	 0.0 	 0.0 	 
2.4720000000000004 	 0.0 	 0.0 	 0.0 	 0.0 	 0.0 	 0.0 	 0.0 	 0.0 	 
2.4960000000000004 	 0.0 	 0.0 	 0.0 	 0.0 	 0.0 	 0.0 	 0.0 	 0.0 	 
2.5200000000000005 	 0.0 	 0.0 	 0.0 	 0.0 	 0.0 	 0.0 	 0.0 	 0.0 	 
2.5440000000000005 	 0.0 	 0.0 	 0.0 	 0.0 	 0.0 	 0.0 	 0.0 	 0.0 	 
2.5680000000000005 	 0.0 	 0.0 	 0.0 	 0.0 	 0.0 	 0.0 	 0.0 	 0.0 	 
2.5920000000000005 	 0.0 	 0.0 	 0.0 	 0.0 	 0.0 	 0.0 	 0.0 	 0.0 	 
2.6160000000000005 	 0.0 	 0.0 	 0.0 	 0.0 	 0.0 	 0.0 	 0.0 	 0.0 	 
2.6399999999999997 	 0.0 	 0.0 	 0.0 	 0.0 	 0.0 	 0.0 	 0.0 	 0.0 	 
2.6639999999999997 	 0.0 	 0.0 	 0.0 	 0.0 	 0.0 	 0.0 	 0.0 	 0.0 	 
2.6879999999999997 	 0.0 	 0.0 	 0.0 	 0.0 	 0.0 	 0.0 	 0.0 	 0.0 	 
2.7119999999999997 	 0.0 	 0.0 	 0.0 	 0.0 	 0.0 	 0.0 	 0.0 	 0.0 	 
2.7359999999999998 	 0.0 	 0.0 	 0.0 	 0.0 	 0.0 	 0.0 	 0.0 	 0.0 	 
2.76 	 0.0 	 0.0 	 0.0 	 0.0 	 0.0 	 0.0 	 0.0 	 0.0 	 
2.784 	 0.0 	 0.0 	 0.0 	 0.0 	 0.0 	 0.0 	 0.0 	 0.0 	 
2.808 	 0.0 	 0.0 	 0.0 	 0.0 	 0.0 	 0.0 	 0.0 	 0.0 	 
2.832 	 0.0 	 0.0 	 0.0 	 0.0 	 0.0 	 0.0 	 0.0 	 0.0 	 
2.856 	 0.0 	 0.0 	 0.0 	 0.0 	 0.0 	 0.0 	 0.0 	 0.0 	 
2.88 	 0.0 	 0.0 	 0.0 	 0.0 	 0.0 	 0.0 	 0.0 	 0.0 	 
2.904 	 0.0 	 0.0 	 0.0 	 0.0 	 0.0 	 0.0 	 0.0 	 0.0 	 
2.928 	 0.0 	 0.0 	 0.0 	 0.0 	 0.0 	 0.0 	 0.0 	 0.0 	 
2.952 	 0.0 	 0.0 	 0.0 	 0.0 	 0.0 	 0.0 	 0.0 	 0.0 	 
2.976 	 0.0 	 0.0 	 0.0 	 0.0 	 0.0 	 0.0 	 0.0 	 0.0 	 
