-3.0 	 0.0 	 0.0 	 0.0 	 0.0 	 0.0 	 0.0 	 0.0 	 0.0 	 
-2.976 	 0.008272538205954437 	 0.008252175233366337 	 0.0082759608371495 	 0.007632837267883238 	 0.007087735096331782 	 0.007061577252142414 	 0.007087521781482539 	 4.466772853566862E-4 	 
-2.952 	 0.00822221735862257 	 0.008203303814793962 	 0.008226138228839492 	 0.007862534043153025 	 0.007620709218724066 	 0.0075927843799207745 	 0.007620895505235635 	 5.015808988234897E-4 	 
-2.928 	 0.007504723766102859 	 0.007488745655859892 	 0.007508665988799716 	 0.007376197619483811 	 0.007474233313550975 	 0.007448518996273182 	 0.007475879424520828 	 5.241476408041471E-4 	 
-2.904 	 0.010305554589150502 	 0.010279102285030825 	 0.010309394463031751 	 0.00928287964780183 	 0.008339131678314503 	 0.008308206483743209 	 0.008338468817501806 	 5.074098896570339E-4 	 
-2.88 	 0.008306807210478538 	 0.008289889782204936 	 0.008311546289266537 	 0.008360470117840182 	 0.008605222516100125 	 0.008574880831195062 	 0.00860663561737514 	 6.056176958826726E-4 	 
-2.856 	 0.010441980174990964 	 0.010416309403485488 	 0.010446210629923042 	 0.009591640507287641 	 0.008910930979844833 	 0.008879024839105633 	 0.00891125773174139 	 5.740578389428141E-4 	 
-2.832 	 0.011674772565173594 	 0.011646313148756731 	 0.011679785048764175 	 0.010865113719264503 	 0.01012358006282794 	 0.010085439041557367 	 0.010122661610109721 	 6.423724477158612E-4 	 
-2.808 	 0.011097209295569867 	 0.01107230269674275 	 0.011102719787830957 	 0.010728594252302256 	 0.010561633631586858 	 0.010523214585517488 	 0.010562256076020982 	 7.110466402957133E-4 	 
-2.784 	 0.01149133822775388 	 0.011465004075900474 	 0.011496750146529415 	 0.010956367518540205 	 0.010685300373623296 	 0.010647301015977613 	 0.010686504937966567 	 7.162707540022169E-4 	 
-2.76 	 0.01125670650124225 	 0.011231861556639532 	 0.01126229042275796 	 0.010887168782780761 	 0.010814856763637805 	 0.010777624326396522 	 0.01081702761902867 	 7.333348501475384E-4 	 
-2.7359999999999998 	 0.013360151039826426 	 0.013327801301376306 	 0.013365780094694593 	 0.012385515563937724 	 0.011605511152325885 	 0.011564089725059106 	 0.011606137030084536 	 7.41194226579629E-4 	 
-2.7119999999999997 	 0.01414630766577005 	 0.014112927154102636 	 0.01415271930504566 	 0.013349804363007903 	 0.012712447035551598 	 0.012665872420135359 	 0.012712470940321123 	 8.244637960287535E-4 	 
-2.688 	 0.013804113187057074 	 0.01377314921303646 	 0.013810884023007026 	 0.013304878142147434 	 0.013083595022816329 	 0.013037006960319591 	 0.013084968090499818 	 8.865237776518914E-4 	 
-2.664 	 0.016385753893956346 	 0.01634566689612286 	 0.01639259104617293 	 0.015150562717518667 	 0.014109573167098903 	 0.014057906555102523 	 0.014109345578362473 	 8.971927736301097E-4 	 
-2.64 	 0.016171713585536516 	 0.016134798127339697 	 0.01617949511598536 	 0.015501808276552956 	 0.015076800030893452 	 0.01502201838670668 	 0.015077452254860863 	 0.0010015281629142659 	 
-2.616 	 0.017925550380749056 	 0.01788283862089967 	 0.017933450401735638 	 0.01679940700711502 	 0.01593643772566312 	 0.015878391980157232 	 0.015936687409201476 	 0.0010351048289125326 	 
-2.592 	 0.01759232384056104 	 0.017552564482416617 	 0.01760088487771679 	 0.016918084396130174 	 0.016579487985333076 	 0.01651995351952976 	 0.016580894900014555 	 0.001119434248853199 	 
-2.568 	 0.017590449341419526 	 0.01755111735329589 	 0.01759901150774436 	 0.016924347561177035 	 0.016693755688435202 	 0.01663571129018943 	 0.016696555821325683 	 0.0011356978566301836 	 
-2.544 	 0.02043024110701331 	 0.020381063857651524 	 0.020438972533391383 	 0.019003214190244592 	 0.017859107203588357 	 0.017795070724960355 	 0.017859827209337747 	 0.0011505561596918165 	 
-2.52 	 0.019038606276189984 	 0.01899712248101323 	 0.01904833322645966 	 0.01855821832201309 	 0.01848481545742808 	 0.018420145021680715 	 0.01848757982224491 	 0.001267563038051035 	 
-2.496 	 0.022185217761877846 	 0.022132160101512054 	 0.02219473301846825 	 0.02065706744236161 	 0.019477642217433165 	 0.01940854645843564 	 0.019478818162127168 	 0.0012660958155882773 	 
-2.472 	 0.021913206515670806 	 0.021864079510803925 	 0.02192386370997086 	 0.021072601548354497 	 0.02061439289381106 	 0.020541843143902908 	 0.020616599966592764 	 0.0013959267357378648 	 
-2.448 	 0.023028686915708522 	 0.02297637035142539 	 0.02303946764834583 	 0.021925628207737562 	 0.02127547107814901 	 0.021201909989763353 	 0.021278355185078576 	 0.0014421394893878205 	 
-2.424 	 0.02404566227934131 	 0.023991282060878194 	 0.024056970239604538 	 0.022920572267968134 	 0.022235936771720546 	 0.022159322866902045 	 0.02223890068687149 	 0.0015094899049592375 	 
-2.4 	 0.02518935155230577 	 0.025132544317855426 	 0.025201187192359805 	 0.024003673701962575 	 0.023253903664581344 	 0.023174327300589326 	 0.023257094263369964 	 0.0015888178480142488 	 
-2.376 	 0.026429813903927415 	 0.026370373395294695 	 0.026442227214617236 	 0.025182592712231576 	 0.024367413689992106 	 0.024284334078959895 	 0.024370634106880753 	 0.0016713983998961398 	 
-2.352 	 0.025710121662258924 	 0.025655450501724165 	 0.025723089862969485 	 0.024979801419934215 	 0.024794920197580155 	 0.024713419114923096 	 0.024800294618772364 	 0.0017708318313673648 	 
-2.328 	 0.026789933039545914 	 0.026732117057798245 	 0.02680286865666025 	 0.025724516600639635 	 0.025210568264573557 	 0.02512980422913111 	 0.02521659576713194 	 0.0018127273227800012 	 
-2.304 	 0.02873157230029031 	 0.028668707789496053 	 0.028745081380671077 	 0.027387453606991522 	 0.026474227761267295 	 0.02638906201001742 	 0.026479348901328637 	 0.0018934067978295269 	 
-2.2800000000000002 	 0.027938530988621868 	 0.027881331135150643 	 0.027952844897261443 	 0.027258715132997657 	 0.027107259588866065 	 0.027022768430079412 	 0.027114475834961918 	 0.00202586352081138 	 
-2.2560000000000002 	 0.029241592329722496 	 0.029180741988500302 	 0.02925588370675722 	 0.028168024910215618 	 0.027618512682970473 	 0.027534690136602397 	 0.0276262046229084 	 0.002068523898441547 	 
-2.232 	 0.030292670935647734 	 0.03023039260390622 	 0.03030760374368617 	 0.02924254992784311 	 0.028652752830569114 	 0.02856665159435271 	 0.02866061870232102 	 0.0021867829486338073 	 
-2.208 	 0.028040323856292546 	 0.02798879351841175 	 0.028055728177272466 	 0.0279215996098468 	 0.02843127752435575 	 0.02835182366671176 	 0.02844295629831268 	 0.002299385002961314 	 
-2.184 	 0.027383377768316584 	 0.027334086153652785 	 0.027398145756900704 	 0.02713246781394679 	 0.02756367945272796 	 0.027492320928279763 	 0.027577471285199388 	 0.0023170559636581153 	 
-2.16 	 0.029181114483592768 	 0.029125948441079227 	 0.029195795577064414 	 0.028343701412239387 	 0.027972134828813933 	 0.02790001804188332 	 0.02798448996990652 	 0.0023488017574553664 	 
-2.136 	 0.025945735410958504 	 0.025904785088207097 	 0.02596098295653399 	 0.02637842503918579 	 0.027397015636734717 	 0.027331710924426534 	 0.02741270636177925 	 0.002476759578088835 	 
-2.112 	 0.02606039100392435 	 0.026017736842200326 	 0.026074633509203967 	 0.025931263564070814 	 0.02637424442076975 	 0.026315836143868704 	 0.026390513017626793 	 0.0024513518619378046 	 
-2.088 	 0.02540845026120463 	 0.025369096946922992 	 0.025422712842813982 	 0.025482271688392087 	 0.02601222540246115 	 0.02595716233311271 	 0.026028733818736653 	 0.0024900359279856196 	 
-2.064 	 0.023456747979404103 	 0.02342441888170513 	 0.023470702007824293 	 0.023952692824563356 	 0.02494740620286384 	 0.02489884337246159 	 0.02496537018905008 	 0.0025362504014858765 	 
-2.04 	 0.021317702831126505 	 0.021292081456413793 	 0.021330869956695423 	 0.0220419040750514 	 0.023294913847877553 	 0.023255554333087052 	 0.023314371326432645 	 0.0025039745390504375 	 
-2.016 	 0.02000457769224256 	 0.019981808815081888 	 0.020016830887345197 	 0.02063899926871606 	 0.02172948629456439 	 0.02169680578012379 	 0.021748894191290554 	 0.002465528154001333 	 
-1.992 	 0.01865135117491807 	 0.018632310196264767 	 0.018662969465557233 	 0.019351614299076305 	 0.02041323429244069 	 0.020385901780289293 	 0.020432274552629436 	 0.0024188249764099316 	 
-1.968 	 0.01565400974590489 	 0.015644036938614617 	 0.01566485974114207 	 0.01684570733603478 	 0.018431972435591592 	 0.01841291875240176 	 0.018451914190177648 	 0.0023903586979455937 	 
-1.944 	 0.01453952667181726 	 0.014530726098640806 	 0.014549135138367251 	 0.01540580612768135 	 0.016590522719571562 	 0.01657815952283467 	 0.01660971279095542 	 0.002275474892132977 	 
-1.92 	 0.012357204576727062 	 0.012354388584457749 	 0.012366096572786377 	 0.013497102005229307 	 0.01488880091887235 	 0.014882118562457688 	 0.014907569488810024 	 0.002216881332099086 	 
-1.896 	 0.010148628125457134 	 0.010150985434848731 	 0.010156441254107793 	 0.01138189061842902 	 0.012854651579973841 	 0.012854973435765518 	 0.01287316181690371 	 0.0021313522969975763 	 
-1.8719999999999999 	 0.009183547915316873 	 0.009186670632392818 	 0.009190323909938628 	 0.010151395673723947 	 0.011236746105384431 	 0.011241298363690701 	 0.011253595785824223 	 0.002029211469762882 	 
-1.8479999999999999 	 0.007017550703529527 	 0.00702626789002238 	 0.007023629393432945 	 0.008261213214748682 	 0.009585533412829484 	 0.009594435650730116 	 0.009601688338281816 	 0.001967514101084597 	 
-1.824 	 0.006132992619581988 	 0.006142336018081105 	 0.0061380631788689605 	 0.007110746202430143 	 0.008088029960851052 	 0.00810084672831627 	 0.008102655547638539 	 0.001855036973811903 	 
-1.8 	 0.003935933710800969 	 0.0039510247170439095 	 0.003940335454476579 	 0.005218518716144382 	 0.006492909939513381 	 0.0065099467990985 	 0.006507007375783277 	 0.0018230933644719578 	 
-1.776 	 0.003609293643674575 	 0.0036228666197940223 	 0.0036127137565363805 	 0.004469693838354754 	 0.005237207832731036 	 0.005256637365001015 	 0.005249518996673824 	 0.001716412107762862 	 
-1.752 	 0.002359392012712714 	 0.002376081634471694 	 0.002362390582394916 	 0.003378425663422293 	 0.004250663579123108 	 0.004271586572402787 	 0.00426177104307251 	 0.0016795154297609262 	 
-1.728 	 0.0017549988235107694 	 0.0017720090593208579 	 0.001757352393979683 	 0.0026198406630949084 	 0.0033062361816104465 	 0.0033287511922965862 	 0.00331617680568448 	 0.001651752496426179 	 
-1.704 	 0.0013486675957416266 	 0.001365887817367727 	 0.0013505979865746302 	 0.0021203490384392883 	 0.0026580388462602808 	 0.0026808304325098187 	 0.0026665956348621814 	 0.0016242069446267338 	 
-1.68 	 0.001007552140302292 	 0.0010247246942624063 	 0.00100916200300048 	 0.0017126667779336277 	 0.0021568584478277534 	 0.002179113484025492 	 0.0021643489548921094 	 0.001628222940442063 	 
-1.656 	 6.682812467752105E-4 	 6.860184484825872E-4 	 6.696146007250335E-4 	 0.001344540910637243 	 0.0017356922262465877 	 0.0017581699760330892 	 0.0017423818271087531 	 0.0015837910231345797 	 
-1.632 	 6.799476132454066E-4 	 6.967809537877703E-4 	 6.810111321030178E-4 	 0.0012293444043781274 	 0.0014701173484265831 	 0.0014917255100877756 	 0.001475795234803962 	 0.0016083596890309195 	 
-1.6079999999999999 	 5.995481629408851E-4 	 6.164830796322857E-4 	 6.004930086628243E-4 	 0.001129947740135187 	 0.001326555407588623 	 0.0013474502310906503 	 0.0013315616004640613 	 0.0016332839227773074 	 
-1.584 	 3.270109050618597E-4 	 3.445120415868987E-4 	 3.277948190953841E-4 	 8.778687501049767E-4 	 0.001105940394274779 	 0.0011265594308608729 	 0.0011106315037475447 	 0.0016690053061481718 	 
-1.56 	 4.358886356150681E-4 	 4.527064516957442E-4 	 4.364694663904691E-4 	 8.77615468891481E-4 	 9.776007538060516E-4 	 9.977911373251344E-4 	 9.817634808434565E-4 	 0.0016893076389937784 	 
-1.536 	 3.7276786588387017E-4 	 3.897762410691048E-4 	 3.732675000593589E-4 	 8.212393095066302E-4 	 9.177550813461807E-4 	 9.372672498785756E-4 	 9.215554713513667E-4 	 0.0017448243135203766 	 
-1.512 	 2.604434948999625E-4 	 2.776874178194739E-4 	 2.6079705009194427E-4 	 7.031557766554805E-4 	 7.980701114706016E-4 	 8.172958510795009E-4 	 8.016530347974179E-4 	 0.0017943381086170376 	 
-1.488 	 1.7988708928343407E-4 	 1.9751946821478707E-4 	 1.800803358671071E-4 	 6.067639810147872E-4 	 6.81883560993785E-4 	 7.012205160871575E-4 	 6.853144796260698E-4 	 0.0018479781373634738 	 
-1.464 	 2.2720227786816858E-4 	 2.4461940801745913E-4 	 2.2725274121582114E-4 	 6.077008005391656E-4 	 6.276137263237557E-4 	 6.466335745927033E-4 	 6.307761414587565E-4 	 0.001932142985585218 	 
-1.44 	 1.1626694178558917E-4 	 1.343477053820271E-4 	 1.161949648467747E-4 	 5.192325112144507E-4 	 5.600474502580422E-4 	 5.790368889773355E-4 	 5.631035051942279E-4 	 0.0020058638325013427 	 
-1.416 	 1.9521493178211702E-4 	 2.1307831258036077E-4 	 1.949911298229521E-4 	 5.427859937348537E-4 	 5.237842975550028E-4 	 5.425144398684862E-4 	 5.266270370045198E-4 	 0.0021066801021740016 	 
-1.392 	 1.8009120187946603E-4 	 1.9818572706208285E-4 	 1.7975633325548418E-4 	 5.286217129257265E-4 	 5.091021719410791E-4 	 5.273492623365704E-4 	 5.11807742021726E-4 	 0.002193634312406381 	 
-1.3679999999999999 	 1.1670627330304136E-4 	 1.354528201709265E-4 	 1.1621797101363884E-4 	 4.72506896084139E-4 	 4.639945717396625E-4 	 4.824461065649686E-4 	 4.6667344597814864E-4 	 0.0022815866032721206 	 
-1.3439999999999999 	 1.0042970374407106E-4 	 1.1944685258127374E-4 	 9.976779109934568E-5 	 4.371630244160244E-4 	 4.129554504877621E-4 	 4.3139429890471856E-4 	 4.155432390962588E-4 	 0.00242428632423862 	 
-1.32 	 1.0068731341008842E-4 	 1.1991436507167866E-4 	 9.984910608002214E-5 	 4.205156632723143E-4 	 3.8301728608699105E-4 	 4.0127952993609424E-4 	 3.8547170258341936E-4 	 0.0025506479657323024 	 
-1.296 	 1.0144205434190697E-4 	 1.211416782098875E-4 	 1.0040767983342496E-4 	 4.120825883913506E-4 	 3.6949692282130193E-4 	 3.878076453051383E-4 	 3.7184436906200684E-4 	 0.0026927342266267066 	 
-1.272 	 3.807088147445743E-5 	 5.829474783868333E-5 	 3.684965529463108E-5 	 3.5535868384450577E-4 	 3.303012164731718E-4 	 3.486185419452852E-4 	 3.3262111488345167E-4 	 0.0028869098715250106 	 
-1.248 	 7.01374501472898E-5 	 9.074120329996675E-5 	 6.866508181347085E-5 	 3.588712288197785E-4 	 3.0927566433774646E-4 	 3.276869381007976E-4 	 3.1149983702085326E-4 	 0.00304752040027584 	 
-1.224 	 7.099339063233661E-5 	 9.196300807435031E-5 	 6.931518755749431E-5 	 3.548821672712565E-4 	 3.056944436144522E-4 	 3.239676734286806E-4 	 3.0782702399601827E-4 	 0.0032774518122730733 	 
-1.2 	 8.752428583591708E-5 	 1.0886137847271302E-4 	 8.560867533483005E-5 	 3.581587853478566E-4 	 3.036369525468897E-4 	 3.2179529860275975E-4 	 3.057055077531985E-4 	 0.0034794936827154677 	 
-1.176 	 8.875303764877308E-5 	 1.1071202968103774E-4 	 8.655693741997974E-5 	 3.546914949311844E-4 	 3.027429416580182E-4 	 3.2102194461298863E-4 	 3.047365241064189E-4 	 0.0037093877214983573 	 
-1.152 	 2.5962247088421053E-5 	 4.8678838610363833E-5 	 2.348841359026146E-5 	 3.0394412037346283E-4 	 2.7457229130147426E-4 	 2.9313149345419864E-4 	 2.7658014160493786E-4 	 0.004012903536777281 	 
-1.128 	 4.2559938379368726E-5 	 6.585769172184864E-5 	 3.9710996287452444E-5 	 2.9738240446384095E-4 	 2.518612669118841E-4 	 2.7066765445516876E-4 	 2.538023512519184E-4 	 0.004309294844873108 	 
-1.1039999999999999 	 2.7723796365893282E-5 	 5.143346863780577E-5 	 2.458665479755753E-5 	 2.806521355453578E-4 	 2.394079575372544E-4 	 2.5824510578099637E-4 	 2.4126717963642098E-4 	 0.004692515901767017 	 
-1.08 	 6.130088335465568E-5 	 8.589812759804659E-5 	 5.7733638933466876E-5 	 2.996040556047429E-4 	 2.4360766534529198E-4 	 2.62902619114412E-4 	 2.453944033219347E-4 	 0.005015479401756328 	 
-1.056 	 3.0878994603678536E-5 	 5.588807358364233E-5 	 2.696863402009538E-5 	 2.734377388532068E-4 	 2.331608019030538E-4 	 2.524773386788193E-4 	 2.3486276550588865E-4 	 0.005534485830918357 	 
-1.032 	 8.072915999236325E-5 	 1.0653769303009775E-4 	 7.632930718047685E-5 	 3.022409402730809E-4 	 2.408756301036666E-4 	 2.607829447463391E-4 	 2.4244655481342925E-4 	 0.005950035861870588 	 
-1.008 	 6.751841901720063E-5 	 9.420266473107527E-5 	 6.263081949665466E-5 	 2.96499060185303E-4 	 2.4741843619413567E-4 	 2.678319016983039E-4 	 2.4886934044324123E-4 	 0.00658521522298253 	 
-0.984 	 7.002123098612888E-5 	 9.74982835957382E-5 	 6.460705108903639E-5 	 2.924662024106022E-4 	 2.4250224588470758E-4 	 2.636352347856377E-4 	 2.4379438729114835E-4 	 0.007259983581347795 	 
-0.96 	 5.7907293100875466E-5 	 8.676585909347415E-5 	 5.1811394661097825E-5 	 2.839400172815157E-4 	 2.37475802796406E-4 	 2.5987524747327263E-4 	 2.3857065814887653E-4 	 0.008001819583922504 	 
-0.9359999999999999 	 6.03949332279119E-5 	 8.960385713309446E-5 	 5.3761138234116254E-5 	 2.750375966585639E-4 	 2.2552039777656372E-4 	 2.485206201014193E-4 	 2.2635380262331915E-4 	 0.00899130383586819 	 
-0.9119999999999999 	 8.070809732423292E-5 	 1.1151735656340746E-4 	 7.32628095998837E-5 	 2.9261097067274325E-4 	 2.3464457986686408E-4 	 2.5924598274888066E-4 	 2.352772409005597E-4 	 0.009806575080712 	 
-0.8879999999999999 	 5.4553120774816544E-5 	 8.645906829210105E-5 	 4.6335540822818166E-5 	 2.743862256350897E-4 	 2.2914152545337746E-4 	 2.5556263781631087E-4 	 2.29262767550878E-4 	 0.011071964632508683 	 
-0.8639999999999999 	 7.746825387779735E-5 	 1.1098038020457225E-4 	 6.824760656694317E-5 	 2.878842548690403E-4 	 2.3034983021727004E-4 	 2.593111441365365E-4 	 2.2985900336711218E-4 	 0.01236037908699719 	 
-0.8399999999999999 	 8.611899907377585E-5 	 1.2101307243550273E-4 	 7.591207706765156E-5 	 2.97312530933518E-4 	 2.3948773693261734E-4 	 2.712814194732816E-4 	 2.3812188631468003E-4 	 0.014001069297495759 	 
-0.8159999999999998 	 1.1202377034084182E-4 	 1.483838517439698E-4 	 1.0074959984453489E-4 	 3.189556259353304E-4 	 2.5424894442300263E-4 	 2.8943983693680643E-4 	 2.5180688720817415E-4 	 0.01571180368511024 	 
-0.7919999999999998 	 1.084574207801826E-4 	 1.4673499429435985E-4 	 9.596228536852522E-5 	 3.238544964930128E-4 	 2.653151592223422E-4 	 3.047086123092857E-4 	 2.6158135325369457E-4 	 0.017599386539080577 	 
-0.7679999999999998 	 1.0458731351354896E-4 	 1.4423867137097914E-4 	 9.0951754788534E-5 	 3.20025574569529E-4 	 2.6382324199020354E-4 	 3.074974288599836E-4 	 2.5867433474994795E-4 	 0.019758149286094893 	 
-0.7439999999999998 	 1.2183566080191215E-4 	 1.6357846622278672E-4 	 1.0676132590032915E-4 	 3.366022260454335E-4 	 2.7394512695233297E-4 	 3.235196274016939E-4 	 2.667640495422129E-4 	 0.021867678721090283 	 
-0.7199999999999998 	 1.3948210304959074E-4 	 1.8265319924999076E-4 	 1.2314730753146507E-4 	 3.528390972430981E-4 	 2.8750300950398597E-4 	 3.429505359168599E-4 	 2.780378596626608E-4 	 0.024445544877210228 	 
-0.6959999999999997 	 1.6098344641332337E-4 	 2.0588262341922578E-4 	 1.4327016863760022E-4 	 3.7618863682212553E-4 	 3.076382097417034E-4 	 3.700342531306007E-4 	 2.953510458883753E-4 	 0.026828638327960837 	 
-0.6720000000000002 	 1.7865211528535004E-4 	 2.2451570752608698E-4 	 1.5987007278219493E-4 	 3.911937214338083E-4 	 3.211932327956824E-4 	 3.8927221766125867E-4 	 3.064843833448489E-4 	 0.029378737841476953 	 
-0.6480000000000001 	 1.9738087705243996E-4 	 2.4423550308009964E-4 	 1.7754363251436988E-4 	 4.086273637573386E-4 	 3.373170953225998E-4 	 4.114001570107148E-4 	 3.2002557676382457E-4 	 0.03143622001716572 	 
-0.6240000000000001 	 2.1672801945493052E-4 	 2.642329020686942E-4 	 1.9600305756089828E-4 	 4.256647173336283E-4 	 3.5334698034555955E-4 	 4.33348032271336E-4 	 3.332708090822645E-4 	 0.03347086001494229 	 
-0.6000000000000001 	 2.3298382070838808E-4 	 2.8051550132973956E-4 	 2.116554522973863E-4 	 4.366933919565489E-4 	 3.647278962566042E-4 	 4.496516403507882E-4 	 3.4213725001077126E-4 	 0.035197262922518326 	 
-0.5760000000000001 	 2.684899496032092E-4 	 3.160069413254798E-4 	 2.4661015629018573E-4 	 4.6574848153161296E-4 	 3.873532114645392E-4 	 4.7766437385256765E-4 	 3.6165787217476615E-4 	 0.03645453307306857 	 
-0.552 	 2.5649334520664116E-4 	 3.0259428060906907E-4 	 2.3489570258218456E-4 	 4.5138667755099834E-4 	 3.839744721922333E-4 	 4.750167321861874E-4 	 3.5728254995903957E-4 	 0.0375214754420386 	 
-0.528 	 2.6278104030366244E-4 	 3.0750031849008234E-4 	 2.414583318794309E-4 	 4.4795957940031993E-4 	 3.7978193292153277E-4 	 4.720067891698289E-4 	 3.516760601077408E-4 	 0.03719628494954542 	 
-0.504 	 2.577968189514889E-4 	 3.0019762374391853E-4 	 2.3732968825828618E-4 	 4.3095682433137917E-4 	 3.6647322598148876E-4 	 4.56474987018204E-4 	 3.3850427874845395E-4 	 0.036784195198638445 	 
-0.48 	 2.566617833057305E-4 	 2.968359910227526E-4 	 2.369907436299228E-4 	 4.1971419124592335E-4 	 3.5785651383114916E-4 	 4.46492166665057E-4 	 3.2936888189347E-4 	 0.03539710704450735 	 
-0.45599999999999996 	 2.480527977959962E-4 	 2.854347323351879E-4 	 2.2958489501769544E-4 	 4.0000833489386046E-4 	 3.418597934607743E-4 	 4.267343176333138E-4 	 3.1384704355600995E-4 	 0.03405120755121882 	 
-0.43199999999999994 	 2.2988659246645705E-4 	 2.638400052800161E-4 	 2.1302808307205453E-4 	 3.6800340685678106E-4 	 3.1471130818939785E-4 	 3.930196261303863E-4 	 2.8852186106071E-4 	 0.03196552714658795 	 
-0.4079999999999999 	 2.0939327436360987E-4 	 2.397477174754668E-4 	 1.9425575618276384E-4 	 3.3289770147148E-4 	 2.8488833907685065E-4 	 3.558573418639995E-4 	 2.608546980815587E-4 	 0.029182989624498244 	 
-0.3839999999999999 	 1.8607754316374804E-4 	 2.1303876278468782E-4 	 1.7264012990620577E-4 	 2.958314440937247E-4 	 2.5348621428301373E-4 	 3.165720693175798E-4 	 2.3211413838973368E-4 	 0.026193248294786198 	 
-0.3599999999999999 	 1.6756895641842232E-4 	 1.914746565894334E-4 	 1.5562719356370492E-4 	 2.656123184372273E-4 	 2.269453284645839E-4 	 2.834311465046884E-4 	 2.0756546962976733E-4 	 0.02324813190475137 	 
-0.33599999999999985 	 1.4254165009303742E-4 	 1.6320429047027806E-4 	 1.3226094228731156E-4 	 2.266794124825306E-4 	 1.939750758462557E-4 	 2.422437539902727E-4 	 1.77605884712511E-4 	 0.020633700709380993 	 
-0.31199999999999983 	 1.272892073713697E-4 	 1.4559056754412467E-4 	 1.1817724450449119E-4 	 2.0251553397530699E-4 	 1.7293189805895164E-4 	 2.1591393117462968E-4 	 1.5824251820150783E-4 	 0.017771353810779458 	 
-0.2879999999999998 	 1.1023902818802785E-4 	 1.262084558516271E-4 	 1.0231629008625961E-4 	 1.7611420349275856E-4 	 1.5010080414589122E-4 	 1.8732718295993078E-4 	 1.3740452971314717E-4 	 0.015741684238759913 	 
-0.2639999999999998 	 9.319608040731592E-5 	 1.0697832242058921E-4 	 8.63719181432134E-5 	 1.4960654130374932E-4 	 1.2753988033444176E-4 	 1.5921432619154662E-4 	 1.1690804364402786E-4 	 0.013671935794094507 	 
-0.23999999999999977 	 8.267915000605937E-5 	 9.488997223869536E-5 	 7.663449009343888E-5 	 1.328091081140837E-4 	 1.1304417404290685E-4 	 1.4111991529753458E-4 	 1.0360641069740497E-4 	 0.011789197264643099 	 
-0.21599999999999975 	 7.177628946515304E-5 	 8.252653339177235E-5 	 6.645719574963599E-5 	 1.1532087766010768E-4 	 9.836660612341874E-5 	 1.2286126679507078E-4 	 9.023480483035781E-5 	 0.01044400232645237 	 
-0.19199999999999973 	 6.596590473093998E-5 	 7.568349796188723E-5 	 6.114595946697246E-5 	 1.0575658486141046E-4 	 9.018405955486882E-5 	 1.1260228055723531E-4 	 8.264745940859883E-5 	 0.009198751174356975 	 
-0.16800000000000015 	 5.8376411310502786E-5 	 6.696585129011802E-5 	 5.4105316785398767E-5 	 9.336923826878732E-5 	 7.953271193494625E-5 	 9.937048855448042E-5 	 7.286641928853497E-5 	 0.008334613660512337 	 
-0.14400000000000013 	 5.1447098423791785E-5 	 5.900270584376142E-5 	 4.768001835937052E-5 	 8.187354379976469E-5 	 6.981407552304152E-5 	 8.730959870311547E-5 	 6.39441491323699E-5 	 0.00738767349907077 	 
-0.1200000000000001 	 4.658338710370241E-5 	 5.3406657200170325E-5 	 4.318506232069467E-5 	 7.417553484374752E-5 	 6.337808737247423E-5 	 7.922111634301307E-5 	 5.805188192020478E-5 	 0.00652402849995583 	 
-0.09600000000000009 	 4.2766460013403126E-5 	 4.8851974655497197E-5 	 3.971428205322615E-5 	 6.758231237422493E-5 	 5.762028301872666E-5 	 7.203881576808976E-5 	 5.2664937971065966E-5 	 0.0058845982311748965 	 
-0.07200000000000006 	 3.609374263786015E-5 	 4.134401416443985E-5 	 3.3471310780045014E-5 	 5.737265992652344E-5 	 4.897352412191297E-5 	 6.122954997181077E-5 	 4.483558855334673E-5 	 0.005279691154456248 	 
-0.04800000000000004 	 3.225005195693939E-5 	 3.6886247543358E-5 	 2.9927970805749422E-5 	 5.097992132856927E-5 	 4.35759732592838E-5 	 5.449498052547114E-5 	 3.986218447574947E-5 	 0.004543411479586186 	 
-0.02400000000000002 	 2.859490848591365E-5 	 3.269441524341439E-5 	 2.6538050739184246E-5 	 4.51390303376708E-5 	 3.8659969013954835E-5 	 4.834860058039459E-5 	 3.5359838909701124E-5 	 0.004023548369529154 	 
0.0 	 2.590258306676073E-5 	 2.955748585694532E-5 	 2.4068430034794145E-5 	 4.088853153180396E-5 	 3.483951641558221E-5 	 4.35516172403284E-5 	 3.182776030696931E-5 	 0.003563899482453954 	 
0.02400000000000002 	 2.1175253570411433E-5 	 2.4256022393970216E-5 	 1.9632190280625272E-5 	 3.349754836839129E-5 	 2.8604943895480717E-5 	 3.580733241166062E-5 	 2.6185305084033124E-5 	 0.003170736788546554 	 
0.04800000000000004 	 1.9644855787679325E-5 	 2.2424737372393394E-5 	 1.8248317643197697E-5 	 3.0784795786474235E-5 	 2.636417811255617E-5 	 3.299644867196133E-5 	 2.4089708663053118E-5 	 0.0026766329199516266 	 
0.07200000000000006 	 1.7809132999709568E-5 	 2.0277965934014516E-5 	 1.6566665534945643E-5 	 2.791878050886866E-5 	 2.391153697573453E-5 	 2.988937126597311E-5 	 2.1823489775540577E-5 	 0.0024195982544303446 	 
0.09600000000000009 	 1.520145441920338E-5 	 1.732248593054387E-5 	 1.4137783703760366E-5 	 2.397224152326357E-5 	 2.0372002322982807E-5 	 2.5459108729462863E-5 	 1.8592322636286673E-5 	 0.0021495157927863937 	 
0.1200000000000001 	 1.1810200152036858E-5 	 1.3557391059860286E-5 	 1.0943876998498132E-5 	 1.886327897364532E-5 	 1.6111255135795935E-5 	 2.0134241987953493E-5 	 1.4767959066210205E-5 	 0.001834669246887779 	 
0.14400000000000013 	 1.081836820185169E-5 	 1.2385862390649939E-5 	 1.0035482046618787E-5 	 1.7123321214188266E-5 	 1.4673261709772E-5 	 1.8344912711114792E-5 	 1.3431776138000493E-5 	 0.001499074096517821 	 
0.16800000000000015 	 1.0024872631381997E-5 	 1.144115145751816E-5 	 9.318507235959506E-6 	 1.582741824104157E-5 	 1.349968695194589E-5 	 1.68669227435887E-5 	 1.2333298670288305E-5 	 0.0013552662539493034 	 
0.19200000000000017 	 8.341563348888557E-6 	 9.542959556072076E-6 	 7.74207966469895E-6 	 1.3218683360247901E-5 	 1.130036603360402E-5 	 1.4120150261445127E-5 	 1.033898778870649E-5 	 0.0012184022640597959 	 
0.2160000000000002 	 7.412905736531339E-6 	 8.49294340768503E-6 	 6.879969654866039E-6 	 1.186314053548406E-5 	 1.0083227521412892E-5 	 1.2583117453423303E-5 	 9.231625104552592E-6 	 0.0010353252495743205 	 
0.2400000000000002 	 6.180209238253072E-6 	 7.096805137878904E-6 	 5.727811720651238E-6 	 9.889024642778527E-6 	 8.438366026518295E-6 	 1.0538855500952092E-5 	 7.735078486204707E-6 	 9.170786738090873E-4 	 
0.26400000000000023 	 5.680499749837589E-6 	 6.500065363225183E-6 	 5.27417088982895E-6 	 9.042496643572668E-6 	 7.727885548357929E-6 	 9.640831220945652E-6 	 7.071528359621197E-6 	 7.806585018465638E-4 	 
0.28800000000000026 	 4.816085417927905E-6 	 5.534079537950111E-6 	 4.463744353306038E-6 	 7.786521097140827E-6 	 6.616500353707382E-6 	 8.247929685555495E-6 	 6.066085950075702E-6 	 6.999693827916473E-4 	 
0.3120000000000003 	 4.046712895638048E-6 	 4.664214911612252E-6 	 3.7435104475096645E-6 	 6.589066554542236E-6 	 5.5855636613115876E-6 	 6.963532654487007E-6 	 5.129094203628865E-6 	 6.0573967426074E-4 	 
0.33599999999999985 	 3.3930518162264766E-6 	 3.945802160202965E-6 	 3.1254163987996255E-6 	 5.608995989189336E-6 	 4.761122015434185E-6 	 5.938717269239699E-6 	 4.391872654306039E-6 	 5.217092424552947E-4 	 
0.3599999999999999 	 3.3315260394094205E-6 	 3.830379412317516E-6 	 3.082132197815292E-6 	 5.283002001653612E-6 	 4.4986037895139284E-6 	 5.6360600593608074E-6 	 4.122583981529368E-6 	 4.6126280412814297E-4 	 
0.3839999999999999 	 3.1707169699783057E-6 	 3.644102573933949E-6 	 2.9373022131297766E-6 	 5.090890633596984E-6 	 4.356986883331081E-6 	 5.435717966743318E-6 	 3.996209086904283E-6 	 4.320399156133953E-4 	 
0.4079999999999999 	 2.8986201538149196E-6 	 3.321409152827153E-6 	 2.6873913486432333E-6 	 4.628457235065663E-6 	 3.9256869763235705E-6 	 4.9055437824683115E-6 	 3.5913603415583096E-6 	 4.0286877036994207E-4 	 
0.43199999999999994 	 2.365172723914056E-6 	 2.72351046432733E-6 	 2.186854918849914E-6 	 3.814059844705981E-6 	 3.2094465586030377E-6 	 4.015937689065931E-6 	 2.9428481465957856E-6 	 3.643182203027912E-4 	 
0.45599999999999996 	 1.921830445827307E-6 	 2.2352383087081156E-6 	 1.7669637974040905E-6 	 3.1082662646800874E-6 	 2.6589511228736444E-6 	 3.3342500584783164E-6 	 2.4522165606005336E-6 	 3.081899315602462E-4 	 
0.48 	 2.204793478583327E-6 	 2.5111026624773947E-6 	 2.0471088736215987E-6 	 3.3881521041927647E-6 	 2.913798726524525E-6 	 3.6595316942245826E-6 	 2.6568802919305217E-6 	 2.697597837925642E-4 	 
0.504 	 2.090108187602916E-6 	 2.3730839423866915E-6 	 1.945640700765631E-6 	 3.2396177244143975E-6 	 2.7674256755048224E-6 	 3.464071770413348E-6 	 2.5199108847503305E-6 	 2.748164975171415E-4 	 
0.528 	 1.5995305305056502E-6 	 1.8285634789475218E-6 	 1.4824024241298812E-6 	 2.505498558863227E-6 	 2.137447862715556E-6 	 2.6821644638350935E-6 	 1.9533321894325642E-6 	 2.497689577796727E-4 	 
0.552 	 1.4420659457562951E-6 	 1.6491350735258887E-6 	 1.336888384145903E-6 	 2.241196722057105E-6 	 1.9109366740711288E-6 	 2.399780561247414E-6 	 1.7464237655025826E-6 	 2.0405090463082378E-4 	 
0.5760000000000001 	 1.2926248308060992E-6 	 1.4704993175717897E-6 	 1.200151829863686E-6 	 1.945312934314207E-6 	 1.6958235492162269E-6 	 2.136437416060434E-6 	 1.5461737090717582E-6 	 1.8259259145301634E-4 	 
0.6000000000000001 	 1.470780103587636E-6 	 1.6507726978663877E-6 	 1.3764798187202617E-6 	 2.211433856046404E-6 	 1.8951022350487944E-6 	 2.3752908998902313E-6 	 1.7145277959563912E-6 	 1.6214084539199668E-4 	 
0.6240000000000001 	 1.0215606282672207E-6 	 1.1515821592512044E-6 	 9.536204849885061E-7 	 1.5362867019054462E-6 	 1.3130882718269124E-6 	 1.6486429152511755E-6 	 1.190098763313593E-6 	 1.6308458979035804E-4 	 
0.6480000000000001 	 7.336467105389065E-7 	 8.382545239965496E-7 	 6.802095320791191E-7 	 1.1387066741883897E-6 	 9.87554718584449E-7 	 1.2391285663925174E-6 	 9.030987166156216E-7 	 1.1754678090128141E-4 	 
0.6720000000000002 	 7.996733554415294E-7 	 9.013356994764049E-7 	 7.471166611067427E-7 	 1.2169467006764665E-6 	 1.0311423200065107E-6 	 1.291798898146269E-6 	 9.346303911190441E-7 	 9.339488862416154E-5 	 
0.6960000000000002 	 4.821509500276404E-7 	 5.521322889451197E-7 	 4.463862628380101E-7 	 7.381998324621113E-7 	 6.454807987897518E-7 	 8.120820210503926E-7 	 5.908454167997863E-7 	 9.036387708802417E-5 	 
0.7200000000000002 	 5.952823695851427E-7 	 6.688603390564109E-7 	 5.569716406666335E-7 	 8.995020267339735E-7 	 7.693238803951349E-7 	 9.63353077477543E-7 	 6.9643701209113E-7 	 6.277583492778658E-5 	 
0.7440000000000002 	 4.0874013606776566E-7 	 4.625002147201556E-7 	 3.80829138936305E-7 	 6.261898722671919E-7 	 5.285548958045358E-7 	 6.637270079882536E-7 	 4.796543423388095E-7 	 6.600144417282018E-5 	 
0.7680000000000002 	 2.8657000896127475E-7 	 3.3183017247471587E-7 	 2.6429722119879507E-7 	 4.6582780253343536E-7 	 3.9269802910841907E-7 	 4.918945954844782E-7 	 3.613005664139383E-7 	 4.827792121381089E-5 	 
0.7920000000000003 	 2.758722392936779E-7 	 3.144410060592282E-7 	 2.558717735841317E-7 	 4.1466515447456E-7 	 3.583432353278208E-7 	 4.5209245033364317E-7 	 3.265979748704381E-7 	 3.8592139639133636E-5 	 
0.8160000000000003 	 2.948877379305139E-7 	 3.3386733300207737E-7 	 2.748282460617901E-7 	 4.5246168829931153E-7 	 3.9246537936467467E-7 	 4.91112148568011E-7 	 3.571269427835175E-7 	 3.5039469337632216E-5 	 
0.8399999999999999 	 2.6291269723277964E-7 	 2.949414332649982E-7 	 2.463227680165674E-7 	 4.0270563157625654E-7 	 3.4524843729889277E-7 	 4.299033843474248E-7 	 3.1262237938168486E-7 	 3.4911981223955744E-5 	 
0.8639999999999999 	 1.1537717187194457E-7 	 1.3592682469160832E-7 	 1.0503622643476002E-7 	 1.9300502641671352E-7 	 1.687360318772217E-7 	 2.116037159049456E-7 	 1.5682442082967993E-7 	 2.8469310795447248E-5 	 
0.8879999999999999 	 1.6941890886275324E-7 	 1.9206127289889285E-7 	 1.5760405489568893E-7 	 2.574483867704279E-7 	 2.141321301654685E-7 	 2.7002914442367017E-7 	 1.9453591633262304E-7 	 1.8240948839859843E-5 	 
0.9119999999999999 	 9.762564184035674E-8 	 1.151364306603122E-7 	 8.859727320869752E-8 	 1.421233144172607E-7 	 1.311277483074068E-7 	 1.684646605852432E-7 	 1.2189339917129538E-7 	 2.0439675461037802E-5 	 
0.9359999999999999 	 2.580276970716407E-7 	 2.8543779422629765E-7 	 2.434248529501641E-7 	 3.7433485745442776E-7 	 3.1968406977789765E-7 	 4.0089388492571844E-7 	 2.8653705666463603E-7 	 1.625074249369078E-5 	 
0.96 	 1.427590286192548E-7 	 1.574708097967661E-7 	 1.347243845140161E-7 	 2.0653180847917144E-7 	 1.7686746563007952E-7 	 2.217338036755126E-7 	 1.5818059137344225E-7 	 2.5021601523079058E-5 	 
0.984 	 7.126190588684145E-8 	 8.048683026837742E-8 	 6.664592327894522E-8 	 1.157537013797784E-7 	 9.516590117067689E-8 	 1.1803887367229101E-7 	 8.6298161070205E-8 	 1.387370061828801E-5 	 
1.008 	 1.0477472011198394E-8 	 1.4867372984419309E-8 	 8.570629483746618E-9 	 2.8007738725844814E-8 	 2.2617590708878882E-8 	 2.785261897345233E-8 	 2.2298188823210224E-8 	 7.831320613257504E-6 	 
1.032 	 1.8554003657344064E-8 	 2.407167821514646E-8 	 1.5867007995299177E-8 	 3.667650738465379E-8 	 3.167107435150377E-8 	 4.015644495302181E-8 	 3.063038066002064E-8 	 3.334145541804019E-6 	 
1.056 	 5.066096190582473E-8 	 5.7928480567066484E-8 	 4.68747358495723E-8 	 7.493702813717892E-8 	 6.331797206976755E-8 	 8.069292377456313E-8 	 5.77775553283853E-8 	 4.805614682221676E-6 	 
1.08 	 5.448506261243686E-8 	 6.167828759810238E-8 	 5.0618298096234734E-8 	 7.541886292060408E-8 	 7.105468810900473E-8 	 9.007800956190474E-8 	 6.479261678129665E-8 	 6.672814029141446E-6 	 
1.104 	 1.02745092657603E-7 	 1.1277015415118024E-7 	 9.735058588431938E-8 	 1.4940189268534363E-7 	 1.2895112652324056E-7 	 1.605146995317206E-7 	 1.1529280616006506E-7 	 6.9115851396331194E-6 	 
1.1280000000000001 	 3.3464490691351215E-8 	 3.665767992278699E-8 	 3.165939562854235E-8 	 4.904820894546188E-8 	 4.0815864722146545E-8 	 5.113008679455419E-8 	 3.635714325170833E-8 	 9.117499818049554E-6 	 
1.1520000000000001 	 5.12792972488272E-9 	 7.003200127682451E-9 	 4.38028911786626E-9 	 1.1850462724094804E-8 	 9.839739959303525E-9 	 1.1910690385817137E-8 	 9.705551534182338E-9 	 3.090556353332943E-6 	 
1.1760000000000002 	 8.149164340332773E-9 	 1.0344232768373225E-8 	 7.1679620315836405E-9 	 1.4593366352692199E-8 	 1.3816679318108416E-8 	 1.7276555947618153E-8 	 1.3268388714254969E-8 	 1.2186981086427955E-6 	 
1.2000000000000002 	 3.232733534088494E-8 	 3.530099253773388E-8 	 3.069633962651341E-8 	 4.688344177015691E-8 	 3.8741521994701945E-8 	 4.8409218959527006E-8 	 3.4374749535174346E-8 	 1.7063218697980127E-6 	 
1.2240000000000002 	 2.012134788989336E-9 	 3.1105895367759756E-9 	 1.5962837784711137E-9 	 6.697340251989596E-9 	 4.658923098234769E-9 	 5.579753796115022E-9 	 4.663161238296721E-9 	 2.729965165590535E-6 	 
1.2480000000000002 	 1.8838538315282974E-9 	 2.9283440163938076E-9 	 1.471133736756197E-9 	 6.568745757122358E-9 	 4.3318662142291236E-9 	 5.2833354901161945E-9 	 4.3252915958056295E-9 	 6.77103180638007E-7 	 
1.2720000000000002 	 1.8965234298732186E-9 	 2.8660778476998144E-9 	 1.4742130908282422E-9 	 5.674729882726308E-9 	 4.560736312386697E-9 	 5.538342168256168E-9 	 4.5326331503473824E-9 	 7.02683870902872E-7 	 
1.2960000000000003 	 3.072485705921631E-9 	 4.328233704192641E-9 	 2.4791876181848867E-9 	 8.354660957046291E-9 	 6.041265902264224E-9 	 7.629272698989643E-9 	 5.93830478359697E-9 	 7.167995919725111E-7 	 
1.3200000000000003 	 3.992222574074507E-9 	 5.104906370510023E-9 	 3.4356545778438337E-9 	 6.734351089023637E-9 	 5.326938384179014E-9 	 7.0181836953102435E-9 	 5.136536560075575E-9 	 1.0736605591431504E-6 	 
1.3440000000000003 	 6.946528585795912E-9 	 8.383578976719647E-9 	 6.170228838437786E-9 	 9.369934865276617E-9 	 1.08734154498712E-8 	 1.3953455368630888E-8 	 1.0269464889845367E-8 	 1.0149959552965779E-6 	 
1.3680000000000003 	 3.3464490691351215E-8 	 3.665767992278699E-8 	 3.165939562854235E-8 	 4.904820894546188E-8 	 4.0815864722146545E-8 	 5.113008679455419E-8 	 3.635714325170833E-8 	 1.4524716824311305E-6 	 
1.3920000000000003 	 3.0872067391068837E-9 	 3.7291906373454405E-9 	 2.736778256151292E-9 	 3.751489430650058E-9 	 3.0016955726354045E-9 	 4.197568292900786E-9 	 2.8277171058070206E-9 	 3.090556353332943E-6 	 
1.4160000000000004 	 6.101575833390148E-9 	 7.102420159118242E-9 	 5.5309136972585926E-9 	 6.8191332731264405E-9 	 8.214824991901786E-9 	 1.0778607345554293E-8 	 7.63708294990918E-9 	 6.439651077732665E-7 	 
1.4400000000000004 	 3.127576466341749E-8 	 3.371607350763547E-8 	 2.986144167686436E-8 	 4.375951347958078E-8 	 3.683937614028466E-8 	 4.6045724814347434E-8 	 3.247449832476315E-8 	 1.0845806461965037E-6 	 
1.4640000000000004 	 0.0 	 0.0 	 0.0 	 0.0 	 0.0 	 0.0 	 0.0 	 2.381056609852651E-6 	 
1.4880000000000004 	 0.0 	 0.0 	 0.0 	 0.0 	 0.0 	 0.0 	 0.0 	 0.0 	 
1.5120000000000005 	 0.0 	 0.0 	 0.0 	 0.0 	 0.0 	 0.0 	 0.0 	 0.0 	 
1.5360000000000005 	 0.0 	 0.0 	 0.0 	 0.0 	 0.0 	 0.0 	 0.0 	 0.0 	 
1.5600000000000005 	 0.0 	 0.0 	 0.0 	 0.0 	 0.0 	 0.0 	 0.0 	 0.0 	 
1.5840000000000005 	 0.0 	 0.0 	 0.0 	 0.0 	 0.0 	 0.0 	 0.0 	 0.0 	 
1.6080000000000005 	 0.0 	 0.0 	 0.0 	 0.0 	 0.0 	 0.0 	 0.0 	 0.0 	 
1.6319999999999997 	 0.0 	 0.0 	 0.0 	 0.0 	 0.0 	 0.0 	 0.0 	 0.0 	 
1.6559999999999997 	 0.0 	 0.0 	 0.0 	 0.0 	 0.0 	 0.0 	 0.0 	 0.0 	 
1.6799999999999997 	 0.0 	 0.0 	 0.0 	 0.0 	 0.0 	 0.0 	 0.0 	 0.0 	 
1.7039999999999997 	 0.0 	 0.0 	 0.0 	 0.0 	 0.0 	 0.0 	 0.0 	 0.0 	 
1.7279999999999998 	 0.0 	 0.0 	 0.0 	 0.0 	 0.0 	 0.0 	 0.0 	 0.0 	 
1.7519999999999998 	 0.0 	 0.0 	 0.0 	 0.0 	 0.0 	 0.0 	 0.0 	 0.0 	 
1.7759999999999998 	 0.0 	 0.0 	 0.0 	 0.0 	 0.0 	 0.0 	 0.0 	 0.0 	 
1.7999999999999998 	 0.0 	 0.0 	 0.0 	 0.0 	 0.0 	 0.0 	 0.0 	 0.0 	 
1.8239999999999998 	 0.0 	 0.0 	 0.0 	 0.0 	 0.0 	 0.0 	 0.0 	 0.0 	 
1.8479999999999999 	 0.0 	 0.0 	 0.0 	 0.0 	 0.0 	 0.0 	 0.0 	 0.0 	 
1.8719999999999999 	 0.0 	 0.0 	 0.0 	 0.0 	 0.0 	 0.0 	 0.0 	 0.0 	 
1.896 	 0.0 	 0.0 	 0.0 	 0.0 	 0.0 	 0.0 	 0.0 	 0.0 	 
1.92 	 0.0 	 0.0 	 0.0 	 0.0 	 0.0 	 0.0 	 0.0 	 0.0 	 
1.944 	 0.0 	 0.0 	 0.0 	 0.0 	 0.0 	 0.0 	 0.0 	 0.0 	 
1.968 	 0.0 	 0.0 	 0.0 	 0.0 	 0.0 	 0.0 	 0.0 	 0.0 	 
1.992 	 0.0 	 0.0 	 0.0 	 0.0 	 0.0 	 0.0 	 0.0 	 0.0 	 
2.016 	 0.0 	 0.0 	 0.0 	 0.0 	 0.0 	 0.0 	 0.0 	 0.0 	 
2.04 	 0.0 	 0.0 	 0.0 	 0.0 	 0.0 	 0.0 	 0.0 	 0.0 	 
2.064 	 0.0 	 0.0 	 0.0 	 0.0 	 0.0 	 0.0 	 0.0 	 0.0 	 
2.088 	 0.0 	 0.0 	 0.0 	 0.0 	 0.0 	 0.0 	 0.0 	 0.0 	 
2.112 	 0.0 	 0.0 	 0.0 	 0.0 	 0.0 	 0.0 	 0.0 	 0.0 	 
2.136 	 0.0 	 0.0 	 0.0 	 0.0 	 0.0 	 0.0 	 0.0 	 0.0 	 
2.16 	 0.0 	 0.0 	 0.0 	 0.0 	 0.0 	 0.0 	 0.0 	 0.0 	 
2.184 	 0.0 	 0.0 	 0.0 	 0.0 	 0.0 	 0.0 	 0.0 	 0.0 	 
2.208 	 0.0 	 0.0 	 0.0 	 0.0 	 0.0 	 0.0 	 0.0 	 0.0 	 
2.232 	 0.0 	 0.0 	 0.0 	 0.0 	 0.0 	 0.0 	 0.0 	 0.0 	 
2.2560000000000002 	 0.0 	 0.0 	 0.0 	 0.0 	 0.0 	 0.0 	 0.0 	 0.0 	 
2.2800000000000002 	 0.0 	 0.0 	 0.0 	 0.0 	 0.0 	 0.0 	 0.0 	 0.0 	 
2.3040000000000003 	 0.0 	 0.0 	 0.0 	 0.0 	 0.0 	 0.0 	 0.0 	 0.0 	 
2.3280000000000003 	 0.0 	 0.0 	 0.0 	 0.0 	 0.0 	 0.0 	 0.0 	 0.0 	 
2.3520000000000003 	 0.0 	 0.0 	 0.0 	 0.0 	 0.0 	 0.0 	 0.0 	 0.0 	 
2.3760000000000003 	 0.0 	 0.0 	 0.0 	 0.0 	 0.0 	 0.0 	 0.0 	 0.0 	 
2.4000000000000004 	 0.0 	 0.0 	 0.0 	 0.0 	 0.0 	 0.0 	 0.0 	 0.0 	 
2.4240000000000004 	 0.0 	 0.0 	 0.0 	 0.0 	 0.0 	 0.0 	 0.0 	 0.0 	 
2.4480000000000004 	 0.0 	 0.0 	 0.0 	 0.0 	 0.0 	 0.0 	 0.0 	 0.0 	 
2.4720000000000004 	 0.0 	 0.0 	 0.0 	 0.0 	 0.0 	 0.0 	 0.0 	 0.0 	 
2.4960000000000004 	 0.0 	 0.0 	 0.0 	 0.0 	 0.0 	 0.0 	 0.0 	 0.0 	 
2.5200000000000005 	 0.0 	 0.0 	 0.0 	 0.0 	 0.0 	 0.0 	 0.0 	 0.0 	 
2.5440000000000005 	 0.0 	 0.0 	 0.0 	 0.0 	 0.0 	 0.0 	 0.0 	 0.0 	 
2.5680000000000005 	 0.0 	 0.0 	 0.0 	 0.0 	 0.0 	 0.0 	 0.0 	 0.0 	 
2.5920000000000005 	 0.0 	 0.0 	 0.0 	 0.0 	 0.0 	 0.0 	 0.0 	 0.0 	 
2.6160000000000005 	 0.0 	 0.0 	 0.0 	 0.0 	 0.0 	 0.0 	 0.0 	 0.0 	 
2.6399999999999997 	 0.0 	 0.0 	 0.0 	 0.0 	 0.0 	 0.0 	 0.0 	 0.0 	 
2.6639999999999997 	 0.0 	 0.0 	 0.0 	 0.0 	 0.0 	 0.0 	 0.0 	 0.0 	 
2.6879999999999997 	 0.0 	 0.0 	 0.0 	 0.0 	 0.0 	 0.0 	 0.0 	 0.0 	 
2.7119999999999997 	 0.0 	 0.0 	 0.0 	 0.0 	 0.0 	 0.0 	 0.0 	 0.0 	 
2.7359999999999998 	 0.0 	 0.0 	 0.0 	 0.0 	 0.0 	 0.0 	 0.0 	 0.0 	 
2.76 	 0.0 	 0.0 	 0.0 	 0.0 	 0.0 	 0.0 	 0.0 	 0.0 	 
2.784 	 0.0 	 0.0 	 0.0 	 0.0 	 0.0 	 0.0 	 0.0 	 0.0 	 
2.808 	 0.0 	 0.0 	 0.0 	 0.0 	 0.0 	 0.0 	 0.0 	 0.0 	 
2.832 	 0.0 	 0.0 	 0.0 	 0.0 	 0.0 	 0.0 	 0.0 	 0.0 	 
2.856 	 0.0 	 0.0 	 0.0 	 0.0 	 0.0 	 0.0 	 0.0 	 0.0 	 
2.88 	 0.0 	 0.0 	 0.0 	 0.0 	 0.0 	 0.0 	 0.0 	 0.0 	 
2.904 	 0.0 	 0.0 	 0.0 	 0.0 	 0.0 	 0.0 	 0.0 	 0.0 	 
2.928 	 0.0 	 0.0 	 0.0 	 0.0 	 0.0 	 0.0 	 0.0 	 0.0 	 
2.952 	 0.0 	 0.0 	 0.0 	 0.0 	 0.0 	 0.0 	 0.0 	 0.0 	 
2.976 	 0.0 	 0.0 	 0.0 	 0.0 	 0.0 	 0.0 	 0.0 	 0.0 	 
