-3.0 	 8.28970750334296E-4 	 8.555888584616576E-4 	 8.638721228051817E-4 	 3.984753593059954E-5 	 8.28970750334296E-4 	 8.555888584616576E-4 	 8.638721228051817E-4 	 3.984753593059954E-5 	 
-2.976 	 0.0013703063917271474 	 0.0012398349212153054 	 0.0012331716678318158 	 4.5452209444020474E-5 	 0.0013703063917271474 	 0.0012398349212153054 	 0.0012331716678318158 	 4.5452209444020474E-5 	 
-2.952 	 0.0016264570786798374 	 0.001465802164378668 	 0.001446202828653164 	 5.1146816638209415E-5 	 0.0016264570786798374 	 0.001465802164378668 	 0.001446202828653164 	 5.1146816638209415E-5 	 
-2.928 	 0.0019877462107421324 	 0.0017633824471486594 	 0.0017313562844772808 	 5.2139657331047005E-5 	 0.0019877462107421324 	 0.0017633824471486594 	 0.0017313562844772808 	 5.2139657331047005E-5 	 
-2.904 	 0.0021538303773536035 	 0.0019445455663026578 	 0.0019048702636932494 	 5.790886454957166E-5 	 0.0021538303773536035 	 0.0019445455663026578 	 0.0019048702636932494 	 5.790886454957166E-5 	 
-2.88 	 0.0024400681747056827 	 0.0022121085525283676 	 0.0021641813718860457 	 6.460438155764348E-5 	 0.0024400681747056827 	 0.0022121085525283676 	 0.0021641813718860457 	 6.460438155764348E-5 	 
-2.856 	 0.0016736306008006579 	 0.0017087291169418256 	 0.0016822982387120467 	 5.5642422224192946E-5 	 0.0016736306008006579 	 0.0017087291169418256 	 0.0016822982387120467 	 5.5642422224192946E-5 	 
-2.832 	 0.001928481028965492 	 0.0018556046649032291 	 0.0018374831163880576 	 6.252647865975723E-5 	 0.001928481028965492 	 0.0018556046649032291 	 0.0018374831163880576 	 6.252647865975723E-5 	 
-2.808 	 0.0019586953763366154 	 0.0018837586042266892 	 0.0018691919649315692 	 6.250802886376483E-5 	 0.0019586953763366154 	 0.0018837586042266892 	 0.0018691919649315692 	 6.250802886376483E-5 	 
-2.784 	 0.002214368420324166 	 0.002076304731874335 	 0.0020582739229106197 	 6.825672990451596E-5 	 0.002214368420324166 	 0.002076304731874335 	 0.0020582739229106197 	 6.825672990451596E-5 	 
-2.76 	 0.0032071096207326516 	 0.0028275564822637087 	 0.002785799172837401 	 8.070505977935111E-5 	 0.0032071096207326516 	 0.0028275564822637087 	 0.002785799172837401 	 8.070505977935111E-5 	 
-2.7359999999999998 	 0.0028626389124457073 	 0.0026858968494071845 	 0.002642287995934496 	 8.033101746494991E-5 	 0.0028626389124457073 	 0.0026858968494071845 	 0.002642287995934496 	 8.033101746494991E-5 	 
-2.7119999999999997 	 0.0024415958326136863 	 0.0024042154096433764 	 0.002372535967365096 	 8.067597142682378E-5 	 0.0024415958326136863 	 0.0024042154096433764 	 0.002372535967365096 	 8.067597142682378E-5 	 
-2.688 	 0.00217045873680682 	 0.0021853191847994117 	 0.0021703380878009978 	 7.697377281580061E-5 	 0.00217045873680682 	 0.0021853191847994117 	 0.0021703380878009978 	 7.697377281580061E-5 	 
-2.664 	 0.003072357653511956 	 0.002822749212747187 	 0.002793246698348309 	 8.662783306651513E-5 	 0.003072357653511956 	 0.002822749212747187 	 0.002793246698348309 	 8.662783306651513E-5 	 
-2.64 	 0.003990585996996212 	 0.003560955490999661 	 0.0035040346896299092 	 9.983010297488307E-5 	 0.003990585996996212 	 0.003560955490999661 	 0.0035040346896299092 	 9.983010297488307E-5 	 
-2.616 	 0.0034055888650154215 	 0.0032612064080984235 	 0.0032135893787813346 	 9.959388579453251E-5 	 0.0034055888650154215 	 0.0032612064080984235 	 0.0032135893787813346 	 9.959388579453251E-5 	 
-2.592 	 0.0030142440204274272 	 0.0029817703546720993 	 0.002952261992662333 	 9.714591797084045E-5 	 0.0030142440204274272 	 0.0029817703546720993 	 0.002952261992662333 	 9.714591797084045E-5 	 
-2.568 	 0.003945976014002431 	 0.0036388638915179337 	 0.00359728362404317 	 1.0914132285059442E-4 	 0.003945976014002431 	 0.0036388638915179337 	 0.00359728362404317 	 1.0914132285059442E-4 	 
-2.544 	 0.00474406994421452 	 0.004296985707819313 	 0.0042334088138258575 	 1.212354625093812E-4 	 0.00474406994421452 	 0.004296985707819313 	 0.0042334088138258575 	 1.212354625093812E-4 	 
-2.52 	 0.0033020246704473935 	 0.003364718226582251 	 0.0033271364993817955 	 1.1218847539077589E-4 	 0.0033020246704473935 	 0.003364718226582251 	 0.0033271364993817955 	 1.1218847539077589E-4 	 
-2.496 	 0.00460897425766503 	 0.004275316949396828 	 0.004224709953971099 	 1.2833934126481062E-4 	 0.00460897425766503 	 0.004275316949396828 	 0.004224709953971099 	 1.2833934126481062E-4 	 
-2.472 	 0.005452082384714078 	 0.004978776513101209 	 0.004911609185377222 	 1.41144710295364E-4 	 0.005452082384714078 	 0.004978776513101209 	 0.004911609185377222 	 1.41144710295364E-4 	 
-2.448 	 0.003994976550248303 	 0.004025261928726357 	 0.003985201685822641 	 1.3200641223836898E-4 	 0.003994976550248303 	 0.004025261928726357 	 0.003985201685822641 	 1.3200641223836898E-4 	 
-2.424 	 0.0057832689702563556 	 0.005290731045970131 	 0.0052224286540632605 	 1.539663220873774E-4 	 0.0057832689702563556 	 0.005290731045970131 	 0.0052224286540632605 	 1.539663220873774E-4 	 
-2.4 	 0.005408805126618538 	 0.005143452867227018 	 0.005086569054655998 	 1.4965702028950977E-4 	 0.005408805126618538 	 0.005143452867227018 	 0.005086569054655998 	 1.4965702028950977E-4 	 
-2.376 	 0.005965575448783085 	 0.005588401241621989 	 0.005521354490683147 	 1.6228015743216637E-4 	 0.005965575448783085 	 0.005588401241621989 	 0.005521354490683147 	 1.6228015743216637E-4 	 
-2.352 	 0.007019035683816928 	 0.006454721763641602 	 0.00635673492900157 	 1.7802359099134055E-4 	 0.007019035683816928 	 0.006454721763641602 	 0.00635673492900157 	 1.7802359099134055E-4 	 
-2.328 	 0.006253500385999189 	 0.006036246163072102 	 0.005963439708199433 	 1.7941422633188403E-4 	 0.006253500385999189 	 0.006036246163072102 	 0.005963439708199433 	 1.7941422633188403E-4 	 
-2.304 	 0.007425978812401231 	 0.006896214754560514 	 0.006810918709187735 	 1.930118378364637E-4 	 0.007425978812401231 	 0.006896214754560514 	 0.006810918709187735 	 1.930118378364637E-4 	 
-2.2800000000000002 	 0.007818263610323669 	 0.00729438036426569 	 0.007195174181922084 	 2.024589936294276E-4 	 0.007818263610323669 	 0.00729438036426569 	 0.007195174181922084 	 2.024589936294276E-4 	 
-2.2560000000000002 	 0.008090037545545785 	 0.007612794781584455 	 0.007515149195848906 	 2.185760721513941E-4 	 0.008090037545545785 	 0.007612794781584455 	 0.007515149195848906 	 2.185760721513941E-4 	 
-2.232 	 0.009458764124621741 	 0.008671940938111718 	 0.00854883239960953 	 2.299419615145877E-4 	 0.009458764124621741 	 0.008671940938111718 	 0.00854883239960953 	 2.299419615145877E-4 	 
-2.208 	 0.007400597508507429 	 0.007335258504680617 	 0.007259328033426868 	 2.179084580255129E-4 	 0.007400597508507429 	 0.007335258504680617 	 0.007259328033426868 	 2.179084580255129E-4 	 
-2.184 	 0.009083304738662385 	 0.008501639474214538 	 0.008406813572838553 	 2.3286314493841623E-4 	 0.009083304738662385 	 0.008501639474214538 	 0.008406813572838553 	 2.3286314493841623E-4 	 
-2.16 	 0.010588689743846861 	 0.009745601356805458 	 0.009612194958961894 	 2.547272873606955E-4 	 0.010588689743846861 	 0.009745601356805458 	 0.009612194958961894 	 2.547272873606955E-4 	 
-2.136 	 0.010771494815796014 	 0.010102984798371021 	 0.009963194112411611 	 2.678119979779847E-4 	 0.010771494815796014 	 0.010102984798371021 	 0.009963194112411611 	 2.678119979779847E-4 	 
-2.112 	 0.01062181975524689 	 0.010101947385831147 	 0.009974396736923224 	 2.7047042533686656E-4 	 0.01062181975524689 	 0.010101947385831147 	 0.009974396736923224 	 2.7047042533686656E-4 	 
-2.088 	 0.011584620109834678 	 0.01089047821479371 	 0.010759491444103823 	 2.929804674969477E-4 	 0.011584620109834678 	 0.01089047821479371 	 0.010759491444103823 	 2.929804674969477E-4 	 
-2.064 	 0.012428017660182372 	 0.011639582404030758 	 0.011496531504003631 	 3.040174702011226E-4 	 0.012428017660182372 	 0.011639582404030758 	 0.011496531504003631 	 3.040174702011226E-4 	 
-2.04 	 0.01286555032551994 	 0.012111150493828665 	 0.011959466800603946 	 3.242595445910667E-4 	 0.01286555032551994 	 0.012111150493828665 	 0.011959466800603946 	 3.242595445910667E-4 	 
-2.016 	 0.013648617067864511 	 0.01282684756887185 	 0.012668275671080047 	 3.4398350868593015E-4 	 0.013648617067864511 	 0.01282684756887185 	 0.012668275671080047 	 3.4398350868593015E-4 	 
-1.992 	 0.014462042313115299 	 0.013569725738185757 	 0.013399995601584076 	 3.523576593786357E-4 	 0.014462042313115299 	 0.013569725738185757 	 0.013399995601584076 	 3.523576593786357E-4 	 
-1.968 	 0.015576307895814294 	 0.014557604418606538 	 0.014368542031513469 	 3.751298638248449E-4 	 0.015576307895814294 	 0.014557604418606538 	 0.014368542031513469 	 3.751298638248449E-4 	 
-1.944 	 0.016329941365943065 	 0.015306114144988982 	 0.015107698914171831 	 3.9424759259925306E-4 	 0.016329941365943065 	 0.015306114144988982 	 0.015107698914171831 	 3.9424759259925306E-4 	 
-1.92 	 0.016421852595121352 	 0.015566986947246517 	 0.01537766429191168 	 4.0628740769332557E-4 	 0.016421852595121352 	 0.015566986947246517 	 0.01537766429191168 	 4.0628740769332557E-4 	 
-1.896 	 0.01696386357686102 	 0.016081911684119998 	 0.01590131870511553 	 4.1764104551904194E-4 	 0.01696386357686102 	 0.016081911684119998 	 0.01590131870511553 	 4.1764104551904194E-4 	 
-1.8719999999999999 	 0.01980740319171022 	 0.018323339661197043 	 0.0180923730175572 	 4.6405925676425424E-4 	 0.01980740319171022 	 0.018323339661197043 	 0.0180923730175572 	 4.6405925676425424E-4 	 
-1.8479999999999999 	 0.018532967688764307 	 0.01774372495709295 	 0.017542133564725372 	 4.6883939189046455E-4 	 0.018532967688764307 	 0.01774372495709295 	 0.017542133564725372 	 4.6883939189046455E-4 	 
-1.824 	 0.01967533570376639 	 0.018638147591196613 	 0.018449017637819143 	 4.890582577487964E-4 	 0.01967533570376639 	 0.018638147591196613 	 0.018449017637819143 	 4.890582577487964E-4 	 
-1.8 	 0.022053410686848497 	 0.02059308504853498 	 0.020374543867786258 	 5.311135422969779E-4 	 0.022053410686848497 	 0.02059308504853498 	 0.020374543867786258 	 5.311135422969779E-4 	 
-1.776 	 0.02178664256837738 	 0.02075806345597852 	 0.02055260440760038 	 5.57303123921422E-4 	 0.02178664256837738 	 0.02075806345597852 	 0.02055260440760038 	 5.57303123921422E-4 	 
-1.752 	 0.02314077475314736 	 0.021943850989238376 	 0.021756118931101867 	 5.900287046653607E-4 	 0.02314077475314736 	 0.021943850989238376 	 0.021756118931101867 	 5.900287046653607E-4 	 
-1.728 	 0.023548993001352526 	 0.022497922599470813 	 0.02235376988901747 	 6.253854051058807E-4 	 0.023548993001352526 	 0.022497922599470813 	 0.02235376988901747 	 6.253854051058807E-4 	 
-1.704 	 0.025415456249060223 	 0.024069579861560324 	 0.023934248759484893 	 6.807729680110307E-4 	 0.025415456249060223 	 0.024069579861560324 	 0.023934248759484893 	 6.807729680110307E-4 	 
-1.68 	 0.02471195187190019 	 0.02388840097276894 	 0.02382655401287098 	 7.185202797817098E-4 	 0.02471195187190019 	 0.02388840097276894 	 0.02382655401287098 	 7.185202797817098E-4 	 
-1.656 	 0.025058516082955878 	 0.02429566588727652 	 0.024309089595356423 	 7.685643615426655E-4 	 0.025058516082955878 	 0.02429566588727652 	 0.024309089595356423 	 7.685643615426655E-4 	 
-1.632 	 0.027360712282133496 	 0.026162031894012148 	 0.026192738500522037 	 8.422957256433228E-4 	 0.027360712282133496 	 0.026162031894012148 	 0.026192738500522037 	 8.422957256433228E-4 	 
-1.6079999999999999 	 0.02686839871838004 	 0.026165336544351582 	 0.02626276488045513 	 9.048710747801066E-4 	 0.02686839871838004 	 0.026165336544351582 	 0.02626276488045513 	 9.048710747801066E-4 	 
-1.584 	 0.027907137697741037 	 0.027120843602790143 	 0.027279487117143324 	 9.798731062210472E-4 	 0.027907137697741037 	 0.027120843602790143 	 0.027279487117143324 	 9.798731062210472E-4 	 
-1.56 	 0.028901824859642856 	 0.028082083620059334 	 0.028305970215037255 	 0.0010559140772744109 	 0.028901824859642856 	 0.028082083620059334 	 0.028305970215037255 	 0.0010559140772744109 	 
-1.536 	 0.027476119449659046 	 0.027318232478374966 	 0.027645472936890292 	 0.001117144203369977 	 0.027476119449659046 	 0.027318232478374966 	 0.027645472936890292 	 0.001117144203369977 	 
-1.512 	 0.027761303222565946 	 0.027556823455233904 	 0.027961486018181728 	 0.0012006276240637227 	 0.027761303222565946 	 0.027556823455233904 	 0.027961486018181728 	 0.0012006276240637227 	 
-1.488 	 0.028874892382164393 	 0.028464208463297103 	 0.02891828690408663 	 0.0012861414914890365 	 0.028874892382164393 	 0.028464208463297103 	 0.02891828690408663 	 0.0012861414914890365 	 
-1.464 	 0.02585442864918388 	 0.026379378054151477 	 0.026947575095540775 	 0.0013324815538334526 	 0.02585442864918388 	 0.026379378054151477 	 0.026947575095540775 	 0.0013324815538334526 	 
-1.44 	 0.026318511197783924 	 0.026553570657858825 	 0.027170172050577857 	 0.0014039493090223386 	 0.026318511197783924 	 0.026553570657858825 	 0.027170172050577857 	 0.0014039493090223386 	 
-1.416 	 0.024529360180934313 	 0.02523274465911317 	 0.02592281043147152 	 0.0014463075003681258 	 0.024529360180934313 	 0.02523274465911317 	 0.02592281043147152 	 0.0014463075003681258 	 
-1.392 	 0.02425712103476388 	 0.024831993987533073 	 0.02556442190750099 	 0.001509022524193257 	 0.02425712103476388 	 0.024831993987533073 	 0.02556442190750099 	 0.001509022524193257 	 
-1.3679999999999999 	 0.022827955366310947 	 0.02367375665361663 	 0.024441653970073706 	 0.0015504760951266655 	 0.022827955366310947 	 0.02367375665361663 	 0.024441653970073706 	 0.0015504760951266655 	 
-1.3439999999999999 	 0.020644932872466187 	 0.02177455983123221 	 0.02258534655836384 	 0.0015759673125860156 	 0.020644932872466187 	 0.02177455983123221 	 0.02258534655836384 	 0.0015759673125860156 	 
-1.32 	 0.019017534945251463 	 0.020187256330522905 	 0.021043479086504592 	 0.0015999059088295643 	 0.019017534945251463 	 0.020187256330522905 	 0.021043479086504592 	 0.0015999059088295643 	 
-1.296 	 0.016127189540171123 	 0.017616302225142065 	 0.01849326776126557 	 0.0015997311106529346 	 0.016127189540171123 	 0.017616302225142065 	 0.01849326776126557 	 0.0015997311106529346 	 
-1.272 	 0.014033177366802685 	 0.015585869948778515 	 0.016467215171780698 	 0.0016195820507544972 	 0.014033177366802685 	 0.015585869948778515 	 0.016467215171780698 	 0.0016195820507544972 	 
-1.248 	 0.012270039286848214 	 0.013797867692117239 	 0.014647799423002797 	 0.0016156921657125493 	 0.012270039286848214 	 0.013797867692117239 	 0.014647799423002797 	 0.0016156921657125493 	 
-1.224 	 0.01121406741329985 	 0.012558500754233658 	 0.013331278384563413 	 0.0016246204108935252 	 0.01121406741329985 	 0.012558500754233658 	 0.013331278384563413 	 0.0016246204108935252 	 
-1.2 	 0.009001201646307026 	 0.01055238940080722 	 0.011295239290557936 	 0.00164270858802888 	 0.009001201646307026 	 0.01055238940080722 	 0.011295239290557936 	 0.00164270858802888 	 
-1.176 	 0.007628862798069667 	 0.009041787025783453 	 0.009719787190060756 	 0.0016351650194722967 	 0.007628862798069667 	 0.009041787025783453 	 0.009719787190060756 	 0.0016351650194722967 	 
-1.152 	 0.00621245479195164 	 0.0075833097386484825 	 0.008204097535387112 	 0.0016518646057268917 	 0.00621245479195164 	 0.0075833097386484825 	 0.008204097535387112 	 0.0016518646057268917 	 
-1.128 	 0.0048262205792082595 	 0.006145224699003404 	 0.006684391360872869 	 0.0016571292849029027 	 0.0048262205792082595 	 0.006145224699003404 	 0.006684391360872869 	 0.0016571292849029027 	 
-1.1039999999999999 	 0.0038161468055983912 	 0.005040923850913399 	 0.005487912384286398 	 0.0016747465037267456 	 0.0038161468055983912 	 0.005040923850913399 	 0.005487912384286398 	 0.0016747465037267456 	 
-1.08 	 0.0029267384666890484 	 0.004063489735590931 	 0.004435879398729132 	 0.001698828327933452 	 0.0029267384666890484 	 0.004063489735590931 	 0.004435879398729132 	 0.001698828327933452 	 
-1.056 	 0.002142764954576459 	 0.003187437513305031 	 0.0034600359661821982 	 0.0017148466382604622 	 0.002142764954576459 	 0.003187437513305031 	 0.0034600359661821982 	 0.0017148466382604622 	 
-1.032 	 0.0016299436972496894 	 0.0025649779068967924 	 0.0027702420835276666 	 0.0017675138524951017 	 0.0016299436972496894 	 0.0025649779068967924 	 0.0027702420835276666 	 0.0017675138524951017 	 
-1.008 	 0.0014027753238497025 	 0.002181423086450708 	 0.002303098900546557 	 0.0017858668030725955 	 0.0014027753238497025 	 0.002181423086450708 	 0.002303098900546557 	 0.0017858668030725955 	 
-0.984 	 0.0010106854323979103 	 0.0017378952403291675 	 0.0017909108973097048 	 0.0018261753690312407 	 0.0010106854323979103 	 0.0017378952403291675 	 0.0017909108973097048 	 0.0018261753690312407 	 
-0.96 	 9.647993386010565E-4 	 0.0015618803531042512 	 0.0015620598354425612 	 0.0018917997566122104 	 9.647993386010565E-4 	 0.0015618803531042512 	 0.0015620598354425612 	 0.0018917997566122104 	 
-0.9359999999999999 	 0.0010092915356472148 	 0.0015006457220493048 	 0.0014371106793621704 	 0.0019454897160125124 	 0.0010092915356472148 	 0.0015006457220493048 	 0.0014371106793621704 	 0.0019454897160125124 	 
-0.9119999999999999 	 9.635396780049292E-4 	 0.001397941628957345 	 0.0013031832334543716 	 0.0019923042260119998 	 9.635396780049292E-4 	 0.001397941628957345 	 0.0013031832334543716 	 0.0019923042260119998 	 
-0.8879999999999999 	 5.57120073060198E-4 	 0.0010426369504828918 	 9.178375027500486E-4 	 0.002071617328334343 	 5.57120073060198E-4 	 0.0010426369504828918 	 9.178375027500486E-4 	 0.002071617328334343 	 
-0.8639999999999999 	 6.015479775303593E-4 	 0.0010002053057524616 	 8.56163403040022E-4 	 0.0021465457684085283 	 6.015479775303593E-4 	 0.0010002053057524616 	 8.56163403040022E-4 	 0.0021465457684085283 	 
-0.8399999999999999 	 6.161122574432803E-4 	 9.602662988018913E-4 	 8.039668767280829E-4 	 0.002193065869562772 	 6.161122574432803E-4 	 9.602662988018913E-4 	 8.039668767280829E-4 	 0.002193065869562772 	 
-0.8159999999999998 	 4.052373554958532E-4 	 7.761357007445347E-4 	 6.082794667506322E-4 	 0.0022836379064182133 	 4.052373554958532E-4 	 7.761357007445347E-4 	 6.082794667506322E-4 	 0.0022836379064182133 	 
-0.7919999999999998 	 3.596917593887099E-4 	 7.011965082284648E-4 	 5.331181055306392E-4 	 0.002374955594986517 	 3.596917593887099E-4 	 7.011965082284648E-4 	 5.331181055306392E-4 	 0.002374955594986517 	 
-0.7679999999999998 	 3.8921017404851835E-4 	 6.920514838517959E-4 	 5.100035940762434E-4 	 0.0024519137570637685 	 3.8921017404851835E-4 	 6.920514838517959E-4 	 5.100035940762434E-4 	 0.0024519137570637685 	 
-0.7439999999999998 	 3.2867438637891795E-4 	 6.279183476652571E-4 	 4.5101641403828146E-4 	 0.002519404787514116 	 3.2867438637891795E-4 	 6.279183476652571E-4 	 4.5101641403828146E-4 	 0.002519404787514116 	 
-0.7199999999999998 	 3.733408195013364E-4 	 6.350566702663569E-4 	 4.533920990400787E-4 	 0.0026321233341794256 	 3.733408195013364E-4 	 6.350566702663569E-4 	 4.533920990400787E-4 	 0.0026321233341794256 	 
-0.6959999999999997 	 2.678678685253713E-4 	 5.438302631891492E-4 	 3.588530193239123E-4 	 0.0027569749987002993 	 2.678678685253713E-4 	 5.438302631891492E-4 	 3.588530193239123E-4 	 0.0027569749987002993 	 
-0.6720000000000002 	 1.9211658065239004E-4 	 4.6184747774625454E-4 	 2.8661748089494607E-4 	 0.0028485017277310133 	 1.9211658065239004E-4 	 4.6184747774625454E-4 	 2.8661748089494607E-4 	 0.0028485017277310133 	 
-0.6480000000000001 	 2.0673042081830194E-4 	 4.4847713786002626E-4 	 2.692066415030411E-4 	 0.0029545910093768534 	 2.0673042081830194E-4 	 4.4847713786002626E-4 	 2.692066415030411E-4 	 0.0029545910093768534 	 
-0.6240000000000001 	 2.0641621535594235E-4 	 4.335093613345648E-4 	 2.5773342544000355E-4 	 0.0030681880060408288 	 2.0641621535594235E-4 	 4.335093613345648E-4 	 2.5773342544000355E-4 	 0.0030681880060408288 	 
-0.6000000000000001 	 1.9119684772143513E-4 	 4.1166241994118206E-4 	 2.3587429505669382E-4 	 0.003209041882930497 	 1.9119684772143513E-4 	 4.1166241994118206E-4 	 2.3587429505669382E-4 	 0.003209041882930497 	 
-0.5760000000000001 	 1.1572156749495478E-4 	 3.4473102912050216E-4 	 1.7424567819456367E-4 	 0.0033322466881006143 	 1.1572156749495478E-4 	 3.4473102912050216E-4 	 1.7424567819456367E-4 	 0.0033322466881006143 	 
-0.552 	 2.3571602434643168E-4 	 4.164409075176075E-4 	 2.476442647320092E-4 	 0.0034465111855082288 	 2.3571602434643168E-4 	 4.164409075176075E-4 	 2.476442647320092E-4 	 0.0034465111855082288 	 
-0.528 	 2.0583102730873735E-4 	 3.9678931499178964E-4 	 2.2840974371743632E-4 	 0.0036177559896044824 	 2.0583102730873735E-4 	 3.9678931499178964E-4 	 2.2840974371743632E-4 	 0.0036177559896044824 	 
-0.504 	 1.0034736471503409E-4 	 3.08276320157351E-4 	 1.5086938038687273E-4 	 0.003733074032146049 	 1.0034736471503409E-4 	 3.08276320157351E-4 	 1.5086938038687273E-4 	 0.003733074032146049 	 
-0.48 	 8.515302629413751E-5 	 2.773767884094078E-4 	 1.2418102405970495E-4 	 0.003843223280151725 	 8.515302629413751E-5 	 2.773767884094078E-4 	 1.2418102405970495E-4 	 0.003843223280151725 	 
-0.45599999999999996 	 1.3029456669633098E-4 	 3.0037737247838917E-4 	 1.5033805734147298E-4 	 0.0040062834460622 	 1.3029456669633098E-4 	 3.0037737247838917E-4 	 1.5033805734147298E-4 	 0.0040062834460622 	 
-0.43199999999999994 	 1.454388363891676E-4 	 3.0706171305451704E-4 	 1.593110563686958E-4 	 0.004170287280234774 	 1.454388363891676E-4 	 3.0706171305451704E-4 	 1.593110563686958E-4 	 0.004170287280234774 	 
-0.4079999999999999 	 1.304148632311669E-4 	 2.893243156279187E-4 	 1.4644367010091183E-4 	 0.0043152818559425285 	 1.304148632311669E-4 	 2.893243156279187E-4 	 1.4644367010091183E-4 	 0.0043152818559425285 	 
-0.3839999999999999 	 1.1522845376239062E-4 	 2.672646776062056E-4 	 1.321102354811314E-4 	 0.004418716568702369 	 1.1522845376239062E-4 	 2.672646776062056E-4 	 1.321102354811314E-4 	 0.004418716568702369 	 
-0.3599999999999999 	 1.4539511260693673E-4 	 2.824025450707701E-4 	 1.4789160504429544E-4 	 0.0046273207578791655 	 1.4539511260693673E-4 	 2.824025450707701E-4 	 1.4789160504429544E-4 	 0.0046273207578791655 	 
-0.33599999999999985 	 8.530665371455978E-5 	 2.3236207207431362E-4 	 1.033098698135765E-4 	 0.0048516999553833194 	 8.530665371455978E-5 	 2.3236207207431362E-4 	 1.033098698135765E-4 	 0.0048516999553833194 	 
-0.31199999999999983 	 2.4930336519076894E-5 	 1.7697159084173992E-4 	 5.4852056829034E-5 	 0.004996337208970302 	 2.4930336519076894E-5 	 1.7697159084173992E-4 	 5.4852056829034E-5 	 0.004996337208970302 	 
-0.2879999999999998 	 6.981584347047468E-5 	 1.9814258871430135E-4 	 7.916685966429225E-5 	 0.0051979539908309155 	 6.981584347047468E-5 	 1.9814258871430135E-4 	 7.916685966429225E-5 	 0.0051979539908309155 	 
-0.2639999999999998 	 5.44343893477568E-5 	 1.82762117721541E-4 	 6.815900107956529E-5 	 0.005399808105260419 	 5.44343893477568E-5 	 1.82762117721541E-4 	 6.815900107956529E-5 	 0.005399808105260419 	 
-0.23999999999999977 	 3.912254274061773E-5 	 1.6434100522209552E-4 	 5.320293866903622E-5 	 0.005653693426121222 	 3.912254274061773E-5 	 1.6434100522209552E-4 	 5.320293866903622E-5 	 0.005653693426121222 	 
-0.21599999999999975 	 6.894067608740438E-5 	 1.8047159325090936E-4 	 7.3120153359558E-5 	 0.0058759810002520264 	 6.894067608740438E-5 	 1.8047159325090936E-4 	 7.3120153359558E-5 	 0.0058759810002520264 	 
-0.19199999999999973 	 5.35581672013982E-5 	 1.6852918602658495E-4 	 6.400219765595327E-5 	 0.006097308249554599 	 5.35581672013982E-5 	 1.6852918602658495E-4 	 6.400219765595327E-5 	 0.006097308249554599 	 
-0.16800000000000015 	 8.039276673355474E-6 	 1.3148978792059242E-4 	 3.0620598101234834E-5 	 0.0063925654459408955 	 8.039276673355474E-6 	 1.3148978792059242E-4 	 3.0620598101234834E-5 	 0.0063925654459408955 	 
-0.14400000000000013 	 3.763659427354314E-5 	 1.4447472648010186E-4 	 4.690826634760524E-5 	 0.00663243983698125 	 3.763659427354314E-5 	 1.4447472648010186E-4 	 4.690826634760524E-5 	 0.00663243983698125 	 
-0.1200000000000001 	 6.737255824969645E-5 	 1.6221421940371933E-4 	 6.646220989353997E-5 	 0.006851007773956659 	 6.737255824969645E-5 	 1.6221421940371933E-4 	 6.646220989353997E-5 	 0.006851007773956659 	 
-0.09600000000000009 	 5.2029293923660536E-5 	 1.5135199043268387E-4 	 5.864184169871836E-5 	 0.007136578487890165 	 5.2029293923660536E-5 	 1.5135199043268387E-4 	 5.864184169871836E-5 	 0.007136578487890165 	 
-0.07200000000000006 	 5.1853705055752645E-5 	 1.4938453160029494E-4 	 5.818696699163527E-5 	 0.007425149767536056 	 5.1853705055752645E-5 	 1.4938453160029494E-4 	 5.818696699163527E-5 	 0.007425149767536056 	 
-0.04800000000000004 	 8.155055705975724E-5 	 1.6742669501779967E-4 	 7.871377666590182E-5 	 0.0076778920810842075 	 8.155055705975724E-5 	 1.6742669501779967E-4 	 7.871377666590182E-5 	 0.0076778920810842075 	 
-0.02400000000000002 	 3.625731859820561E-5 	 1.3288218512936653E-4 	 4.8042732436625285E-5 	 0.00791642832634802 	 3.625731859820561E-5 	 1.3288218512936653E-4 	 4.8042732436625285E-5 	 0.00791642832634802 	 
0.0 	 2.1200593232158472E-5 	 1.1650191788411899E-4 	 3.331846577411089E-5 	 0.008287664189489268 	 2.1200593232158472E-5 	 1.1650191788411899E-4 	 3.331846577411089E-5 	 0.008287664189489268 	 
0.02400000000000002 	 5.980845728520394E-6 	 1.0005697047536685E-4 	 2.000961141756133E-5 	 0.00859226790074804 	 5.980845728520394E-6 	 1.0005697047536685E-4 	 2.000961141756133E-5 	 0.00859226790074804 	 
0.04800000000000004 	 3.602879438992777E-5 	 1.1642129413163328E-4 	 3.816217994216497E-5 	 0.008841215570948375 	 3.602879438992777E-5 	 1.1642129413163328E-4 	 3.816217994216497E-5 	 0.008841215570948375 	 
0.07200000000000006 	 2.1234445059727326E-5 	 1.0649218207448294E-4 	 2.9614352929194416E-5 	 0.009223030708386579 	 2.1234445059727326E-5 	 1.0649218207448294E-4 	 2.9614352929194416E-5 	 0.009223030708386579 	 
0.09600000000000009 	 2.1479611011119517E-5 	 1.0440851780180503E-4 	 2.8944345167530018E-5 	 0.009633072265243642 	 2.1479611011119517E-5 	 1.0440851780180503E-4 	 2.8944345167530018E-5 	 0.009633072265243642 	 
0.1200000000000001 	 6.854593282440246E-6 	 9.100938320966322E-5 	 1.7626734408519242E-5 	 0.010040165022735206 	 6.854593282440246E-6 	 9.100938320966322E-5 	 1.7626734408519242E-5 	 0.010040165022735206 	 
0.14400000000000013 	 2.226093371900345E-5 	 9.87306610381856E-5 	 2.7333983621060362E-5 	 0.010364810462136578 	 2.226093371900345E-5 	 9.87306610381856E-5 	 2.7333983621060362E-5 	 0.010364810462136578 	 
0.16800000000000015 	 7.738929077284427E-6 	 8.707726492976379E-5 	 1.6638133489920014E-5 	 0.010894104774546309 	 7.738929077284427E-6 	 8.707726492976379E-5 	 1.6638133489920014E-5 	 0.010894104774546309 	 
0.19200000000000017 	 2.3250858115191402E-5 	 9.648478394948639E-5 	 2.6838623337156088E-5 	 0.011365645135860398 	 2.3250858115191402E-5 	 9.648478394948639E-5 	 2.6838623337156088E-5 	 0.011365645135860398 	 
0.2160000000000002 	 8.624302056062548E-6 	 8.443758147317074E-5 	 1.6811573441707234E-5 	 0.011725810750439075 	 8.624302056062548E-6 	 8.443758147317074E-5 	 1.6811573441707234E-5 	 0.011725810750439075 	 
0.2400000000000002 	 9.400782555451846E-6 	 8.334335776477369E-5 	 1.6225395948191346E-5 	 0.012364779991752579 	 9.400782555451846E-6 	 8.334335776477369E-5 	 1.6225395948191346E-5 	 0.012364779991752579 	 
0.26400000000000023 	 5.481123687125358E-5 	 1.1376951799037554E-4 	 4.7341461075086436E-5 	 0.01282746616375077 	 5.481123687125358E-5 	 1.1376951799037554E-4 	 4.7341461075086436E-5 	 0.01282746616375077 	 
0.28800000000000026 	 1.0285749053457084E-5 	 8.273997547589362E-5 	 1.7684017177699874E-5 	 0.013419351960877606 	 1.0285749053457084E-5 	 8.273997547589362E-5 	 1.7684017177699874E-5 	 0.013419351960877606 	 
0.3120000000000003 	 1.0723178755622062E-5 	 7.848881111237145E-5 	 1.549481045563897E-5 	 0.013923171873657847 	 1.0723178755622062E-5 	 7.848881111237145E-5 	 1.549481045563897E-5 	 0.013923171873657847 	 
0.33599999999999985 	 5.6289294466937206E-5 	 1.0937676159242532E-4 	 4.674241835657096E-5 	 0.014469405058735675 	 5.6289294466937206E-5 	 1.0937676159242532E-4 	 4.674241835657096E-5 	 0.014469405058735675 	 
0.3599999999999999 	 2.7381081826939716E-5 	 9.1832310181555E-5 	 2.9149764877541232E-5 	 0.015292107221902381 	 2.7381081826939716E-5 	 9.1832310181555E-5 	 2.9149764877541232E-5 	 0.015292107221902381 	 
0.3839999999999999 	 1.2857149242338181E-5 	 7.812220336378559E-5 	 1.78097873992268E-5 	 0.01584221741836172 	 1.2857149242338181E-5 	 7.812220336378559E-5 	 1.78097873992268E-5 	 0.01584221741836172 	 
0.4079999999999999 	 2.9231374853613256E-5 	 8.81050849423366E-5 	 2.8110159656144882E-5 	 0.016666097776386033 	 2.9231374853613256E-5 	 8.81050849423366E-5 	 2.8110159656144882E-5 	 0.016666097776386033 	 
0.43199999999999994 	 3.089737666043485E-5 	 8.861045145799922E-5 	 2.9323842300932202E-5 	 0.017414192872517973 	 3.089737666043485E-5 	 8.861045145799922E-5 	 2.9323842300932202E-5 	 0.017414192872517973 	 
0.45599999999999996 	 1.8231917264690834E-5 	 7.872123433887562E-5 	 1.982098940625463E-5 	 0.018144199760128 	 1.8231917264690834E-5 	 7.872123433887562E-5 	 1.982098940625463E-5 	 0.018144199760128 	 
0.48 	 2.1952898841206434E-5 	 8.188291771814058E-5 	 2.1578491493056905E-5 	 0.019261180817135345 	 2.1952898841206434E-5 	 8.188291771814058E-5 	 2.1578491493056905E-5 	 0.019261180817135345 	 
0.504 	 2.6685528147816706E-5 	 8.456608498909537E-5 	 2.345012897005555E-5 	 0.020135477215441983 	 2.6685528147816706E-5 	 8.456608498909537E-5 	 2.345012897005555E-5 	 0.020135477215441983 	 
0.528 	 3.273424686562919E-5 	 9.140647199394311E-5 	 2.7397170248896587E-5 	 0.02122384772734979 	 3.273424686562919E-5 	 9.140647199394311E-5 	 2.7397170248896587E-5 	 0.02122384772734979 	 
0.552 	 4.177593055639227E-5 	 9.856221918987489E-5 	 3.059930562377467E-5 	 0.022361314105334793 	 4.177593055639227E-5 	 9.856221918987489E-5 	 3.059930562377467E-5 	 0.022361314105334793 	 
0.5760000000000001 	 5.23245211480078E-5 	 1.0792942607577705E-4 	 3.565336780933333E-5 	 0.023422129128566335 	 5.23245211480078E-5 	 1.0792942607577705E-4 	 3.565336780933333E-5 	 0.023422129128566335 	 
0.6000000000000001 	 8.05897324523831E-5 	 1.3170767820820054E-4 	 5.241594138688356E-5 	 0.024636438193852375 	 8.05897324523831E-5 	 1.3170767820820054E-4 	 5.241594138688356E-5 	 0.024636438193852375 	 
0.6240000000000001 	 8.098440479186086E-5 	 1.3519651002017876E-4 	 4.945383625125211E-5 	 0.02545597045224054 	 8.098440479186086E-5 	 1.3519651002017876E-4 	 4.945383625125211E-5 	 0.02545597045224054 	 
0.6480000000000001 	 9.576491828890485E-5 	 1.4829111931543556E-4 	 5.5907580213567227E-5 	 0.02625233342749176 	 9.576491828890485E-5 	 1.4829111931543556E-4 	 5.5907580213567227E-5 	 0.02625233342749176 	 
0.6720000000000002 	 1.1011089065502978E-4 	 1.59859109250356E-4 	 6.10699007923142E-5 	 0.026815133744981352 	 1.1011089065502978E-4 	 1.59859109250356E-4 	 6.10699007923142E-5 	 0.026815133744981352 	 
0.6960000000000002 	 1.240147487257919E-4 	 1.7206344317311514E-4 	 6.770209982217662E-5 	 0.026972851017601027 	 1.240147487257919E-4 	 1.7206344317311514E-4 	 6.770209982217662E-5 	 0.026972851017601027 	 
0.7200000000000002 	 1.372374922183535E-4 	 1.832127799678808E-4 	 7.404122207339233E-5 	 0.026960738317151976 	 1.372374922183535E-4 	 1.832127799678808E-4 	 7.404122207339233E-5 	 0.026960738317151976 	 
0.7440000000000002 	 1.510063488040785E-4 	 1.9466894842807417E-4 	 8.064587277420257E-5 	 0.02658816278586402 	 1.510063488040785E-4 	 1.9466894842807417E-4 	 8.064587277420257E-5 	 0.02658816278586402 	 
0.7680000000000002 	 1.7279498728918713E-4 	 2.0984098450256878E-4 	 9.44875544333706E-5 	 0.025695945122829193 	 1.7279498728918713E-4 	 2.0984098450256878E-4 	 9.44875544333706E-5 	 0.025695945122829193 	 
0.7920000000000003 	 1.5924166584896276E-4 	 1.9765297068700247E-4 	 8.500187990300812E-5 	 0.024411379448013328 	 1.5924166584896276E-4 	 1.9765297068700247E-4 	 8.500187990300812E-5 	 0.024411379448013328 	 
0.8160000000000003 	 1.6075227184313696E-4 	 1.9527254470343242E-4 	 8.453670352640376E-5 	 0.023102862434775547 	 1.6075227184313696E-4 	 1.9527254470343242E-4 	 8.453670352640376E-5 	 0.023102862434775547 	 
0.8399999999999999 	 1.5829766010788072E-4 	 1.8920001882707834E-4 	 8.296396290451301E-5 	 0.0213732165021041 	 1.5829766010788072E-4 	 1.8920001882707834E-4 	 8.296396290451301E-5 	 0.0213732165021041 	 
0.8639999999999999 	 1.525868790257619E-4 	 1.7966105479209077E-4 	 7.947874524665127E-5 	 0.01946076434708687 	 1.525868790257619E-4 	 1.7966105479209077E-4 	 7.947874524665127E-5 	 0.01946076434708687 	 
0.8879999999999999 	 1.415732444623636E-4 	 1.656059809604618E-4 	 7.364461839975277E-5 	 0.01747382111720215 	 1.415732444623636E-4 	 1.656059809604618E-4 	 7.364461839975277E-5 	 0.01747382111720215 	 
0.9119999999999999 	 1.294408465166309E-4 	 1.5042182950947077E-4 	 6.746595353648506E-5 	 0.015424555004386862 	 1.294408465166309E-4 	 1.5042182950947077E-4 	 6.746595353648506E-5 	 0.015424555004386862 	 
0.9359999999999999 	 1.1831942614425015E-4 	 1.3679057075920414E-4 	 6.188325197245208E-5 	 0.013543607185208344 	 1.1831942614425015E-4 	 1.3679057075920414E-4 	 6.188325197245208E-5 	 0.013543607185208344 	 
0.96 	 1.0160180404027772E-4 	 1.1732215615878864E-4 	 5.334415971979984E-5 	 0.011603482155751518 	 1.0160180404027772E-4 	 1.1732215615878864E-4 	 5.334415971979984E-5 	 0.011603482155751518 	 
0.984 	 9.101614836366903E-5 	 1.0483094510783441E-4 	 4.8213456402299547E-5 	 0.009966133204697468 	 9.101614836366903E-5 	 1.0483094510783441E-4 	 4.8213456402299547E-5 	 0.009966133204697468 	 
1.008 	 7.696654466897134E-5 	 8.856534539776728E-5 	 4.066655265714656E-5 	 0.008395121149588024 	 7.696654466897134E-5 	 8.856534539776728E-5 	 4.066655265714656E-5 	 0.008395121149588024 	 
1.032 	 6.273073353213498E-5 	 7.238517416392533E-5 	 3.326479538037169E-5 	 0.007024938220710935 	 6.273073353213498E-5 	 7.238517416392533E-5 	 3.326479538037169E-5 	 0.007024938220710935 	 
1.056 	 5.461944047613574E-5 	 6.268292788540387E-5 	 2.876895571440017E-5 	 0.005943525949012764 	 5.461944047613574E-5 	 6.268292788540387E-5 	 2.876895571440017E-5 	 0.005943525949012764 	 
1.08 	 4.3978897297935476E-5 	 5.078527834826554E-5 	 2.311131349258395E-5 	 0.004992597942818449 	 4.3978897297935476E-5 	 5.078527834826554E-5 	 2.311131349258395E-5 	 0.004992597942818449 	 
1.104 	 3.8056192941734444E-5 	 4.4024881964899066E-5 	 2.0054133384538137E-5 	 0.0042765302215679495 	 3.8056192941734444E-5 	 4.4024881964899066E-5 	 2.0054133384538137E-5 	 0.0042765302215679495 	 
1.1280000000000001 	 3.1497384817255826E-5 	 3.633515250124292E-5 	 1.63868372278337E-5 	 0.0035783960473054735 	 3.1497384817255826E-5 	 3.633515250124292E-5 	 1.63868372278337E-5 	 0.0035783960473054735 	 
1.1520000000000001 	 4.157068041248394E-5 	 4.191510735813511E-5 	 2.45972164549844E-5 	 0.003105735161964032 	 4.157068041248394E-5 	 4.191510735813511E-5 	 2.45972164549844E-5 	 0.003105735161964032 	 
1.1760000000000002 	 2.361387233982696E-5 	 2.8561235060660806E-5 	 1.3485070791725442E-5 	 0.002672166660147495 	 2.361387233982696E-5 	 2.8561235060660806E-5 	 1.3485070791725442E-5 	 0.002672166660147495 	 
1.2000000000000002 	 1.985737965982227E-5 	 2.326854583548868E-5 	 1.0776436179040733E-5 	 0.0022526399400731923 	 1.985737965982227E-5 	 2.326854583548868E-5 	 1.0776436179040733E-5 	 0.0022526399400731923 	 
1.2240000000000002 	 1.7820041021685715E-5 	 2.0622116375341093E-5 	 9.5017304340148E-6 	 0.0019445256810024208 	 1.7820041021685715E-5 	 2.0622116375341093E-5 	 9.5017304340148E-6 	 0.0019445256810024208 	 
1.2480000000000002 	 1.358539802921988E-5 	 1.586478430997903E-5 	 7.1751023036617645E-6 	 0.0016253182666047452 	 1.358539802921988E-5 	 1.586478430997903E-5 	 7.1751023036617645E-6 	 0.0016253182666047452 	 
1.2720000000000002 	 1.2840306981049497E-5 	 1.4843015354285035E-5 	 6.73812872509395E-6 	 0.001427408546281584 	 1.2840306981049497E-5 	 1.4843015354285035E-5 	 6.73812872509395E-6 	 0.001427408546281584 	 
1.2960000000000003 	 1.0301265064452495E-5 	 1.1937010841052405E-5 	 5.397241880584096E-6 	 0.001184609881024084 	 1.0301265064452495E-5 	 1.1937010841052405E-5 	 5.397241880584096E-6 	 0.001184609881024084 	 
1.3200000000000003 	 8.564141237574953E-6 	 9.940789858272849E-6 	 4.498723078932201E-6 	 0.0010208036574107379 	 8.564141237574953E-6 	 9.940789858272849E-6 	 4.498723078932201E-6 	 0.0010208036574107379 	 
1.3440000000000003 	 8.298345869275729E-6 	 9.557551329381058E-6 	 4.3498545403432486E-6 	 8.876406360458851E-4 	 8.298345869275729E-6 	 9.557551329381058E-6 	 4.3498545403432486E-6 	 8.876406360458851E-4 	 
1.3680000000000003 	 5.636342500846823E-6 	 6.638992991435679E-6 	 2.9537407342191303E-6 	 7.058241241271756E-4 	 5.636342500846823E-6 	 6.638992991435679E-6 	 2.9537407342191303E-6 	 7.058241241271756E-4 	 
1.3920000000000003 	 5.0956751227887126E-6 	 5.993135130643433E-6 	 2.6700255771220445E-6 	 6.37338425389281E-4 	 5.0956751227887126E-6 	 5.993135130643433E-6 	 2.6700255771220445E-6 	 6.37338425389281E-4 	 
1.4160000000000004 	 4.386703698124114E-6 	 5.1901639111272006E-6 	 2.3022385233471537E-6 	 5.499346747467475E-4 	 4.386703698124114E-6 	 5.1901639111272006E-6 	 2.3022385233471537E-6 	 5.499346747467475E-4 	 
1.4400000000000004 	 3.5738097941709767E-6 	 4.2646472635524E-6 	 1.8627466366957543E-6 	 4.7761613170126235E-4 	 3.5738097941709767E-6 	 4.2646472635524E-6 	 1.8627466366957543E-6 	 4.7761613170126235E-4 	 
1.4640000000000004 	 3.3114683432566506E-6 	 3.958581891892186E-6 	 1.7285127501937606E-6 	 4.433540418602934E-4 	 3.3114683432566506E-6 	 3.958581891892186E-6 	 1.7285127501937606E-6 	 4.433540418602934E-4 	 
1.4880000000000004 	 2.9044619318261082E-6 	 3.4621433673367453E-6 	 1.520582603662914E-6 	 3.9765064513869755E-4 	 2.9044619318261082E-6 	 3.4621433673367453E-6 	 1.520582603662914E-6 	 3.9765064513869755E-4 	 
1.5120000000000005 	 3.046926549553124E-6 	 3.5365005670078655E-6 	 1.583446474824861E-6 	 3.5488582793663927E-4 	 3.046926549553124E-6 	 3.5365005670078655E-6 	 1.583446474824861E-6 	 3.5488582793663927E-4 	 
1.5360000000000005 	 2.4480873141871776E-6 	 2.887183404579022E-6 	 1.2808406849479824E-6 	 3.125435974051903E-4 	 2.4480873141871776E-6 	 2.887183404579022E-6 	 1.2808406849479824E-6 	 3.125435974051903E-4 	 
1.5600000000000005 	 2.3537600544562593E-6 	 2.7396652946900133E-6 	 1.229672603497587E-6 	 2.830954460331683E-4 	 2.3537600544562593E-6 	 2.7396652946900133E-6 	 1.229672603497587E-6 	 2.830954460331683E-4 	 
1.5840000000000005 	 2.061324984719853E-6 	 2.3866152250140474E-6 	 1.0723364452035662E-6 	 2.3697821472016932E-4 	 2.061324984719853E-6 	 2.3866152250140474E-6 	 1.0723364452035662E-6 	 2.3697821472016932E-4 	 
1.6080000000000005 	 1.6168833606613715E-6 	 1.885840358109539E-6 	 8.36129879542866E-7 	 2.036793328608636E-4 	 1.6168833606613715E-6 	 1.885840358109539E-6 	 8.36129879542866E-7 	 2.036793328608636E-4 	 
1.6319999999999997 	 1.5972206620579277E-6 	 1.8485305333302023E-6 	 8.3256062396246E-7 	 1.8439522295972914E-4 	 1.5972206620579277E-6 	 1.8485305333302023E-6 	 8.3256062396246E-7 	 1.8439522295972914E-4 	 
1.6559999999999997 	 1.3855753307739954E-6 	 1.6016462088492017E-6 	 7.225187780362836E-7 	 1.593798534153029E-4 	 1.3855753307739954E-6 	 1.6016462088492017E-6 	 7.225187780362836E-7 	 1.593798534153029E-4 	 
1.6799999999999997 	 1.1283887765560295E-6 	 1.3136802247381488E-6 	 5.803370345795376E-7 	 1.3547786477294336E-4 	 1.1283887765560295E-6 	 1.3136802247381488E-6 	 5.803370345795376E-7 	 1.3547786477294336E-4 	 
1.7039999999999997 	 8.864058043126003E-7 	 1.0491108828852605E-6 	 4.631402589439118E-7 	 1.1832558060691667E-4 	 8.864058043126003E-7 	 1.0491108828852605E-6 	 4.631402589439118E-7 	 1.1832558060691667E-4 	 
1.7279999999999998 	 1.122937872197746E-6 	 1.2608551372419768E-6 	 5.85359103422738E-7 	 1.0985989670791011E-4 	 1.122937872197746E-6 	 1.2608551372419768E-6 	 5.85359103422738E-7 	 1.0985989670791011E-4 	 
1.7519999999999998 	 8.127903022991722E-7 	 9.299868389188178E-7 	 4.2112928996355194E-7 	 8.649158543379253E-5 	 8.127903022991722E-7 	 9.299868389188178E-7 	 4.2112928996355194E-7 	 8.649158543379253E-5 	 
1.7759999999999998 	 5.341143111515684E-7 	 6.1818341085703E-7 	 2.762469693216473E-7 	 6.768013165688085E-5 	 5.341143111515684E-7 	 6.1818341085703E-7 	 2.762469693216473E-7 	 6.768013165688085E-5 	 
1.7999999999999998 	 6.544018112950378E-7 	 7.406006449597422E-7 	 3.4099230035916454E-7 	 6.523062760085845E-5 	 6.544018112950378E-7 	 7.406006449597422E-7 	 3.4099230035916454E-7 	 6.523062760085845E-5 	 
1.8239999999999998 	 4.6038626504381496E-7 	 5.319804166489143E-7 	 2.4281135555018224E-7 	 5.248873639374627E-5 	 4.6038626504381496E-7 	 5.319804166489143E-7 	 2.4281135555018224E-7 	 5.248873639374627E-5 	 
1.8479999999999999 	 3.8566732228301664E-7 	 4.457828776281832E-7 	 2.013267902793241E-7 	 4.38819241879644E-5 	 3.8566732228301664E-7 	 4.457828776281832E-7 	 2.013267902793241E-7 	 4.38819241879644E-5 	 
1.8719999999999999 	 2.9375564039402037E-7 	 3.495169055373797E-7 	 1.525024534045024E-7 	 3.815807170594437E-5 	 2.9375564039402037E-7 	 3.495169055373797E-7 	 1.525024534045024E-7 	 3.815807170594437E-5 	 
1.896 	 2.8340786103589937E-7 	 3.213770833901937E-7 	 1.4960827854868897E-7 	 3.251454693278088E-5 	 2.8340786103589937E-7 	 3.213770833901937E-7 	 1.4960827854868897E-7 	 3.251454693278088E-5 	 
1.92 	 3.377055661342594E-7 	 3.7285155436148855E-7 	 1.7638792674184273E-7 	 2.8491119212015346E-5 	 3.377055661342594E-7 	 3.7285155436148855E-7 	 1.7638792674184273E-7 	 2.8491119212015346E-5 	 
1.944 	 1.543858945229212E-7 	 1.8470856056838649E-7 	 8.080865162571378E-8 	 1.8810416550622267E-5 	 1.543858945229212E-7 	 1.8470856056838649E-7 	 8.080865162571378E-8 	 1.8810416550622267E-5 	 
1.968 	 8.737965781862267E-8 	 1.1074403166243809E-7 	 4.4192633586210145E-8 	 1.603952782901243E-5 	 8.737965781862267E-8 	 1.1074403166243809E-7 	 4.4192633586210145E-8 	 1.603952782901243E-5 	 
1.992 	 1.1022931549852948E-7 	 1.401872080487876E-7 	 5.731421107770847E-8 	 1.7920341177425536E-5 	 1.1022931549852948E-7 	 1.401872080487876E-7 	 5.731421107770847E-8 	 1.7920341177425536E-5 	 
2.016 	 8.918752039211213E-8 	 1.1207737740918136E-7 	 4.549491552882839E-8 	 1.614424865618619E-5 	 8.918752039211213E-8 	 1.1207737740918136E-7 	 4.549491552882839E-8 	 1.614424865618619E-5 	 
2.04 	 1.3300210926340632E-7 	 1.5104464777229108E-7 	 6.792669075693851E-8 	 1.5350951175240107E-5 	 1.3300210926340632E-7 	 1.5104464777229108E-7 	 6.792669075693851E-8 	 1.5350951175240107E-5 	 
2.064 	 1.2983075929680261E-7 	 1.5022252069402048E-7 	 6.922963127759909E-8 	 1.5672899594813503E-5 	 1.2983075929680261E-7 	 1.5022252069402048E-7 	 6.922963127759909E-8 	 1.5672899594813503E-5 	 
2.088 	 1.6787734528405114E-7 	 1.823540772306953E-7 	 8.799966378991339E-8 	 1.2819280258090685E-5 	 1.6787734528405114E-7 	 1.823540772306953E-7 	 8.799966378991339E-8 	 1.2819280258090685E-5 	 
2.112 	 7.505929627054407E-8 	 8.731441823883976E-8 	 4.042832918614554E-8 	 8.523569840808891E-6 	 7.505929627054407E-8 	 8.731441823883976E-8 	 4.042832918614554E-8 	 8.523569840808891E-6 	 
2.136 	 5.2089499270639727E-8 	 5.9495253825892516E-8 	 2.701813308967059E-8 	 6.280659616354239E-6 	 5.2089499270639727E-8 	 5.9495253825892516E-8 	 2.701813308967059E-8 	 6.280659616354239E-6 	 
2.16 	 4.9212822730212884E-8 	 5.5454185477696245E-8 	 2.5811191761246794E-8 	 4.898449338796173E-6 	 4.9212822730212884E-8 	 5.5454185477696245E-8 	 2.5811191761246794E-8 	 4.898449338796173E-6 	 
2.184 	 2.7544628709644703E-8 	 3.530266118849648E-8 	 1.500475631285379E-8 	 5.2241166615275066E-6 	 2.7544628709644703E-8 	 3.530266118849648E-8 	 1.500475631285379E-8 	 5.2241166615275066E-6 	 
2.208 	 2.825373843254849E-8 	 3.636171923864096E-8 	 1.4473441433829583E-8 	 4.9130960459357634E-6 	 2.825373843254849E-8 	 3.636171923864096E-8 	 1.4473441433829583E-8 	 4.9130960459357634E-6 	 
2.232 	 5.664456217405987E-9 	 1.0120943432527606E-8 	 2.74898622376001E-9 	 3.361453184300113E-6 	 5.664456217405987E-9 	 1.0120943432527606E-8 	 2.74898622376001E-9 	 3.361453184300113E-6 	 
2.2560000000000002 	 5.067957581210655E-8 	 5.851535755533299E-8 	 2.6583318771715442E-8 	 5.6548028925350304E-6 	 5.067957581210655E-8 	 5.851535755533299E-8 	 2.6583318771715442E-8 	 5.6548028925350304E-6 	 
2.2800000000000002 	 2.8003546238159216E-8 	 3.420464451356425E-8 	 1.3943965927297334E-8 	 4.504831382558716E-6 	 2.8003546238159216E-8 	 3.420464451356425E-8 	 1.3943965927297334E-8 	 4.504831382558716E-6 	 
2.3040000000000003 	 2.7268748123466183E-8 	 3.029453169545306E-8 	 1.3894495201944631E-8 	 3.228268463957599E-6 	 2.7268748123466183E-8 	 3.029453169545306E-8 	 1.3894495201944631E-8 	 3.228268463957599E-6 	 
2.3280000000000003 	 4.966575950885924E-8 	 5.244551686457061E-8 	 2.484595988309598E-8 	 3.7410555131758893E-6 	 4.966575950885924E-8 	 5.244551686457061E-8 	 2.484595988309598E-8 	 3.7410555131758893E-6 	 
2.3520000000000003 	 2.4139863551441758E-8 	 2.767087674006775E-8 	 1.3410597961202142E-8 	 2.417944908742509E-6 	 2.4139863551441758E-8 	 2.767087674006775E-8 	 1.3410597961202142E-8 	 2.417944908742509E-6 	 
2.3760000000000003 	 2.4831149247254324E-8 	 2.8696224311084572E-8 	 1.2352087732612224E-8 	 2.4479620040259352E-6 	 2.4831149247254324E-8 	 2.8696224311084572E-8 	 1.2352087732612224E-8 	 2.4479620040259352E-6 	 
2.4000000000000004 	 3.829728700587793E-9 	 5.6961196815962855E-9 	 1.1566892151175246E-9 	 1.3890989258820393E-6 	 3.829728700587793E-9 	 5.6961196815962855E-9 	 1.1566892151175246E-9 	 1.3890989258820393E-6 	 
2.4240000000000004 	 4.087832730425573E-9 	 5.218341709153955E-9 	 2.3155601058360374E-9 	 2.1254579037562536E-6 	 4.087832730425573E-9 	 5.218341709153955E-9 	 2.3155601058360374E-9 	 2.1254579037562536E-6 	 
2.4480000000000004 	 6.745455144255794E-8 	 6.908185151305561E-8 	 3.5315382669648106E-8 	 2.3952429816784708E-6 	 6.745455144255794E-8 	 6.908185151305561E-8 	 3.5315382669648106E-8 	 2.3952429816784708E-6 	 
2.4720000000000004 	 0.0 	 0.0 	 0.0 	 0.0 	 0.0 	 0.0 	 0.0 	 0.0 	 
2.4960000000000004 	 0.0 	 0.0 	 0.0 	 0.0 	 0.0 	 0.0 	 0.0 	 0.0 	 
2.5200000000000005 	 0.0 	 0.0 	 0.0 	 0.0 	 0.0 	 0.0 	 0.0 	 0.0 	 
2.5440000000000005 	 0.0 	 0.0 	 0.0 	 0.0 	 0.0 	 0.0 	 0.0 	 0.0 	 
2.5680000000000005 	 0.0 	 0.0 	 0.0 	 0.0 	 0.0 	 0.0 	 0.0 	 0.0 	 
2.5920000000000005 	 0.0 	 0.0 	 0.0 	 0.0 	 0.0 	 0.0 	 0.0 	 0.0 	 
2.6160000000000005 	 0.0 	 0.0 	 0.0 	 0.0 	 0.0 	 0.0 	 0.0 	 0.0 	 
2.6399999999999997 	 0.0 	 0.0 	 0.0 	 0.0 	 0.0 	 0.0 	 0.0 	 0.0 	 
2.6639999999999997 	 0.0 	 0.0 	 0.0 	 0.0 	 0.0 	 0.0 	 0.0 	 0.0 	 
2.6879999999999997 	 0.0 	 0.0 	 0.0 	 0.0 	 0.0 	 0.0 	 0.0 	 0.0 	 
2.7119999999999997 	 0.0 	 0.0 	 0.0 	 0.0 	 0.0 	 0.0 	 0.0 	 0.0 	 
2.7359999999999998 	 0.0 	 0.0 	 0.0 	 0.0 	 0.0 	 0.0 	 0.0 	 0.0 	 
2.76 	 0.0 	 0.0 	 0.0 	 0.0 	 0.0 	 0.0 	 0.0 	 0.0 	 
2.784 	 0.0 	 0.0 	 0.0 	 0.0 	 0.0 	 0.0 	 0.0 	 0.0 	 
2.808 	 0.0 	 0.0 	 0.0 	 0.0 	 0.0 	 0.0 	 0.0 	 0.0 	 
2.832 	 0.0 	 0.0 	 0.0 	 0.0 	 0.0 	 0.0 	 0.0 	 0.0 	 
2.856 	 0.0 	 0.0 	 0.0 	 0.0 	 0.0 	 0.0 	 0.0 	 0.0 	 
2.88 	 0.0 	 0.0 	 0.0 	 0.0 	 0.0 	 0.0 	 0.0 	 0.0 	 
2.904 	 0.0 	 0.0 	 0.0 	 0.0 	 0.0 	 0.0 	 0.0 	 0.0 	 
2.928 	 0.0 	 0.0 	 0.0 	 0.0 	 0.0 	 0.0 	 0.0 	 0.0 	 
2.952 	 0.0 	 0.0 	 0.0 	 0.0 	 0.0 	 0.0 	 0.0 	 0.0 	 
2.976 	 0.0 	 0.0 	 0.0 	 0.0 	 0.0 	 0.0 	 0.0 	 0.0 	 
