-3.0 	 5.682705962804876E-7 	 9.654725235489405E-7 	 4.0466069335030927E-7 	 1.1170919799150162E-4 	 5.682705962804876E-7 	 9.654725235489405E-7 	 4.0466069335030927E-7 	 1.1170919799150162E-4 	 
-2.976 	 4.837853394528952E-7 	 9.089504818953019E-7 	 3.870722548275453E-7 	 1.06370231431632E-4 	 4.837853394528952E-7 	 9.089504818953019E-7 	 3.870722548275453E-7 	 1.06370231431632E-4 	 
-2.952 	 9.672040995722E-7 	 1.4681780967516123E-6 	 7.224581827335698E-7 	 1.4780391232553246E-4 	 9.672040995722E-7 	 1.4681780967516123E-6 	 7.224581827335698E-7 	 1.4780391232553246E-4 	 
-2.928 	 1.4590461163099505E-6 	 2.179469285989557E-6 	 1.4491528976266671E-6 	 1.7342394896908931E-4 	 1.4590461163099505E-6 	 2.179469285989557E-6 	 1.4491528976266671E-6 	 1.7342394896908931E-4 	 
-2.904 	 1.039549746097277E-5 	 1.0733283876055804E-5 	 1.0086735588395476E-5 	 1.437778609261926E-4 	 1.039549746097277E-5 	 1.0733283876055804E-5 	 1.0086735588395476E-5 	 1.437778609261926E-4 	 
-2.88 	 9.749983055971598E-6 	 1.000462145650957E-5 	 9.292816640730449E-6 	 1.483722301808998E-4 	 9.749983055971598E-6 	 1.000462145650957E-5 	 9.292816640730449E-6 	 1.483722301808998E-4 	 
-2.856 	 7.304395569105424E-7 	 1.2787800303122698E-6 	 5.120619582648322E-7 	 1.5130193877839316E-4 	 7.304395569105424E-7 	 1.2787800303122698E-6 	 5.120619582648322E-7 	 1.5130193877839316E-4 	 
-2.832 	 7.131674953913438E-7 	 1.278679998761725E-6 	 5.150914065317815E-7 	 1.5230289031409536E-4 	 7.131674953913438E-7 	 1.278679998761725E-6 	 5.150914065317815E-7 	 1.5230289031409536E-4 	 
-2.808 	 1.0358633829807247E-6 	 1.6569523740578056E-6 	 6.966248564693057E-7 	 1.908522286723397E-4 	 1.0358633829807247E-6 	 1.6569523740578056E-6 	 6.966248564693057E-7 	 1.908522286723397E-4 	 
-2.784 	 1.5524130485377967E-6 	 2.4165962693630953E-6 	 1.099043317034504E-6 	 2.7803767489495076E-4 	 1.5524130485377967E-6 	 2.4165962693630953E-6 	 1.099043317034504E-6 	 2.7803767489495076E-4 	 
-2.76 	 2.0011922019046117E-6 	 3.0439909034804004E-6 	 1.7313363774582768E-6 	 2.9707367248283143E-4 	 2.0011922019046117E-6 	 3.0439909034804004E-6 	 1.7313363774582768E-6 	 2.9707367248283143E-4 	 
-2.7359999999999998 	 1.0211058071749137E-5 	 1.0817403638384388E-5 	 9.718206781986037E-6 	 2.4194020414850743E-4 	 1.0211058071749137E-5 	 1.0817403638384388E-5 	 9.718206781986037E-6 	 2.4194020414850743E-4 	 
-2.7119999999999997 	 1.8049094104996356E-6 	 2.7473913578892516E-6 	 1.6783284145733257E-6 	 2.2392422282120216E-4 	 1.8049094104996356E-6 	 2.7473913578892516E-6 	 1.6783284145733257E-6 	 2.2392422282120216E-4 	 
-2.688 	 1.0691015568398626E-5 	 1.1320459077439512E-5 	 1.0299586128037838E-5 	 2.2247369942882266E-4 	 1.0691015568398626E-5 	 1.1320459077439512E-5 	 1.0299586128037838E-5 	 2.2247369942882266E-4 	 
-2.664 	 1.006371928029422E-5 	 1.056757991192631E-5 	 9.514732629526695E-6 	 2.1027444453084192E-4 	 1.006371928029422E-5 	 1.056757991192631E-5 	 9.514732629526695E-6 	 2.1027444453084192E-4 	 
-2.64 	 1.5630098415248872E-6 	 2.4533747803670364E-6 	 9.959414853530907E-7 	 2.898505538307196E-4 	 1.5630098415248872E-6 	 2.4533747803670364E-6 	 9.959414853530907E-7 	 2.898505538307196E-4 	 
-2.616 	 1.7257465994364411E-6 	 2.8531247416357547E-6 	 1.1302912600876246E-6 	 3.676734842845192E-4 	 1.7257465994364411E-6 	 2.8531247416357547E-6 	 1.1302912600876246E-6 	 3.676734842845192E-4 	 
-2.592 	 1.636810937193511E-6 	 2.8087402784884764E-6 	 1.118833821370155E-6 	 3.564445407210965E-4 	 1.636810937193511E-6 	 2.8087402784884764E-6 	 1.118833821370155E-6 	 3.564445407210965E-4 	 
-2.568 	 1.2709258164694755E-6 	 2.3928581704246126E-6 	 9.455846042004111E-7 	 2.993139283766256E-4 	 1.2709258164694755E-6 	 2.3928581704246126E-6 	 9.455846042004111E-7 	 2.993139283766256E-4 	 
-2.544 	 1.4832842387158507E-6 	 2.584598177392817E-6 	 1.0803761659056621E-6 	 2.878698197358824E-4 	 1.4832842387158507E-6 	 2.584598177392817E-6 	 1.0803761659056621E-6 	 2.878698197358824E-4 	 
-2.52 	 2.0748721301042055E-6 	 3.3788390282551075E-6 	 1.5744736504355336E-6 	 3.6962864445403776E-4 	 2.0748721301042055E-6 	 3.3788390282551075E-6 	 1.5744736504355336E-6 	 3.6962864445403776E-4 	 
-2.496 	 3.2877898913713244E-6 	 4.889089864612342E-6 	 2.981841261473454E-6 	 4.159429207161004E-4 	 3.2877898913713244E-6 	 4.889089864612342E-6 	 2.981841261473454E-6 	 4.159429207161004E-4 	 
-2.472 	 1.989462303754083E-5 	 2.0696508633664615E-5 	 1.898459557803198E-5 	 3.728474661737526E-4 	 1.989462303754083E-5 	 2.0696508633664615E-5 	 1.898459557803198E-5 	 3.728474661737526E-4 	 
-2.448 	 2.7133103455045873E-6 	 4.1780046648358534E-6 	 2.304050423987445E-6 	 3.822976779142641E-4 	 2.7133103455045873E-6 	 4.1780046648358534E-6 	 2.304050423987445E-6 	 3.822976779142641E-4 	 
-2.424 	 1.2382804037860921E-5 	 1.3787647821433708E-5 	 1.1387015067734015E-5 	 5.115138470568579E-4 	 1.2382804037860921E-5 	 1.3787647821433708E-5 	 1.1387015067734015E-5 	 5.115138470568579E-4 	 
-2.4 	 1.1634863401063214E-5 	 1.3187086659224473E-5 	 1.064746567138107E-5 	 5.530746842439232E-4 	 1.1634863401063214E-5 	 1.3187086659224473E-5 	 1.064746567138107E-5 	 5.530746842439232E-4 	 
-2.376 	 2.6459481964920527E-6 	 4.517152340835603E-6 	 2.066369247034756E-6 	 5.134951332270781E-4 	 2.6459481964920527E-6 	 4.517152340835603E-6 	 2.066369247034756E-6 	 5.134951332270781E-4 	 
-2.352 	 4.577494184703264E-6 	 6.778878894627674E-6 	 3.9936419406068655E-6 	 6.004720043213405E-4 	 4.577494184703264E-6 	 6.778878894627674E-6 	 3.9936419406068655E-6 	 6.004720043213405E-4 	 
-2.328 	 2.2392712618467984E-5 	 2.4273660944485648E-5 	 2.1575241014246144E-5 	 6.171366481581271E-4 	 2.2392712618467984E-5 	 2.4273660944485648E-5 	 2.1575241014246144E-5 	 6.171366481581271E-4 	 
-2.304 	 2.3267293408826677E-5 	 2.5094309824046854E-5 	 2.2191119204272797E-5 	 6.288049862591099E-4 	 2.3267293408826677E-5 	 2.5094309824046854E-5 	 2.2191119204272797E-5 	 6.288049862591099E-4 	 
-2.2800000000000002 	 3.0711808257073275E-5 	 3.2310456193439125E-5 	 2.8961103841043765E-5 	 7.217353018779009E-4 	 3.0711808257073275E-5 	 3.2310456193439125E-5 	 2.8961103841043765E-5 	 7.217353018779009E-4 	 
-2.2560000000000002 	 4.191418938357252E-6 	 6.711133018424017E-6 	 3.310995487028243E-6 	 7.308856837624868E-4 	 4.191418938357252E-6 	 6.711133018424017E-6 	 3.310995487028243E-6 	 7.308856837624868E-4 	 
-2.232 	 1.4112154221658208E-5 	 1.6651942025609168E-5 	 1.2699979546575175E-5 	 8.43063998811844E-4 	 1.4112154221658208E-5 	 1.6651942025609168E-5 	 1.2699979546575175E-5 	 8.43063998811844E-4 	 
-2.208 	 1.457213794076234E-5 	 1.737946979953848E-5 	 1.336595297761644E-5 	 8.992689459184736E-4 	 1.457213794076234E-5 	 1.737946979953848E-5 	 1.336595297761644E-5 	 8.992689459184736E-4 	 
-2.184 	 2.333523501202254E-5 	 2.5837005674880233E-5 	 2.1587110579463797E-5 	 9.186124595541802E-4 	 2.333523501202254E-5 	 2.5837005674880233E-5 	 2.1587110579463797E-5 	 9.186124595541802E-4 	 
-2.16 	 1.4163086525369216E-5 	 1.7098206405521873E-5 	 1.2716878831568275E-5 	 9.55678692624444E-4 	 1.4163086525369216E-5 	 1.7098206405521873E-5 	 1.2716878831568275E-5 	 9.55678692624444E-4 	 
-2.136 	 1.396457111935404E-5 	 1.6944643946505754E-5 	 1.2511239128961657E-5 	 9.551052533477881E-4 	 1.396457111935404E-5 	 1.6944643946505754E-5 	 1.2511239128961657E-5 	 9.551052533477881E-4 	 
-2.112 	 7.94215945161786E-6 	 1.1783501580208263E-5 	 6.922459593681269E-6 	 0.0010658883654869045 	 7.94215945161786E-6 	 1.1783501580208263E-5 	 6.922459593681269E-6 	 0.0010658883654869045 	 
-2.088 	 4.214277234729984E-5 	 4.4811150744386756E-5 	 3.9900913115393363E-5 	 0.0011004744564005685 	 4.214277234729984E-5 	 4.4811150744386756E-5 	 3.9900913115393363E-5 	 0.0011004744564005685 	 
-2.064 	 1.6498994535020703E-5 	 2.0272198454072713E-5 	 1.4773414496833623E-5 	 0.00118104655737376 	 1.6498994535020703E-5 	 2.0272198454072713E-5 	 1.4773414496833623E-5 	 0.00118104655737376 	 
-2.04 	 2.6403702507431263E-5 	 3.0438080056352896E-5 	 2.4423638611349918E-5 	 0.0013504405046550693 	 2.6403702507431263E-5 	 3.0438080056352896E-5 	 2.4423638611349918E-5 	 0.0013504405046550693 	 
-2.016 	 2.8908344255740225E-5 	 3.346101480476861E-5 	 2.7180845543101956E-5 	 0.001429503327712629 	 2.8908344255740225E-5 	 3.346101480476861E-5 	 2.7180845543101956E-5 	 0.001429503327712629 	 
-1.992 	 6.217981573648334E-5 	 6.541251072457585E-5 	 5.884012492622345E-5 	 0.0014745822001086576 	 6.217981573648334E-5 	 6.541251072457585E-5 	 5.884012492622345E-5 	 0.0014745822001086576 	 
-1.968 	 1.899364683991125E-5 	 2.4095808963149813E-5 	 1.6913304042339037E-5 	 0.0015806055583060179 	 1.899364683991125E-5 	 2.4095808963149813E-5 	 1.6913304042339037E-5 	 0.0015806055583060179 	 
-1.944 	 3.803818053791222E-5 	 4.31005789398689E-5 	 3.553381866440629E-5 	 0.001707728935977392 	 3.803818053791222E-5 	 4.31005789398689E-5 	 3.553381866440629E-5 	 0.001707728935977392 	 
-1.92 	 4.784693392532484E-5 	 5.2874968157676996E-5 	 4.464811222765648E-5 	 0.0018380593023074566 	 4.784693392532484E-5 	 5.2874968157676996E-5 	 4.464811222765648E-5 	 0.0018380593023074566 	 
-1.896 	 4.854240743045418E-5 	 5.412192605664136E-5 	 4.469531650976137E-5 	 0.002103858281070987 	 4.854240743045418E-5 	 5.412192605664136E-5 	 4.469531650976137E-5 	 0.002103858281070987 	 
-1.8719999999999999 	 4.0156008989378875E-5 	 4.655185166648288E-5 	 3.65759904719907E-5 	 0.002253194576641899 	 4.0156008989378875E-5 	 4.655185166648288E-5 	 3.65759904719907E-5 	 0.002253194576641899 	 
-1.8479999999999999 	 4.823837756039834E-5 	 5.4441452022281065E-5 	 4.388525952800209E-5 	 0.002330033996589541 	 4.823837756039834E-5 	 5.4441452022281065E-5 	 4.388525952800209E-5 	 0.002330033996589541 	 
-1.824 	 3.1227751037763214E-5 	 3.865981021044548E-5 	 2.6305761545821175E-5 	 0.002676831624198578 	 3.1227751037763214E-5 	 3.865981021044548E-5 	 2.6305761545821175E-5 	 0.002676831624198578 	 
-1.8 	 1.5933305242139976E-5 	 2.5236483226829404E-5 	 1.1651041205404041E-5 	 0.003020664350138464 	 1.5933305242139976E-5 	 2.5236483226829404E-5 	 1.1651041205404041E-5 	 0.003020664350138464 	 
-1.776 	 4.4080132397406946E-5 	 5.3201179434134524E-5 	 3.8371139054952885E-5 	 0.003278465976161999 	 4.4080132397406946E-5 	 5.3201179434134524E-5 	 3.8371139054952885E-5 	 0.003278465976161999 	 
-1.752 	 3.7115268432055636E-5 	 4.7587921946611275E-5 	 3.133956272684443E-5 	 0.0036168736694598457 	 3.7115268432055636E-5 	 4.7587921946611275E-5 	 3.133956272684443E-5 	 0.0036168736694598457 	 
-1.728 	 4.634137178055058E-5 	 5.7088753171197054E-5 	 4.0672487983156324E-5 	 0.0036940926377179144 	 4.634137178055058E-5 	 5.7088753171197054E-5 	 4.0672487983156324E-5 	 0.0036940926377179144 	 
-1.704 	 5.605678041172011E-5 	 6.687930621882654E-5 	 4.921778845983364E-5 	 0.003883290023824694 	 5.605678041172011E-5 	 6.687930621882654E-5 	 4.921778845983364E-5 	 0.003883290023824694 	 
-1.68 	 4.241689375342273E-5 	 5.535305916093763E-5 	 3.5185661467037254E-5 	 0.004473281963444365 	 4.241689375342273E-5 	 5.535305916093763E-5 	 3.5185661467037254E-5 	 0.004473281963444365 	 
-1.656 	 6.789615273793092E-5 	 8.100782223481118E-5 	 5.961169006743362E-5 	 0.004793296657874455 	 6.789615273793092E-5 	 8.100782223481118E-5 	 5.961169006743362E-5 	 0.004793296657874455 	 
-1.632 	 3.68172860208636E-5 	 5.228309906101137E-5 	 2.913123433572589E-5 	 0.0051138972227172 	 3.68172860208636E-5 	 5.228309906101137E-5 	 2.913123433572589E-5 	 0.0051138972227172 	 
-1.6079999999999999 	 8.23488885645224E-5 	 9.772862222262952E-5 	 7.213972980950216E-5 	 0.005693838372182934 	 8.23488885645224E-5 	 9.772862222262952E-5 	 7.213972980950216E-5 	 0.005693838372182934 	 
-1.584 	 5.116205667815547E-5 	 6.953097142666778E-5 	 4.141882779801752E-5 	 0.006260291483910076 	 5.116205667815547E-5 	 6.953097142666778E-5 	 4.141882779801752E-5 	 0.006260291483910076 	 
-1.56 	 8.809936711892236E-5 	 1.0679910314607957E-4 	 7.65623015027918E-5 	 0.00676437152828171 	 8.809936711892236E-5 	 1.0679910314607957E-4 	 7.65623015027918E-5 	 0.00676437152828171 	 
-1.536 	 7.357051374619874E-5 	 9.448399249069637E-5 	 6.167668122842054E-5 	 0.00730522635105666 	 7.357051374619874E-5 	 9.448399249069637E-5 	 6.167668122842054E-5 	 0.00730522635105666 	 
-1.512 	 8.770939491343311E-5 	 1.1064762699408374E-4 	 7.424868080962455E-5 	 0.00812772012257293 	 8.770939491343311E-5 	 1.1064762699408374E-4 	 7.424868080962455E-5 	 0.00812772012257293 	 
-1.488 	 1.0880461648349984E-4 	 1.3361804616815725E-4 	 9.324080566732307E-5 	 0.00902990538355254 	 1.0880461648349984E-4 	 1.3361804616815725E-4 	 9.324080566732307E-5 	 0.00902990538355254 	 
-1.464 	 9.680526936850749E-5 	 1.2502093644184715E-4 	 8.082323525738228E-5 	 0.009909445280492332 	 9.680526936850749E-5 	 1.2502093644184715E-4 	 8.082323525738228E-5 	 0.009909445280492332 	 
-1.44 	 1.359376070081872E-4 	 1.6552091559377587E-4 	 1.1718905580481414E-4 	 0.010821229436412482 	 1.359376070081872E-4 	 1.6552091559377587E-4 	 1.1718905580481414E-4 	 0.010821229436412482 	 
-1.416 	 1.229485744488108E-4 	 1.558679511414914E-4 	 1.0292494755882716E-4 	 0.011830662819937351 	 1.229485744488108E-4 	 1.558679511414914E-4 	 1.0292494755882716E-4 	 0.011830662819937351 	 
-1.392 	 1.403869920691958E-4 	 1.7533727211281212E-4 	 1.176862852916396E-4 	 0.012810188534559588 	 1.403869920691958E-4 	 1.7533727211281212E-4 	 1.176862852916396E-4 	 0.012810188534559588 	 
-1.3679999999999999 	 7.971859272997565E-5 	 1.2118846277297057E-4 	 5.664120415765204E-5 	 0.014259751326273482 	 7.971859272997565E-5 	 1.2118846277297057E-4 	 5.664120415765204E-5 	 0.014259751326273482 	 
-1.3439999999999999 	 1.3837581909830843E-4 	 1.8276903798482205E-4 	 1.1279264774847087E-4 	 0.015627093427501685 	 1.3837581909830843E-4 	 1.8276903798482205E-4 	 1.1279264774847087E-4 	 0.015627093427501685 	 
-1.32 	 1.4540594347727505E-4 	 1.9341110607029339E-4 	 1.1784810481020305E-4 	 0.016725137091385046 	 1.4540594347727505E-4 	 1.9341110607029339E-4 	 1.1784810481020305E-4 	 0.016725137091385046 	 
-1.296 	 1.694395119459233E-4 	 2.2156816847191885E-4 	 1.391145418148668E-4 	 0.018219979086093224 	 1.694395119459233E-4 	 2.2156816847191885E-4 	 1.391145418148668E-4 	 0.018219979086093224 	 
-1.272 	 1.663940523612524E-4 	 2.233571299791172E-4 	 1.3497755335983112E-4 	 0.019475206299003546 	 1.663940523612524E-4 	 2.233571299791172E-4 	 1.3497755335983112E-4 	 0.019475206299003546 	 
-1.248 	 1.9073146446653953E-4 	 2.5203572850701156E-4 	 1.558625816164462E-4 	 0.020975928969043045 	 1.9073146446653953E-4 	 2.5203572850701156E-4 	 1.558625816164462E-4 	 0.020975928969043045 	 
-1.224 	 1.7880609820121202E-4 	 2.4674511233609446E-4 	 1.4312889256951544E-4 	 0.02250626022912543 	 1.7880609820121202E-4 	 2.4674511233609446E-4 	 1.4312889256951544E-4 	 0.02250626022912543 	 
-1.2 	 1.8838027891532902E-4 	 2.6219339981641427E-4 	 1.5152014883147374E-4 	 0.023810745049464635 	 1.8838027891532902E-4 	 2.6219339981641427E-4 	 1.5152014883147374E-4 	 0.023810745049464635 	 
-1.176 	 2.5223104722778316E-4 	 3.299834801631848E-4 	 2.1042451711164925E-4 	 0.025321999587289343 	 2.5223104722778316E-4 	 3.299834801631848E-4 	 2.1042451711164925E-4 	 0.025321999587289343 	 
-1.152 	 1.7003222151647772E-4 	 2.578462045895768E-4 	 1.2863522924095664E-4 	 0.02697755112797823 	 1.7003222151647772E-4 	 2.578462045895768E-4 	 1.2863522924095664E-4 	 0.02697755112797823 	 
-1.128 	 1.8218827854030317E-4 	 2.7694631287451994E-4 	 1.4069023100090448E-4 	 0.0281438894321859 	 1.8218827854030317E-4 	 2.7694631287451994E-4 	 1.4069023100090448E-4 	 0.0281438894321859 	 
-1.1039999999999999 	 1.7790921236390334E-4 	 2.7914292595008567E-4 	 1.3713860225559706E-4 	 0.02874676969842043 	 1.7790921236390334E-4 	 2.7914292595008567E-4 	 1.3713860225559706E-4 	 0.02874676969842043 	 
-1.08 	 2.1169115952331382E-4 	 3.1906117739943204E-4 	 1.680726356758462E-4 	 0.030005287380700525 	 2.1169115952331382E-4 	 3.1906117739943204E-4 	 1.680726356758462E-4 	 0.030005287380700525 	 
-1.056 	 1.970493804338888E-4 	 3.125607041768039E-4 	 1.554625199696852E-4 	 0.030851688109131113 	 1.970493804338888E-4 	 3.125607041768039E-4 	 1.554625199696852E-4 	 0.030851688109131113 	 
-1.032 	 2.271503706731456E-4 	 3.470486282161807E-4 	 1.8420617815160267E-4 	 0.031245878504844053 	 2.271503706731456E-4 	 3.470486282161807E-4 	 1.8420617815160267E-4 	 0.031245878504844053 	 
-1.008 	 2.1508059069702415E-4 	 3.3997939123221537E-4 	 1.74022146651807E-4 	 0.0313470019930337 	 2.1508059069702415E-4 	 3.3997939123221537E-4 	 1.74022146651807E-4 	 0.0313470019930337 	 
-0.984 	 1.8365882908189023E-4 	 3.1203183890298386E-4 	 1.466414900022584E-4 	 0.030408574880315068 	 1.8365882908189023E-4 	 3.1203183890298386E-4 	 1.466414900022584E-4 	 0.030408574880315068 	 
-0.96 	 1.8161196881363216E-4 	 3.117843437327267E-4 	 1.4713347757107164E-4 	 0.02943166681936498 	 1.8161196881363216E-4 	 3.117843437327267E-4 	 1.4713347757107164E-4 	 0.02943166681936498 	 
-0.9359999999999999 	 1.9113511856683394E-4 	 3.209066919195138E-4 	 1.5960013756578944E-4 	 0.028070302446309814 	 1.9113511856683394E-4 	 3.209066919195138E-4 	 1.5960013756578944E-4 	 0.028070302446309814 	 
-0.9119999999999999 	 1.5758116998476856E-4 	 2.8680148669533604E-4 	 1.3020269540092507E-4 	 0.026318356535585077 	 1.5758116998476856E-4 	 2.8680148669533604E-4 	 1.3020269540092507E-4 	 0.026318356535585077 	 
-0.8879999999999999 	 1.4944085433379713E-4 	 2.764235581300469E-4 	 1.265244489101333E-4 	 0.024330644828163703 	 1.4944085433379713E-4 	 2.764235581300469E-4 	 1.265244489101333E-4 	 0.024330644828163703 	 
-0.8639999999999999 	 1.4958922203681964E-4 	 2.72087091565184E-4 	 1.302032939414258E-4 	 0.022063655553177887 	 1.4958922203681964E-4 	 2.72087091565184E-4 	 1.302032939414258E-4 	 0.022063655553177887 	 
-0.8399999999999999 	 1.3924189221570192E-4 	 2.574984059816678E-4 	 1.236032297518272E-4 	 0.019829638857697215 	 1.3924189221570192E-4 	 2.574984059816678E-4 	 1.236032297518272E-4 	 0.019829638857697215 	 
-0.8159999999999998 	 1.1107237243789968E-4 	 2.2464940761031347E-4 	 1.0000021258587972E-4 	 0.017443457948115193 	 1.1107237243789968E-4 	 2.2464940761031347E-4 	 1.0000021258587972E-4 	 0.017443457948115193 	 
-0.7919999999999998 	 9.754207766976459E-5 	 2.070034801775715E-4 	 8.972199770430126E-5 	 0.01543632618161844 	 9.754207766976459E-5 	 2.070034801775715E-4 	 8.972199770430126E-5 	 0.01543632618161844 	 
-0.7679999999999998 	 1.1601713684334572E-4 	 2.1995235100262203E-4 	 1.1074078930437892E-4 	 0.013511293761391537 	 1.1601713684334572E-4 	 2.1995235100262203E-4 	 1.1074078930437892E-4 	 0.013511293761391537 	 
-0.7439999999999998 	 1.0257395935645609E-4 	 2.023040699716253E-4 	 9.926751443838817E-5 	 0.011818042164912885 	 1.0257395935645609E-4 	 2.023040699716253E-4 	 9.926751443838817E-5 	 0.011818042164912885 	 
-0.7199999999999998 	 9.899233963396896E-5 	 1.9565406727819787E-4 	 9.715668402400954E-5 	 0.010640219006746913 	 9.899233963396896E-5 	 1.9565406727819787E-4 	 9.715668402400954E-5 	 0.010640219006746913 	 
-0.6959999999999997 	 9.323367978628287E-5 	 1.8611337673330583E-4 	 9.285208022074292E-5 	 0.00935226034571106 	 9.323367978628287E-5 	 1.8611337673330583E-4 	 9.285208022074292E-5 	 0.00935226034571106 	 
-0.6720000000000002 	 6.459802114929143E-5 	 1.5642070406899077E-4 	 6.658049521113676E-5 	 0.008234483834143606 	 6.459802114929143E-5 	 1.5642070406899077E-4 	 6.658049521113676E-5 	 0.008234483834143606 	 
-0.6480000000000001 	 7.09452315863789E-5 	 1.5966809293100752E-4 	 7.363359583940389E-5 	 0.007316731289291477 	 7.09452315863789E-5 	 1.5966809293100752E-4 	 7.363359583940389E-5 	 0.007316731289291477 	 
-0.6240000000000001 	 6.20549208637141E-5 	 1.5063803928719275E-4 	 6.600075142911115E-5 	 0.006614785010248423 	 6.20549208637141E-5 	 1.5063803928719275E-4 	 6.600075142911115E-5 	 0.006614785010248423 	 
-0.6000000000000001 	 5.5840232549891135E-5 	 1.4329298106007912E-4 	 6.116123096243706E-5 	 0.006022296883402578 	 5.5840232549891135E-5 	 1.4329298106007912E-4 	 6.116123096243706E-5 	 0.006022296883402578 	 
-0.5760000000000001 	 1.0022717305512261E-4 	 1.856865469392727E-4 	 1.0438587726792926E-4 	 0.005548293294988655 	 1.0022717305512261E-4 	 1.856865469392727E-4 	 1.0438587726792926E-4 	 0.005548293294988655 	 
-0.552 	 7.295848282461318E-5 	 1.593628985943692E-4 	 7.841332717088069E-5 	 0.005121439300015567 	 7.295848282461318E-5 	 1.593628985943692E-4 	 7.841332717088069E-5 	 0.005121439300015567 	 
-0.528 	 5.701595194469405E-5 	 1.437918882592241E-4 	 6.378341700143666E-5 	 0.004725390692095908 	 5.701595194469405E-5 	 1.437918882592241E-4 	 6.378341700143666E-5 	 0.004725390692095908 	 
-0.504 	 7.634204508768652E-5 	 1.6327324749287734E-4 	 8.322792182160263E-5 	 0.004396671090649597 	 7.634204508768652E-5 	 1.6327324749287734E-4 	 8.322792182160263E-5 	 0.004396671090649597 	 
-0.48 	 6.921834810479438E-5 	 1.5642382617672715E-4 	 7.699966796862891E-5 	 0.004099709414831142 	 6.921834810479438E-5 	 1.5642382617672715E-4 	 7.699966796862891E-5 	 0.004099709414831142 	 
-0.45599999999999996 	 8.106244350006811E-5 	 1.6983034953857811E-4 	 8.9539743464928E-5 	 0.003878377867698543 	 8.106244350006811E-5 	 1.6983034953857811E-4 	 8.9539743464928E-5 	 0.003878377867698543 	 
-0.43199999999999994 	 9.091351594820423E-5 	 1.7956449550943755E-4 	 9.961651671781104E-5 	 0.003624126253075797 	 9.091351594820423E-5 	 1.7956449550943755E-4 	 9.961651671781104E-5 	 0.003624126253075797 	 
-0.4079999999999999 	 8.525533859219299E-5 	 1.7655717689363313E-4 	 9.539653802904427E-5 	 0.003444331635406496 	 8.525533859219299E-5 	 1.7655717689363313E-4 	 9.539653802904427E-5 	 0.003444331635406496 	 
-0.3839999999999999 	 1.041700432903935E-4 	 1.9541011514531402E-4 	 1.1395810082794657E-4 	 0.003306176037325585 	 1.041700432903935E-4 	 1.9541011514531402E-4 	 1.1395810082794657E-4 	 0.003306176037325585 	 
-0.3599999999999999 	 8.934824306484116E-5 	 1.839460664245587E-4 	 1.0110021862745966E-4 	 0.003198427156946053 	 8.934824306484116E-5 	 1.839460664245587E-4 	 1.0110021862745966E-4 	 0.003198427156946053 	 
-0.33599999999999985 	 1.0927990849898013E-4 	 2.0525754357088283E-4 	 1.2129544070839069E-4 	 0.003022067119754254 	 1.0927990849898013E-4 	 2.0525754357088283E-4 	 1.2129544070839069E-4 	 0.003022067119754254 	 
-0.31199999999999983 	 1.0166504748902989E-4 	 1.995029755282058E-4 	 1.1480765077477734E-4 	 0.0028872352605988946 	 1.0166504748902989E-4 	 1.995029755282058E-4 	 1.1480765077477734E-4 	 0.0028872352605988946 	 
-0.2879999999999998 	 9.684222623413816E-5 	 1.9841732688279692E-4 	 1.1155295528989839E-4 	 0.0028416603404923385 	 9.684222623413816E-5 	 1.9841732688279692E-4 	 1.1155295528989839E-4 	 0.0028416603404923385 	 
-0.2639999999999998 	 1.0199505722627208E-4 	 2.060950988669323E-4 	 1.1863133438555947E-4 	 0.0027207376520113217 	 1.0199505722627208E-4 	 2.060950988669323E-4 	 1.1863133438555947E-4 	 0.0027207376520113217 	 
-0.23999999999999977 	 1.4908562905543957E-4 	 2.552895483340094E-4 	 1.6527427022166124E-4 	 0.002629567777714547 	 1.4908562905543957E-4 	 2.552895483340094E-4 	 1.6527427022166124E-4 	 0.002629567777714547 	 
-0.21599999999999975 	 1.1548593830399331E-4 	 2.2614244021526526E-4 	 1.342025048852763E-4 	 0.002588573163318681 	 1.1548593830399331E-4 	 2.2614244021526526E-4 	 1.342025048852763E-4 	 0.002588573163318681 	 
-0.19199999999999973 	 9.607369214968692E-5 	 2.1222491813888963E-4 	 1.183553254423825E-4 	 0.0024998210597972 	 9.607369214968692E-5 	 2.1222491813888963E-4 	 1.183553254423825E-4 	 0.0024998210597972 	 
-0.16800000000000015 	 1.4614346772171796E-4 	 2.6558771459827385E-4 	 1.6938261231283088E-4 	 0.002446814986322466 	 1.4614346772171796E-4 	 2.6558771459827385E-4 	 1.6938261231283088E-4 	 0.002446814986322466 	 
-0.14400000000000013 	 1.2789415827385244E-4 	 2.544134443023186E-4 	 1.5560529500914112E-4 	 0.002397833347231639 	 1.2789415827385244E-4 	 2.544134443023186E-4 	 1.5560529500914112E-4 	 0.002397833347231639 	 
-0.1200000000000001 	 1.5117009893416466E-4 	 2.8532058577186134E-4 	 1.8375109699218155E-4 	 0.002369635316327139 	 1.5117009893416466E-4 	 2.8532058577186134E-4 	 1.8375109699218155E-4 	 0.002369635316327139 	 
-0.09600000000000009 	 2.2194314580997068E-4 	 3.6357712069181073E-4 	 2.601604470384364E-4 	 0.002330395811146172 	 2.2194314580997068E-4 	 3.6357712069181073E-4 	 2.601604470384364E-4 	 0.002330395811146172 	 
-0.07200000000000006 	 2.9368702293291045E-4 	 4.4698220885160247E-4 	 3.4205595245627814E-4 	 0.002314774288412086 	 2.9368702293291045E-4 	 4.4698220885160247E-4 	 3.4205595245627814E-4 	 0.002314774288412086 	 
-0.04800000000000004 	 6.203628777666253E-4 	 7.771264506085159E-4 	 6.700508176718962E-4 	 0.0023414344840422935 	 6.203628777666253E-4 	 7.771264506085159E-4 	 6.700508176718962E-4 	 0.0023414344840422935 	 
-0.02400000000000002 	 6.33704389267784E-4 	 8.112790692246569E-4 	 7.045606327259406E-4 	 0.002335420438527548 	 6.33704389267784E-4 	 8.112790692246569E-4 	 7.045606327259406E-4 	 0.002335420438527548 	 
0.0 	 0.0011719279325207754 	 0.0013596762779337892 	 0.00125426235856235 	 0.002377383202373387 	 0.0011719279325207754 	 0.0013596762779337892 	 0.00125426235856235 	 0.002377383202373387 	 
0.02400000000000002 	 0.0017191750902968285 	 0.0019246209348787143 	 0.0018245739361302331 	 0.002392471542534936 	 0.0017191750902968285 	 0.0019246209348787143 	 0.0018245739361302331 	 0.002392471542534936 	 
0.04800000000000004 	 0.0027172219462904294 	 0.0029356638479135166 	 0.0028444528135910243 	 0.002447322719064136 	 0.0027172219462904294 	 0.0029356638479135166 	 0.0028444528135910243 	 0.002447322719064136 	 
0.07200000000000006 	 0.003912293531853367 	 0.004155108757493287 	 0.004079774876652443 	 0.002536121480358075 	 0.003912293531853367 	 0.004155108757493287 	 0.004079774876652443 	 0.002536121480358075 	 
0.09600000000000009 	 0.0061460192904421035 	 0.006392765571485146 	 0.006341356120339726 	 0.0026586689777816476 	 0.0061460192904421035 	 0.006392765571485146 	 0.006341356120339726 	 0.0026586689777816476 	 
0.1200000000000001 	 0.0088030606760257 	 0.009061922574264317 	 0.00904457883540732 	 0.002802529004117578 	 0.0088030606760257 	 0.009061922574264317 	 0.00904457883540732 	 0.002802529004117578 	 
0.14400000000000013 	 0.012888156180732468 	 0.013122333012837167 	 0.013147302701105971 	 0.0029985486962355876 	 0.012888156180732468 	 0.013122333012837167 	 0.013147302701105971 	 0.0029985486962355876 	 
0.16800000000000015 	 0.01754511099362378 	 0.01774126621922755 	 0.01781259698688656 	 0.0032245055953921886 	 0.01754511099362378 	 0.01774126621922755 	 0.01781259698688656 	 0.0032245055953921886 	 
0.19200000000000017 	 0.022055231968947223 	 0.02223890606334973 	 0.022368144281415547 	 0.0034442089707874385 	 0.022055231968947223 	 0.02223890606334973 	 0.022368144281415547 	 0.0034442089707874385 	 
0.2160000000000002 	 0.028916013573748782 	 0.028990977958412774 	 0.029176646200268073 	 0.003717619955223007 	 0.028916013573748782 	 0.028990977958412774 	 0.029176646200268073 	 0.003717619955223007 	 
0.2400000000000002 	 0.03368377694741542 	 0.03372640917331446 	 0.03397353990133113 	 0.0038990428121926817 	 0.03368377694741542 	 0.03372640917331446 	 0.03397353990133113 	 0.0038990428121926817 	 
0.26400000000000023 	 0.04041765285023305 	 0.04034303725272755 	 0.04064784764070477 	 0.0041635812590035655 	 0.04041765285023305 	 0.04034303725272755 	 0.04064784764070477 	 0.0041635812590035655 	 
0.28800000000000026 	 0.04536053301261226 	 0.04521850175931997 	 0.045579892303512066 	 0.004301163067709009 	 0.04536053301261226 	 0.04521850175931997 	 0.045579892303512066 	 0.004301163067709009 	 
0.3120000000000003 	 0.051221150599909525 	 0.05094094598007696 	 0.051346737032485434 	 0.004403386192655447 	 0.051221150599909525 	 0.05094094598007696 	 0.051346737032485434 	 0.004403386192655447 	 
0.33599999999999985 	 0.0546914363096671 	 0.05431378428559643 	 0.05474644819863074 	 0.004416395065098007 	 0.0546914363096671 	 0.05431378428559643 	 0.05474644819863074 	 0.004416395065098007 	 
0.3599999999999999 	 0.05617375208100231 	 0.05574231390533529 	 0.0561930467962977 	 0.00432812205360163 	 0.05617375208100231 	 0.05574231390533529 	 0.0561930467962977 	 0.00432812205360163 	 
0.3839999999999999 	 0.057458479056109554 	 0.05694342120874699 	 0.05739745503893247 	 0.004213165261181815 	 0.057458479056109554 	 0.05694342120874699 	 0.05739745503893247 	 0.004213165261181815 	 
0.4079999999999999 	 0.055944364840040006 	 0.05543582644241459 	 0.05589035269938345 	 0.00400514497326945 	 0.055944364840040006 	 0.05543582644241459 	 0.05589035269938345 	 0.00400514497326945 	 
0.43199999999999994 	 0.055944266949852335 	 0.05535286500185732 	 0.05579343470149929 	 0.0038204736199474393 	 0.055944266949852335 	 0.05535286500185732 	 0.05579343470149929 	 0.0038204736199474393 	 
0.45599999999999996 	 0.052993961536795066 	 0.052388102520688054 	 0.052797710147476785 	 0.0035144313118378474 	 0.052993961536795066 	 0.052388102520688054 	 0.052797710147476785 	 0.0035144313118378474 	 
0.48 	 0.048691185458678225 	 0.048098686388284635 	 0.04846659939585053 	 0.003162190616587358 	 0.048691185458678225 	 0.048098686388284635 	 0.04846659939585053 	 0.003162190616587358 	 
0.504 	 0.04321403077469162 	 0.04267657412959994 	 0.04300031015239914 	 0.0027825134566831244 	 0.04321403077469162 	 0.04267657412959994 	 0.04300031015239914 	 0.0027825134566831244 	 
0.528 	 0.0376577844635523 	 0.0371996227007434 	 0.037486415845631955 	 0.002436579513538851 	 0.0376577844635523 	 0.0371996227007434 	 0.037486415845631955 	 0.002436579513538851 	 
0.552 	 0.0336134415603136 	 0.03318933362398889 	 0.03344166022702048 	 0.002149024202632862 	 0.0336134415603136 	 0.03318933362398889 	 0.03344166022702048 	 0.002149024202632862 	 
0.5760000000000001 	 0.02951876566524666 	 0.029129702401320904 	 0.029345628231676357 	 0.0018585948736588758 	 0.02951876566524666 	 0.029129702401320904 	 0.029345628231676357 	 0.0018585948736588758 	 
0.6000000000000001 	 0.024816088461283383 	 0.024504567432804422 	 0.024690728373304046 	 0.0015902350548892862 	 0.024816088461283383 	 0.024504567432804422 	 0.024690728373304046 	 0.0015902350548892862 	 
0.6240000000000001 	 0.021686079997034303 	 0.02141174957586229 	 0.0215737259040153 	 0.001386321132883701 	 0.021686079997034303 	 0.02141174957586229 	 0.0215737259040153 	 0.001386321132883701 	 
0.6480000000000001 	 0.018944200256624896 	 0.018696384757550973 	 0.018834704061044327 	 0.0011972991109015399 	 0.018944200256624896 	 0.018696384757550973 	 0.018834704061044327 	 0.0011972991109015399 	 
0.6720000000000002 	 0.015965580430550196 	 0.01576485895817229 	 0.01588327174507541 	 0.0010233487824565378 	 0.015965580430550196 	 0.01576485895817229 	 0.01588327174507541 	 0.0010233487824565378 	 
0.6960000000000002 	 0.01363811264345725 	 0.013480439180390682 	 0.013586648743743447 	 8.933379364684719E-4 	 0.01363811264345725 	 0.013480439180390682 	 0.013586648743743447 	 8.933379364684719E-4 	 
0.7200000000000002 	 0.012391340865136132 	 0.012248122946564128 	 0.012346521893939914 	 8.040284560364799E-4 	 0.012391340865136132 	 0.012248122946564128 	 0.012346521893939914 	 8.040284560364799E-4 	 
0.7440000000000002 	 0.011569316730613486 	 0.011420538704400494 	 0.011508736714720663 	 7.210116592868947E-4 	 0.011569316730613486 	 0.011420538704400494 	 0.011508736714720663 	 7.210116592868947E-4 	 
0.7680000000000002 	 0.010223020868179139 	 0.010080696001057095 	 0.010155185436451424 	 6.212146002274256E-4 	 0.010223020868179139 	 0.010080696001057095 	 0.010155185436451424 	 6.212146002274256E-4 	 
0.7920000000000003 	 0.0085151112335136 	 0.008393779714802593 	 0.008454293112972243 	 5.164232262124015E-4 	 0.0085151112335136 	 0.008393779714802593 	 0.008454293112972243 	 5.164232262124015E-4 	 
0.8160000000000003 	 0.006719439006309031 	 0.006636730696944352 	 0.00668860471450079 	 4.2550312127788035E-4 	 0.006719439006309031 	 0.006636730696944352 	 0.00668860471450079 	 4.2550312127788035E-4 	 
0.8399999999999999 	 0.006128527197686164 	 0.006042167478179961 	 0.0060859143917876045 	 3.745189407323883E-4 	 0.006128527197686164 	 0.006042167478179961 	 0.0060859143917876045 	 3.745189407323883E-4 	 
0.8639999999999999 	 0.004969633516577188 	 0.00490198927313372 	 0.004937812918245173 	 3.0943982608953077E-4 	 0.004969633516577188 	 0.00490198927313372 	 0.004937812918245173 	 3.0943982608953077E-4 	 
0.8879999999999999 	 0.004088201584703669 	 0.004036383067659102 	 0.004066773446394975 	 2.618703349902018E-4 	 0.004088201584703669 	 0.004036383067659102 	 0.004066773446394975 	 2.618703349902018E-4 	 
0.9119999999999999 	 0.0034888344915362662 	 0.003448113935015169 	 0.0034756299223981765 	 2.2554924248168078E-4 	 0.0034888344915362662 	 0.003448113935015169 	 0.0034756299223981765 	 2.2554924248168078E-4 	 
0.9359999999999999 	 0.0033290706457687726 	 0.003280231772169781 	 0.003303046870814968 	 2.0327118742870544E-4 	 0.0033290706457687726 	 0.003280231772169781 	 0.003303046870814968 	 2.0327118742870544E-4 	 
0.96 	 0.0025427589011301575 	 0.0025111994348628406 	 0.0025302257933549383 	 1.6471471831986834E-4 	 0.0025427589011301575 	 0.0025111994348628406 	 0.0025302257933549383 	 1.6471471831986834E-4 	 
0.984 	 0.0022580940004272433 	 0.0022277122609429658 	 0.0022437966996214113 	 1.4348343808393197E-4 	 0.0022580940004272433 	 0.0022277122609429658 	 0.0022437966996214113 	 1.4348343808393197E-4 	 
1.008 	 0.0018833521542453396 	 0.0018582258821159602 	 0.0018712946290044298 	 1.2499282801377203E-4 	 0.0018833521542453396 	 0.0018582258821159602 	 0.0018712946290044298 	 1.2499282801377203E-4 	 
1.032 	 0.0014756265832187522 	 0.0014614553544447686 	 0.0014735463233276323 	 1.057093308860087E-4 	 0.0014756265832187522 	 0.0014614553544447686 	 0.0014735463233276323 	 1.057093308860087E-4 	 
1.056 	 0.0015230703255689486 	 0.0015020520230210064 	 0.0015125379745762602 	 9.736547383633143E-5 	 0.0015230703255689486 	 0.0015020520230210064 	 0.0015125379745762602 	 9.736547383633143E-5 	 
1.08 	 0.001195263342183274 	 0.0011818846859451948 	 0.001190902386085738 	 8.149507624433869E-5 	 0.001195263342183274 	 0.0011818846859451948 	 0.001190902386085738 	 8.149507624433869E-5 	 
1.104 	 0.00105959567015486 	 0.001049308818443123 	 0.0010580394911943966 	 7.297381701567002E-5 	 0.00105959567015486 	 0.001049308818443123 	 0.0010580394911943966 	 7.297381701567002E-5 	 
1.1280000000000001 	 0.0010949986613204732 	 0.0010796261721806935 	 0.0010871555202147324 	 6.910210906025851E-5 	 0.0010949986613204732 	 0.0010796261721806935 	 0.0010871555202147324 	 6.910210906025851E-5 	 
1.1520000000000001 	 8.448269920207793E-4 	 8.35646957549525E-4 	 8.422686407626088E-4 	 5.6751978308175206E-5 	 8.448269920207793E-4 	 8.35646957549525E-4 	 8.422686407626088E-4 	 5.6751978308175206E-5 	 
1.1760000000000002 	 7.804349420319439E-4 	 7.721881456018112E-4 	 7.785401411179811E-4 	 5.199026912588815E-5 	 7.804349420319439E-4 	 7.721881456018112E-4 	 7.785401411179811E-4 	 5.199026912588815E-5 	 
1.2000000000000002 	 7.916699329097554E-4 	 7.796267349099481E-4 	 7.848255960809986E-4 	 5.11058913115619E-5 	 7.916699329097554E-4 	 7.796267349099481E-4 	 7.848255960809986E-4 	 5.11058913115619E-5 	 
1.2240000000000002 	 5.83094966884515E-4 	 5.756318746288255E-4 	 5.797021833406974E-4 	 4.175523464070156E-5 	 5.83094966884515E-4 	 5.756318746288255E-4 	 5.797021833406974E-4 	 4.175523464070156E-5 	 
1.2480000000000002 	 4.582619075325769E-4 	 4.544786086223804E-4 	 4.584285692038911E-4 	 3.281563363917201E-5 	 4.582619075325769E-4 	 4.544786086223804E-4 	 4.584285692038911E-4 	 3.281563363917201E-5 	 
1.2720000000000002 	 5.03837543812519E-4 	 4.969873302306446E-4 	 5.005227600777032E-4 	 3.178101200410255E-5 	 5.03837543812519E-4 	 4.969873302306446E-4 	 5.005227600777032E-4 	 3.178101200410255E-5 	 
1.2960000000000003 	 3.8033945178558246E-4 	 3.7751280636477567E-4 	 3.810007542344727E-4 	 2.6744125674733637E-5 	 3.8033945178558246E-4 	 3.7751280636477567E-4 	 3.810007542344727E-4 	 2.6744125674733637E-5 	 
1.3200000000000003 	 4.3909876507443205E-4 	 4.3317371863265384E-4 	 4.3645822056584665E-4 	 2.665638778237741E-5 	 4.3909876507443205E-4 	 4.3317371863265384E-4 	 4.3645822056584665E-4 	 2.665638778237741E-5 	 
1.3440000000000003 	 3.8548130954188834E-4 	 3.7945023957102565E-4 	 3.82020348891808E-4 	 2.2551714210918727E-5 	 3.8548130954188834E-4 	 3.7945023957102565E-4 	 3.82020348891808E-4 	 2.2551714210918727E-5 	 
1.3680000000000003 	 2.747788868571648E-4 	 2.7145547132356057E-4 	 2.735586840012415E-4 	 1.7671617157071942E-5 	 2.747788868571648E-4 	 2.7145547132356057E-4 	 2.735586840012415E-4 	 1.7671617157071942E-5 	 
1.3920000000000003 	 2.588881825854656E-4 	 2.548049489062743E-4 	 2.564265274145855E-4 	 1.56536485264354E-5 	 2.588881825854656E-4 	 2.548049489062743E-4 	 2.564265274145855E-4 	 1.56536485264354E-5 	 
1.4160000000000004 	 1.6218964530303646E-4 	 1.613645856234593E-4 	 1.629675698103565E-4 	 1.1846759895651547E-5 	 1.6218964530303646E-4 	 1.613645856234593E-4 	 1.629675698103565E-4 	 1.1846759895651547E-5 	 
1.4400000000000004 	 2.125546419306928E-4 	 2.0936938083010074E-4 	 2.1081054318412387E-4 	 1.2708154243106415E-5 	 2.125546419306928E-4 	 2.0936938083010074E-4 	 2.1081054318412387E-4 	 1.2708154243106415E-5 	 
1.4640000000000004 	 1.5725525184474997E-4 	 1.553591251491789E-4 	 1.5657938151759552E-4 	 1.000353161539339E-5 	 1.5725525184474997E-4 	 1.553591251491789E-4 	 1.5657938151759552E-4 	 1.000353161539339E-5 	 
1.4880000000000004 	 1.5233379978606246E-4 	 1.4971932214757918E-4 	 1.5059701192365955E-4 	 8.95363731325256E-6 	 1.5233379978606246E-4 	 1.4971932214757918E-4 	 1.5059701192365955E-4 	 8.95363731325256E-6 	 
1.5120000000000005 	 8.20260625698822E-5 	 8.18329330979291E-5 	 8.27031588902733E-5 	 6.310380692169637E-6 	 8.20260625698822E-5 	 8.18329330979291E-5 	 8.27031588902733E-5 	 6.310380692169637E-6 	 
1.5360000000000005 	 1.1674158172802018E-4 	 1.1513278083972841E-4 	 1.1597283217853072E-4 	 7.1460251415831385E-6 	 1.1674158172802018E-4 	 1.1513278083972841E-4 	 1.1597283217853072E-4 	 7.1460251415831385E-6 	 
1.5600000000000005 	 9.710847912959375E-5 	 9.576249574576445E-5 	 9.64339447852536E-5 	 5.992998328321728E-6 	 9.710847912959375E-5 	 9.576249574576445E-5 	 9.64339447852536E-5 	 5.992998328321728E-6 	 
1.5840000000000005 	 7.747961932546984E-5 	 7.64065845685486E-5 	 7.692793551630684E-5 	 4.932462282603927E-6 	 7.747961932546984E-5 	 7.64065845685486E-5 	 7.692793551630684E-5 	 4.932462282603927E-6 	 
1.6080000000000005 	 5.833016765130636E-5 	 5.7718206210238465E-5 	 5.8165284911503084E-5 	 3.917319181077879E-6 	 5.833016765130636E-5 	 5.7718206210238465E-5 	 5.8165284911503084E-5 	 3.917319181077879E-6 	 
1.6319999999999997 	 4.306489849839526E-5 	 4.3461185275251924E-5 	 4.410770694001568E-5 	 3.7111961809374633E-6 	 4.306489849839526E-5 	 4.3461185275251924E-5 	 4.410770694001568E-5 	 3.7111961809374633E-6 	 
1.6559999999999997 	 8.145866180969883E-5 	 8.078050616779779E-5 	 8.16401574223111E-5 	 4.774081128385872E-6 	 8.145866180969883E-5 	 8.078050616779779E-5 	 8.16401574223111E-5 	 4.774081128385872E-6 	 
1.6799999999999997 	 1.1959456821863156E-4 	 1.1642299384690854E-4 	 1.1684025574774843E-4 	 5.131273712454587E-6 	 1.1959456821863156E-4 	 1.1642299384690854E-4 	 1.1684025574774843E-4 	 5.131273712454587E-6 	 
1.7039999999999997 	 1.9448643768396868E-5 	 1.9295410491075715E-5 	 1.9446815512961807E-5 	 1.4775929602321215E-6 	 1.9448643768396868E-5 	 1.9295410491075715E-5 	 1.9446815512961807E-5 	 1.4775929602321215E-6 	 
1.7279999999999998 	 1.2562967140856129E-5 	 1.291551515245189E-5 	 1.3202368914848074E-5 	 1.2568674824825006E-6 	 1.2562967140856129E-5 	 1.291551515245189E-5 	 1.3202368914848074E-5 	 1.2568674824825006E-6 	 
1.7519999999999998 	 4.641202299896959E-5 	 4.532220043366513E-5 	 4.552573982424947E-5 	 2.186978418314609E-6 	 4.641202299896959E-5 	 4.532220043366513E-5 	 4.552573982424947E-5 	 2.186978418314609E-6 	 
1.7759999999999998 	 1.1200453986820372E-5 	 1.1314706909444064E-5 	 1.1499455891869675E-5 	 9.101569165906762E-7 	 1.1200453986820372E-5 	 1.1314706909444064E-5 	 1.1499455891869675E-5 	 9.101569165906762E-7 	 
1.7999999999999998 	 2.803635413473177E-5 	 2.739542197453472E-5 	 2.7527127951420285E-5 	 1.3440162688689985E-6 	 2.803635413473177E-5 	 2.739542197453472E-5 	 2.7527127951420285E-5 	 1.3440162688689985E-6 	 
1.8239999999999998 	 9.865078007950375E-6 	 9.75825704886259E-6 	 9.844493759639647E-6 	 5.988762181083974E-7 	 9.865078007950375E-6 	 9.75825704886259E-6 	 9.844493759639647E-6 	 5.988762181083974E-7 	 
1.8479999999999999 	 9.851750678986228E-6 	 9.73720283259805E-6 	 9.819313713308659E-6 	 6.185625186586685E-7 	 9.851750678986228E-6 	 9.73720283259805E-6 	 9.819313713308659E-6 	 6.185625186586685E-7 	 
1.8719999999999999 	 9.74988514177833E-6 	 9.591936741757447E-6 	 9.664354856887967E-6 	 5.097774407930192E-7 	 9.74988514177833E-6 	 9.591936741757447E-6 	 9.664354856887967E-6 	 5.097774407930192E-7 	 
1.896 	 9.105280538872787E-6 	 8.852952024880488E-6 	 8.875239511249791E-6 	 4.2843243726182226E-7 	 9.105280538872787E-6 	 8.852952024880488E-6 	 8.875239511249791E-6 	 4.2843243726182226E-7 	 
1.92 	 1.1361317088309116E-7 	 1.6225257071008717E-7 	 1.7197030800512852E-7 	 1.247919856675915E-7 	 1.1361317088309116E-7 	 1.6225257071008717E-7 	 1.7197030800512852E-7 	 1.247919856675915E-7 	 
1.944 	 6.575208474766272E-7 	 7.62260523605324E-7 	 8.116500504691518E-7 	 1.3575294296867962E-7 	 6.575208474766272E-7 	 7.62260523605324E-7 	 8.116500504691518E-7 	 1.3575294296867962E-7 	 
1.968 	 9.091406535963777E-6 	 8.829894505013925E-6 	 8.849898008996785E-6 	 4.0728696906133626E-7 	 9.091406535963777E-6 	 8.829894505013925E-6 	 8.849898008996785E-6 	 4.0728696906133626E-7 	 
1.992 	 1.9730256504064186E-8 	 3.0609550736790156E-8 	 2.9976568648404825E-8 	 3.832192281821952E-8 	 1.9730256504064186E-8 	 3.0609550736790156E-8 	 2.9976568648404825E-8 	 3.832192281821952E-8 	 
2.016 	 2.60326166700075E-8 	 4.328779604258629E-8 	 4.3277106179586686E-8 	 6.812183424927307E-8 	 2.60326166700075E-8 	 4.328779604258629E-8 	 4.3277106179586686E-8 	 6.812183424927307E-8 	 
2.04 	 1.071623482051055E-7 	 1.5282516431716244E-7 	 1.640353325604378E-7 	 9.911093810827085E-8 	 1.071623482051055E-7 	 1.5282516431716244E-7 	 1.640353325604378E-7 	 9.911093810827085E-8 	 
2.064 	 6.51508493585072E-7 	 7.522634016891328E-7 	 8.030925664903004E-7 	 1.1431557035793774E-7 	 6.51508493585072E-7 	 7.522634016891328E-7 	 8.030925664903004E-7 	 1.1431557035793774E-7 	 
2.088 	 9.07711763505693E-6 	 8.806537975866508E-6 	 8.828647966974423E-6 	 3.6292960195115004E-7 	 9.07711763505693E-6 	 8.806537975866508E-6 	 8.828647966974423E-6 	 3.6292960195115004E-7 	 
2.112 	 1.920225021062315E-9 	 4.616336113123709E-9 	 2.8648713281169963E-9 	 2.844860022798967E-8 	 1.920225021062315E-9 	 4.616336113123709E-9 	 2.8648713281169963E-9 	 2.844860022798967E-8 	 
2.136 	 0.0 	 0.0 	 0.0 	 0.0 	 0.0 	 0.0 	 0.0 	 0.0 	 
2.16 	 2.677313473773599E-9 	 5.435675761933472E-9 	 3.586826557194271E-9 	 2.7533953120202828E-8 	 2.677313473773599E-9 	 5.435675761933472E-9 	 3.586826557194271E-9 	 2.7533953120202828E-8 	 
2.184 	 3.731505431626384E-9 	 6.347499180677977E-9 	 4.531768534992076E-9 	 2.6287057562746698E-8 	 3.731505431626384E-9 	 6.347499180677977E-9 	 4.531768534992076E-9 	 2.6287057562746698E-8 	 
2.208 	 3.2850359402963364E-9 	 6.276087758103218E-9 	 4.507977943961714E-9 	 2.5161084371972282E-8 	 3.2850359402963364E-9 	 6.276087758103218E-9 	 4.507977943961714E-9 	 2.5161084371972282E-8 	 
2.232 	 3.890079248841601E-9 	 6.917102935324442E-9 	 5.097563817803239E-9 	 2.4487057109688604E-8 	 3.890079248841601E-9 	 6.917102935324442E-9 	 5.097563817803239E-9 	 2.4487057109688604E-8 	 
2.2560000000000002 	 3.595048491725503E-9 	 7.0085080929398774E-9 	 5.328596890167259E-9 	 2.371848239762408E-8 	 3.595048491725503E-9 	 7.0085080929398774E-9 	 5.328596890167259E-9 	 2.371848239762408E-8 	 
2.2800000000000002 	 4.050267779673593E-9 	 7.757530558203111E-9 	 6.0798461752744485E-9 	 2.2806500298476107E-8 	 4.050267779673593E-9 	 7.757530558203111E-9 	 6.0798461752744485E-9 	 2.2806500298476107E-8 	 
2.3040000000000003 	 6.157921008864188E-9 	 9.597928751147873E-9 	 8.035771726166851E-9 	 2.1901964960464898E-8 	 6.157921008864188E-9 	 9.597928751147873E-9 	 8.035771726166851E-9 	 2.1901964960464898E-8 	 
2.3280000000000003 	 6.012353891555195E-9 	 9.997121916191204E-9 	 8.557483978851444E-9 	 2.1437372610741875E-8 	 6.012353891555195E-9 	 9.997121916191204E-9 	 8.557483978851444E-9 	 2.1437372610741875E-8 	 
2.3520000000000003 	 1.5198543774196444E-8 	 2.4393509820576342E-8 	 2.2199219791364208E-8 	 4.058563851221893E-8 	 1.5198543774196444E-8 	 2.4393509820576342E-8 	 2.2199219791364208E-8 	 4.058563851221893E-8 	 
2.3760000000000003 	 1.9730256504064186E-8 	 3.0609550736790156E-8 	 2.9976568648404825E-8 	 3.832192281821952E-8 	 1.9730256504064186E-8 	 3.0609550736790156E-8 	 2.9976568648404825E-8 	 3.832192281821952E-8 	 
2.4000000000000004 	 2.4121584474367735E-8 	 3.9173078116954426E-8 	 4.0919435939663624E-8 	 3.60724418428712E-8 	 2.4121584474367735E-8 	 3.9173078116954426E-8 	 4.0919435939663624E-8 	 3.60724418428712E-8 	 
2.4240000000000004 	 1.0509919686161662E-7 	 1.484920781436239E-7 	 1.6145917042777612E-7 	 6.84682837056365E-8 	 1.0509919686161662E-7 	 1.484920781436239E-7 	 1.6145917042777612E-7 	 6.84682837056365E-8 	 
2.4480000000000004 	 6.51508493585072E-7 	 7.522634016891328E-7 	 8.030925664903004E-7 	 1.1431557035793774E-7 	 6.51508493585072E-7 	 7.522634016891328E-7 	 8.030925664903004E-7 	 1.1431557035793774E-7 	 
2.4720000000000004 	 9.075051343197465E-6 	 8.802055281238584E-6 	 8.825957124859096E-6 	 3.3342146521923796E-7 	 9.075051343197465E-6 	 8.802055281238584E-6 	 8.825957124859096E-6 	 3.3342146521923796E-7 	 
2.4960000000000004 	 0.0 	 0.0 	 0.0 	 0.0 	 0.0 	 0.0 	 0.0 	 0.0 	 
2.5200000000000005 	 0.0 	 0.0 	 0.0 	 0.0 	 0.0 	 0.0 	 0.0 	 0.0 	 
2.5440000000000005 	 0.0 	 0.0 	 0.0 	 0.0 	 0.0 	 0.0 	 0.0 	 0.0 	 
2.5680000000000005 	 0.0 	 0.0 	 0.0 	 0.0 	 0.0 	 0.0 	 0.0 	 0.0 	 
2.5920000000000005 	 0.0 	 0.0 	 0.0 	 0.0 	 0.0 	 0.0 	 0.0 	 0.0 	 
2.6160000000000005 	 0.0 	 0.0 	 0.0 	 0.0 	 0.0 	 0.0 	 0.0 	 0.0 	 
2.6399999999999997 	 0.0 	 0.0 	 0.0 	 0.0 	 0.0 	 0.0 	 0.0 	 0.0 	 
2.6639999999999997 	 0.0 	 0.0 	 0.0 	 0.0 	 0.0 	 0.0 	 0.0 	 0.0 	 
2.6879999999999997 	 0.0 	 0.0 	 0.0 	 0.0 	 0.0 	 0.0 	 0.0 	 0.0 	 
2.7119999999999997 	 0.0 	 0.0 	 0.0 	 0.0 	 0.0 	 0.0 	 0.0 	 0.0 	 
2.7359999999999998 	 0.0 	 0.0 	 0.0 	 0.0 	 0.0 	 0.0 	 0.0 	 0.0 	 
2.76 	 0.0 	 0.0 	 0.0 	 0.0 	 0.0 	 0.0 	 0.0 	 0.0 	 
2.784 	 0.0 	 0.0 	 0.0 	 0.0 	 0.0 	 0.0 	 0.0 	 0.0 	 
2.808 	 0.0 	 0.0 	 0.0 	 0.0 	 0.0 	 0.0 	 0.0 	 0.0 	 
2.832 	 0.0 	 0.0 	 0.0 	 0.0 	 0.0 	 0.0 	 0.0 	 0.0 	 
2.856 	 0.0 	 0.0 	 0.0 	 0.0 	 0.0 	 0.0 	 0.0 	 0.0 	 
2.88 	 0.0 	 0.0 	 0.0 	 0.0 	 0.0 	 0.0 	 0.0 	 0.0 	 
2.904 	 0.0 	 0.0 	 0.0 	 0.0 	 0.0 	 0.0 	 0.0 	 0.0 	 
2.928 	 0.0 	 0.0 	 0.0 	 0.0 	 0.0 	 0.0 	 0.0 	 0.0 	 
2.952 	 0.0 	 0.0 	 0.0 	 0.0 	 0.0 	 0.0 	 0.0 	 0.0 	 
2.976 	 0.0 	 0.0 	 0.0 	 0.0 	 0.0 	 0.0 	 0.0 	 0.0 	 
