-3.0 	 2.0107430050603135E-6 	 6.147835299887833E-8 	 2.0107430050603135E-6 	 6.147835299887833E-8 	 2.0107430050603135E-6 	 6.147835299887833E-8 	 2.0107430050603135E-6 	 6.147835299887833E-8 	 3.7270696300812648E-6 	 3.2895112718031566E-6 	 3.7270696300812648E-6 	 3.2895112718031566E-6 	 3.7270696300812648E-6 	 3.2895112718031566E-6 	 3.7270696300812648E-6 	 3.2895112718031566E-6 	 
-2.976 	 1.155890589466711E-6 	 1.7696936634727494E-7 	 1.155890589466711E-6 	 1.7696936634727494E-7 	 1.155890589466711E-6 	 1.7696936634727494E-7 	 1.155890589466711E-6 	 1.7696936634727494E-7 	 4.510001569395854E-6 	 2.7327339081804365E-6 	 4.510001569395854E-6 	 2.7327339081804365E-6 	 4.510001569395854E-6 	 2.7327339081804365E-6 	 4.510001569395854E-6 	 2.7327339081804365E-6 	 
-2.952 	 1.3724687680835873E-6 	 4.1256883278296136E-6 	 1.3724687680835873E-6 	 4.1256883278296136E-6 	 1.3724687680835873E-6 	 4.1256883278296136E-6 	 1.3724687680835873E-6 	 4.1256883278296136E-6 	 4.399689236122901E-6 	 2.939938574549647E-6 	 4.399689236122901E-6 	 2.939938574549647E-6 	 4.399689236122901E-6 	 2.939938574549647E-6 	 4.399689236122901E-6 	 2.939938574549647E-6 	 
-2.928 	 2.3978356989257526E-6 	 8.397687462896616E-6 	 2.3978356989257526E-6 	 8.397687462896616E-6 	 2.3978356989257526E-6 	 8.397687462896616E-6 	 2.3978356989257526E-6 	 8.397687462896616E-6 	 4.9726610715863854E-6 	 4.110510110390916E-6 	 4.9726610715863854E-6 	 4.110510110390916E-6 	 4.9726610715863854E-6 	 4.110510110390916E-6 	 4.9726610715863854E-6 	 4.110510110390916E-6 	 
-2.904 	 5.850913291200562E-6 	 2.096350835820407E-5 	 5.850913291200562E-6 	 2.096350835820407E-5 	 5.850913291200562E-6 	 2.096350835820407E-5 	 5.850913291200562E-6 	 2.096350835820407E-5 	 4.761068067968944E-6 	 7.4360028454518104E-6 	 4.761068067968944E-6 	 7.4360028454518104E-6 	 4.761068067968944E-6 	 7.4360028454518104E-6 	 4.761068067968944E-6 	 7.4360028454518104E-6 	 
-2.88 	 9.110047964365982E-6 	 1.7288700500810245E-5 	 9.110047964365982E-6 	 1.7288700500810245E-5 	 9.110047964365982E-6 	 1.7288700500810245E-5 	 9.110047964365982E-6 	 1.7288700500810245E-5 	 5.450784732569665E-6 	 1.0761992111161918E-5 	 5.450784732569665E-6 	 1.0761992111161918E-5 	 5.450784732569665E-6 	 1.0761992111161918E-5 	 5.450784732569665E-6 	 1.0761992111161918E-5 	 
-2.856 	 1.139920831436757E-5 	 9.774066504256065E-6 	 1.139920831436757E-5 	 9.774066504256065E-6 	 1.139920831436757E-5 	 9.774066504256065E-6 	 1.139920831436757E-5 	 9.774066504256065E-6 	 5.430094654751168E-6 	 1.193650464286496E-5 	 5.430094654751168E-6 	 1.193650464286496E-5 	 5.430094654751168E-6 	 1.193650464286496E-5 	 5.430094654751168E-6 	 1.193650464286496E-5 	 
-2.832 	 1.2221970887864193E-5 	 9.520999222259743E-6 	 1.2221970887864193E-5 	 9.520999222259743E-6 	 1.2221970887864193E-5 	 9.520999222259743E-6 	 1.2221970887864193E-5 	 9.520999222259743E-6 	 6.349403486580286E-6 	 1.2402748973123676E-5 	 6.349403486580286E-6 	 1.2402748973123676E-5 	 6.349403486580286E-6 	 1.2402748973123676E-5 	 6.349403486580286E-6 	 1.2402748973123676E-5 	 
-2.808 	 1.1854303723518199E-5 	 5.839182646239744E-6 	 1.1854303723518199E-5 	 5.839182646239744E-6 	 1.1854303723518199E-5 	 5.839182646239744E-6 	 1.1854303723518199E-5 	 5.839182646239744E-6 	 6.1669820701689085E-6 	 1.2135327538975492E-5 	 6.1669820701689085E-6 	 1.2135327538975492E-5 	 6.1669820701689085E-6 	 1.2135327538975492E-5 	 6.1669820701689085E-6 	 1.2135327538975492E-5 	 
-2.784 	 9.288927201176404E-6 	 6.0497311510880295E-6 	 9.288927201176404E-6 	 6.0497311510880295E-6 	 9.288927201176404E-6 	 6.0497311510880295E-6 	 9.288927201176404E-6 	 6.0497311510880295E-6 	 4.842539230428242E-6 	 1.0199170236570388E-5 	 4.842539230428242E-6 	 1.0199170236570388E-5 	 4.842539230428242E-6 	 1.0199170236570388E-5 	 4.842539230428242E-6 	 1.0199170236570388E-5 	 
-2.76 	 9.482953344155968E-6 	 1.2494299654557533E-5 	 9.482953344155968E-6 	 1.2494299654557533E-5 	 9.482953344155968E-6 	 1.2494299654557533E-5 	 9.482953344155968E-6 	 1.2494299654557533E-5 	 3.703252865985713E-6 	 1.0936810732785208E-5 	 3.703252865985713E-6 	 1.0936810732785208E-5 	 3.703252865985713E-6 	 1.0936810732785208E-5 	 3.703252865985713E-6 	 1.0936810732785208E-5 	 
-2.7359999999999998 	 9.112006025114224E-6 	 1.3418694450561774E-5 	 9.112006025114224E-6 	 1.3418694450561774E-5 	 9.112006025114224E-6 	 1.3418694450561774E-5 	 9.112006025114224E-6 	 1.3418694450561774E-5 	 3.8445237319102834E-6 	 1.0617317266165939E-5 	 3.8445237319102834E-6 	 1.0617317266165939E-5 	 3.8445237319102834E-6 	 1.0617317266165939E-5 	 3.8445237319102834E-6 	 1.0617317266165939E-5 	 
-2.7119999999999997 	 1.0875012053080171E-5 	 1.4933630802266398E-5 	 1.0875012053080171E-5 	 1.4933630802266398E-5 	 1.0875012053080171E-5 	 1.4933630802266398E-5 	 1.0875012053080171E-5 	 1.4933630802266398E-5 	 3.2032561368001933E-6 	 1.2258141271986334E-5 	 3.2032561368001933E-6 	 1.2258141271986334E-5 	 3.2032561368001933E-6 	 1.2258141271986334E-5 	 3.2032561368001933E-6 	 1.2258141271986334E-5 	 
-2.688 	 1.2069643628397977E-5 	 1.434516591184042E-5 	 1.2069643628397977E-5 	 1.434516591184042E-5 	 1.2069643628397977E-5 	 1.434516591184042E-5 	 1.2069643628397977E-5 	 1.434516591184042E-5 	 3.647191925144768E-6 	 1.345586875491376E-5 	 3.647191925144768E-6 	 1.345586875491376E-5 	 3.647191925144768E-6 	 1.345586875491376E-5 	 3.647191925144768E-6 	 1.345586875491376E-5 	 
-2.664 	 1.404699058375442E-5 	 1.8936550370906784E-5 	 1.404699058375442E-5 	 1.8936550370906784E-5 	 1.404699058375442E-5 	 1.8936550370906784E-5 	 1.404699058375442E-5 	 1.8936550370906784E-5 	 3.210794378007645E-6 	 1.495899068039543E-5 	 3.210794378007645E-6 	 1.495899068039543E-5 	 3.210794378007645E-6 	 1.495899068039543E-5 	 3.210794378007645E-6 	 1.495899068039543E-5 	 
-2.64 	 1.4658621272953263E-5 	 1.4024796261011647E-5 	 1.4658621272953263E-5 	 1.4024796261011647E-5 	 1.4658621272953263E-5 	 1.4024796261011647E-5 	 1.4658621272953263E-5 	 1.4024796261011647E-5 	 3.927155578275498E-6 	 1.6057476601984995E-5 	 3.927155578275498E-6 	 1.6057476601984995E-5 	 3.927155578275498E-6 	 1.6057476601984995E-5 	 3.927155578275498E-6 	 1.6057476601984995E-5 	 
-2.616 	 1.4432119284399602E-5 	 8.540639904157604E-6 	 1.4432119284399602E-5 	 8.540639904157604E-6 	 1.4432119284399602E-5 	 8.540639904157604E-6 	 1.4432119284399602E-5 	 8.540639904157604E-6 	 3.7993831040808126E-6 	 1.5362449265716066E-5 	 3.7993831040808126E-6 	 1.5362449265716066E-5 	 3.7993831040808126E-6 	 1.5362449265716066E-5 	 3.7993831040808126E-6 	 1.5362449265716066E-5 	 
-2.592 	 1.2783466603189266E-5 	 5.54035922228309E-6 	 1.2783466603189266E-5 	 5.54035922228309E-6 	 1.2783466603189266E-5 	 5.54035922228309E-6 	 1.2783466603189266E-5 	 5.54035922228309E-6 	 4.535953216838455E-6 	 1.4055887282983902E-5 	 4.535953216838455E-6 	 1.4055887282983902E-5 	 4.535953216838455E-6 	 1.4055887282983902E-5 	 4.535953216838455E-6 	 1.4055887282983902E-5 	 
-2.568 	 1.2311512507077141E-5 	 1.0226671705279684E-5 	 1.2311512507077141E-5 	 1.0226671705279684E-5 	 1.2311512507077141E-5 	 1.0226671705279684E-5 	 1.2311512507077141E-5 	 1.0226671705279684E-5 	 4.879285402113909E-6 	 1.4082448819788235E-5 	 4.879285402113909E-6 	 1.4082448819788235E-5 	 4.879285402113909E-6 	 1.4082448819788235E-5 	 4.879285402113909E-6 	 1.4082448819788235E-5 	 
-2.544 	 1.2557162788745293E-5 	 2.460901289167503E-5 	 1.2557162788745293E-5 	 2.460901289167503E-5 	 1.2557162788745293E-5 	 2.460901289167503E-5 	 1.2557162788745293E-5 	 2.460901289167503E-5 	 4.873024506616296E-6 	 1.5365941621460206E-5 	 4.873024506616296E-6 	 1.5365941621460206E-5 	 4.873024506616296E-6 	 1.5365941621460206E-5 	 4.873024506616296E-6 	 1.5365941621460206E-5 	 
-2.52 	 1.6973996609164862E-5 	 3.527111283854704E-5 	 1.6973996609164862E-5 	 3.527111283854704E-5 	 1.6973996609164862E-5 	 3.527111283854704E-5 	 1.6973996609164862E-5 	 3.527111283854704E-5 	 4.869119426827924E-6 	 1.997409085592923E-5 	 4.869119426827924E-6 	 1.997409085592923E-5 	 4.869119426827924E-6 	 1.997409085592923E-5 	 4.869119426827924E-6 	 1.997409085592923E-5 	 
-2.496 	 2.4602907109457372E-5 	 5.692002916948399E-5 	 2.4602907109457372E-5 	 5.692002916948399E-5 	 2.4602907109457372E-5 	 5.692002916948399E-5 	 2.4602907109457372E-5 	 5.692002916948399E-5 	 5.151062682368988E-6 	 2.6979601470592262E-5 	 5.151062682368988E-6 	 2.6979601470592262E-5 	 5.151062682368988E-6 	 2.6979601470592262E-5 	 5.151062682368988E-6 	 2.6979601470592262E-5 	 
-2.472 	 3.181078819989533E-5 	 4.259499732921512E-5 	 3.181078819989533E-5 	 4.259499732921512E-5 	 3.181078819989533E-5 	 4.259499732921512E-5 	 3.181078819989533E-5 	 4.259499732921512E-5 	 4.818114871680565E-6 	 3.351315622203047E-5 	 4.818114871680565E-6 	 3.351315622203047E-5 	 4.818114871680565E-6 	 3.351315622203047E-5 	 4.818114871680565E-6 	 3.351315622203047E-5 	 
-2.448 	 3.6828903419870184E-5 	 3.776607901056742E-5 	 3.6828903419870184E-5 	 3.776607901056742E-5 	 3.6828903419870184E-5 	 3.776607901056742E-5 	 3.6828903419870184E-5 	 3.776607901056742E-5 	 5.660558764040507E-6 	 3.6032323974218536E-5 	 5.660558764040507E-6 	 3.6032323974218536E-5 	 5.660558764040507E-6 	 3.6032323974218536E-5 	 5.660558764040507E-6 	 3.6032323974218536E-5 	 
-2.424 	 3.903264145377732E-5 	 3.924556129411257E-5 	 3.903264145377732E-5 	 3.924556129411257E-5 	 3.903264145377732E-5 	 3.924556129411257E-5 	 3.903264145377732E-5 	 3.924556129411257E-5 	 6.496164058219544E-6 	 3.864292171227343E-5 	 6.496164058219544E-6 	 3.864292171227343E-5 	 6.496164058219544E-6 	 3.864292171227343E-5 	 6.496164058219544E-6 	 3.864292171227343E-5 	 
-2.4 	 3.7993360697030736E-5 	 2.5235694857354196E-5 	 3.7993360697030736E-5 	 2.5235694857354196E-5 	 3.7993360697030736E-5 	 2.5235694857354196E-5 	 3.7993360697030736E-5 	 2.5235694857354196E-5 	 8.184759863181286E-6 	 3.7528951898978176E-5 	 8.184759863181286E-6 	 3.7528951898978176E-5 	 8.184759863181286E-6 	 3.7528951898978176E-5 	 8.184759863181286E-6 	 3.7528951898978176E-5 	 
-2.376 	 3.3868749872460663E-5 	 3.0484908084341326E-5 	 3.3868749872460663E-5 	 3.0484908084341326E-5 	 3.3868749872460663E-5 	 3.0484908084341326E-5 	 3.3868749872460663E-5 	 3.0484908084341326E-5 	 9.861088670362325E-6 	 3.417869406436691E-5 	 9.861088670362325E-6 	 3.417869406436691E-5 	 9.861088670362325E-6 	 3.417869406436691E-5 	 9.861088670362325E-6 	 3.417869406436691E-5 	 
-2.352 	 3.42108735087704E-5 	 3.492467028126728E-5 	 3.42108735087704E-5 	 3.492467028126728E-5 	 3.42108735087704E-5 	 3.492467028126728E-5 	 3.42108735087704E-5 	 3.492467028126728E-5 	 1.220146570551194E-5 	 3.564818191492493E-5 	 1.220146570551194E-5 	 3.564818191492493E-5 	 1.220146570551194E-5 	 3.564818191492493E-5 	 1.220146570551194E-5 	 3.564818191492493E-5 	 
-2.328 	 3.1399155614056494E-5 	 3.1274328363037254E-5 	 3.1399155614056494E-5 	 3.1274328363037254E-5 	 3.1399155614056494E-5 	 3.1274328363037254E-5 	 3.1399155614056494E-5 	 3.1274328363037254E-5 	 1.4298250706676793E-5 	 3.3099140341958394E-5 	 1.4298250706676793E-5 	 3.3099140341958394E-5 	 1.4298250706676793E-5 	 3.3099140341958394E-5 	 1.4298250706676793E-5 	 3.3099140341958394E-5 	 
-2.304 	 3.2263287430418624E-5 	 3.027885515212212E-5 	 3.2263287430418624E-5 	 3.027885515212212E-5 	 3.2263287430418624E-5 	 3.027885515212212E-5 	 3.2263287430418624E-5 	 3.027885515212212E-5 	 1.451009226072835E-5 	 3.421296926209677E-5 	 1.451009226072835E-5 	 3.421296926209677E-5 	 1.451009226072835E-5 	 3.421296926209677E-5 	 1.451009226072835E-5 	 3.421296926209677E-5 	 
-2.2800000000000002 	 3.305111640542091E-5 	 3.822367671416334E-5 	 3.305111640542091E-5 	 3.822367671416334E-5 	 3.305111640542091E-5 	 3.822367671416334E-5 	 3.305111640542091E-5 	 3.822367671416334E-5 	 1.5887992317872582E-5 	 3.472292668119999E-5 	 1.5887992317872582E-5 	 3.472292668119999E-5 	 1.5887992317872582E-5 	 3.472292668119999E-5 	 1.5887992317872582E-5 	 3.472292668119999E-5 	 
-2.2560000000000002 	 3.732721773667437E-5 	 5.688764726732065E-5 	 3.732721773667437E-5 	 5.688764726732065E-5 	 3.732721773667437E-5 	 5.688764726732065E-5 	 3.732721773667437E-5 	 5.688764726732065E-5 	 1.6058469072359074E-5 	 3.9351797040796966E-5 	 1.6058469072359074E-5 	 3.9351797040796966E-5 	 1.6058469072359074E-5 	 3.9351797040796966E-5 	 1.6058469072359074E-5 	 3.9351797040796966E-5 	 
-2.232 	 4.108492835171358E-5 	 5.147527508059785E-5 	 4.108492835171358E-5 	 5.147527508059785E-5 	 4.108492835171358E-5 	 5.147527508059785E-5 	 4.108492835171358E-5 	 5.147527508059785E-5 	 1.6946611544291498E-5 	 4.337011721832988E-5 	 1.6946611544291498E-5 	 4.337011721832988E-5 	 1.6946611544291498E-5 	 4.337011721832988E-5 	 1.6946611544291498E-5 	 4.337011721832988E-5 	 
-2.208 	 4.2980521238933734E-5 	 4.112568697829062E-5 	 4.2980521238933734E-5 	 4.112568697829062E-5 	 4.2980521238933734E-5 	 4.112568697829062E-5 	 4.2980521238933734E-5 	 4.112568697829062E-5 	 1.7195006250688495E-5 	 4.399727985703674E-5 	 1.7195006250688495E-5 	 4.399727985703674E-5 	 1.7195006250688495E-5 	 4.399727985703674E-5 	 1.7195006250688495E-5 	 4.399727985703674E-5 	 
-2.184 	 4.6526667049165796E-5 	 5.2332155162907404E-5 	 4.6526667049165796E-5 	 5.2332155162907404E-5 	 4.6526667049165796E-5 	 5.2332155162907404E-5 	 4.6526667049165796E-5 	 5.2332155162907404E-5 	 1.8234704427950092E-5 	 4.719927718003869E-5 	 1.8234704427950092E-5 	 4.719927718003869E-5 	 1.8234704427950092E-5 	 4.719927718003869E-5 	 1.8234704427950092E-5 	 4.719927718003869E-5 	 
-2.16 	 5.2096329773990454E-5 	 7.846425236676751E-5 	 5.2096329773990454E-5 	 7.846425236676751E-5 	 5.2096329773990454E-5 	 7.846425236676751E-5 	 5.2096329773990454E-5 	 7.846425236676751E-5 	 2.0444535133087487E-5 	 5.285453992745312E-5 	 2.0444535133087487E-5 	 5.285453992745312E-5 	 2.0444535133087487E-5 	 5.285453992745312E-5 	 2.0444535133087487E-5 	 5.285453992745312E-5 	 
-2.136 	 5.5155131944491306E-5 	 7.018576543257958E-5 	 5.5155131944491306E-5 	 7.018576543257958E-5 	 5.5155131944491306E-5 	 7.018576543257958E-5 	 5.5155131944491306E-5 	 7.018576543257958E-5 	 2.0529193712189406E-5 	 5.656856132455234E-5 	 2.0529193712189406E-5 	 5.656856132455234E-5 	 2.0529193712189406E-5 	 5.656856132455234E-5 	 2.0529193712189406E-5 	 5.656856132455234E-5 	 
-2.112 	 5.84976104131503E-5 	 5.431531692288999E-5 	 5.84976104131503E-5 	 5.431531692288999E-5 	 5.84976104131503E-5 	 5.431531692288999E-5 	 5.84976104131503E-5 	 5.431531692288999E-5 	 2.7307697176572046E-5 	 5.804261629904063E-5 	 2.7307697176572046E-5 	 5.804261629904063E-5 	 2.7307697176572046E-5 	 5.804261629904063E-5 	 2.7307697176572046E-5 	 5.804261629904063E-5 	 
-2.088 	 6.273617658219665E-5 	 7.439029914995792E-5 	 6.273617658219665E-5 	 7.439029914995792E-5 	 6.273617658219665E-5 	 7.439029914995792E-5 	 6.273617658219665E-5 	 7.439029914995792E-5 	 2.912741229837636E-5 	 6.114850225539871E-5 	 2.912741229837636E-5 	 6.114850225539871E-5 	 2.912741229837636E-5 	 6.114850225539871E-5 	 2.912741229837636E-5 	 6.114850225539871E-5 	 
-2.064 	 6.933108307700317E-5 	 8.941570571060201E-5 	 6.933108307700317E-5 	 8.941570571060201E-5 	 6.933108307700317E-5 	 8.941570571060201E-5 	 6.933108307700317E-5 	 8.941570571060201E-5 	 3.542604526171571E-5 	 6.875261098833555E-5 	 3.542604526171571E-5 	 6.875261098833555E-5 	 3.542604526171571E-5 	 6.875261098833555E-5 	 3.542604526171571E-5 	 6.875261098833555E-5 	 
-2.04 	 7.475542690771447E-5 	 1.0410569592622732E-4 	 7.475542690771447E-5 	 1.0410569592622732E-4 	 7.475542690771447E-5 	 1.0410569592622732E-4 	 7.475542690771447E-5 	 1.0410569592622732E-4 	 3.7203445173455556E-5 	 7.390515089926119E-5 	 3.7203445173455556E-5 	 7.390515089926119E-5 	 3.7203445173455556E-5 	 7.390515089926119E-5 	 3.7203445173455556E-5 	 7.390515089926119E-5 	 
-2.016 	 8.22076233011059E-5 	 9.988314758147706E-5 	 8.22076233011059E-5 	 9.988314758147706E-5 	 8.22076233011059E-5 	 9.988314758147706E-5 	 8.22076233011059E-5 	 9.988314758147706E-5 	 4.2017209150835513E-5 	 8.11005575113048E-5 	 4.2017209150835513E-5 	 8.11005575113048E-5 	 4.2017209150835513E-5 	 8.11005575113048E-5 	 4.2017209150835513E-5 	 8.11005575113048E-5 	 
-1.992 	 8.861756290258425E-5 	 9.405353495145145E-5 	 8.861756290258425E-5 	 9.405353495145145E-5 	 8.861756290258425E-5 	 9.405353495145145E-5 	 8.861756290258425E-5 	 9.405353495145145E-5 	 4.108700085652676E-5 	 8.551681026094811E-5 	 4.108700085652676E-5 	 8.551681026094811E-5 	 4.108700085652676E-5 	 8.551681026094811E-5 	 4.108700085652676E-5 	 8.551681026094811E-5 	 
-1.968 	 9.456918367030944E-5 	 1.124310074483586E-4 	 9.456918367030944E-5 	 1.124310074483586E-4 	 9.456918367030944E-5 	 1.124310074483586E-4 	 9.456918367030944E-5 	 1.124310074483586E-4 	 4.237729703761993E-5 	 9.12001068084711E-5 	 4.237729703761993E-5 	 9.12001068084711E-5 	 4.237729703761993E-5 	 9.12001068084711E-5 	 4.237729703761993E-5 	 9.12001068084711E-5 	 
-1.944 	 1.019516246240166E-4 	 1.2546743334774808E-4 	 1.019516246240166E-4 	 1.2546743334774808E-4 	 1.019516246240166E-4 	 1.2546743334774808E-4 	 1.019516246240166E-4 	 1.2546743334774808E-4 	 4.421189316037864E-5 	 9.912336864305028E-5 	 4.421189316037864E-5 	 9.912336864305028E-5 	 4.421189316037864E-5 	 9.912336864305028E-5 	 4.421189316037864E-5 	 9.912336864305028E-5 	 
-1.92 	 1.0806775723189314E-4 	 1.3825098735272727E-4 	 1.0806775723189314E-4 	 1.3825098735272727E-4 	 1.0806775723189314E-4 	 1.3825098735272727E-4 	 1.0806775723189314E-4 	 1.3825098735272727E-4 	 4.463267788433722E-5 	 1.0491885238104394E-4 	 4.463267788433722E-5 	 1.0491885238104394E-4 	 4.463267788433722E-5 	 1.0491885238104394E-4 	 4.463267788433722E-5 	 1.0491885238104394E-4 	 
-1.896 	 1.1744957699292334E-4 	 1.3468308623928912E-4 	 1.1744957699292334E-4 	 1.3468308623928912E-4 	 1.1744957699292334E-4 	 1.3468308623928912E-4 	 1.1744957699292334E-4 	 1.3468308623928912E-4 	 4.805686548534628E-5 	 1.1360665941066574E-4 	 4.805686548534628E-5 	 1.1360665941066574E-4 	 4.805686548534628E-5 	 1.1360665941066574E-4 	 4.805686548534628E-5 	 1.1360665941066574E-4 	 
-1.8719999999999999 	 1.2266316899551573E-4 	 1.2738019599575236E-4 	 1.2266316899551573E-4 	 1.2738019599575236E-4 	 1.2266316899551573E-4 	 1.2738019599575236E-4 	 1.2266316899551573E-4 	 1.2738019599575236E-4 	 5.217921580835515E-5 	 1.169093318673741E-4 	 5.217921580835515E-5 	 1.169093318673741E-4 	 5.217921580835515E-5 	 1.169093318673741E-4 	 5.217921580835515E-5 	 1.169093318673741E-4 	 
-1.8479999999999999 	 1.2776478610154976E-4 	 1.3551405723591093E-4 	 1.2776478610154976E-4 	 1.3551405723591093E-4 	 1.2776478610154976E-4 	 1.3551405723591093E-4 	 1.2776478610154976E-4 	 1.3551405723591093E-4 	 5.519875056210843E-5 	 1.2183115435255951E-4 	 5.519875056210843E-5 	 1.2183115435255951E-4 	 5.519875056210843E-5 	 1.2183115435255951E-4 	 5.519875056210843E-5 	 1.2183115435255951E-4 	 
-1.824 	 1.3304406248270406E-4 	 1.549250335886476E-4 	 1.3304406248270406E-4 	 1.549250335886476E-4 	 1.3304406248270406E-4 	 1.549250335886476E-4 	 1.3304406248270406E-4 	 1.549250335886476E-4 	 5.453745802897338E-5 	 1.2707347865817978E-4 	 5.453745802897338E-5 	 1.2707347865817978E-4 	 5.453745802897338E-5 	 1.2707347865817978E-4 	 5.453745802897338E-5 	 1.2707347865817978E-4 	 
-1.8 	 1.377332478980573E-4 	 1.628528489000704E-4 	 1.377332478980573E-4 	 1.628528489000704E-4 	 1.377332478980573E-4 	 1.628528489000704E-4 	 1.377332478980573E-4 	 1.628528489000704E-4 	 5.389526373209742E-5 	 1.3319364574840612E-4 	 5.389526373209742E-5 	 1.3319364574840612E-4 	 5.389526373209742E-5 	 1.3319364574840612E-4 	 5.389526373209742E-5 	 1.3319364574840612E-4 	 
-1.776 	 1.519991717526705E-4 	 2.0565745554774795E-4 	 1.519991717526705E-4 	 2.0565745554774795E-4 	 1.519991717526705E-4 	 2.0565745554774795E-4 	 1.519991717526705E-4 	 2.0565745554774795E-4 	 4.926003164841711E-5 	 1.4610336138540892E-4 	 4.926003164841711E-5 	 1.4610336138540892E-4 	 4.926003164841711E-5 	 1.4610336138540892E-4 	 4.926003164841711E-5 	 1.4610336138540892E-4 	 
-1.752 	 1.648866355788591E-4 	 2.1162860299665803E-4 	 1.648866355788591E-4 	 2.1162860299665803E-4 	 1.648866355788591E-4 	 2.1162860299665803E-4 	 1.648866355788591E-4 	 2.1162860299665803E-4 	 4.924134517458029E-5 	 1.5891388870041114E-4 	 4.924134517458029E-5 	 1.5891388870041114E-4 	 4.924134517458029E-5 	 1.5891388870041114E-4 	 4.924134517458029E-5 	 1.5891388870041114E-4 	 
-1.728 	 1.7908947196785285E-4 	 1.9795147324862874E-4 	 1.7908947196785285E-4 	 1.9795147324862874E-4 	 1.7908947196785285E-4 	 1.9795147324862874E-4 	 1.7908947196785285E-4 	 1.9795147324862874E-4 	 4.8404826545179745E-5 	 1.702752188945723E-4 	 4.8404826545179745E-5 	 1.702752188945723E-4 	 4.8404826545179745E-5 	 1.702752188945723E-4 	 4.8404826545179745E-5 	 1.702752188945723E-4 	 
-1.704 	 1.9463333124800964E-4 	 2.524001064237686E-4 	 1.9463333124800964E-4 	 2.524001064237686E-4 	 1.9463333124800964E-4 	 2.524001064237686E-4 	 1.9463333124800964E-4 	 2.524001064237686E-4 	 5.246129065427849E-5 	 1.8403495558323984E-4 	 5.246129065427849E-5 	 1.8403495558323984E-4 	 5.246129065427849E-5 	 1.8403495558323984E-4 	 5.246129065427849E-5 	 1.8403495558323984E-4 	 
-1.68 	 2.1989188450751278E-4 	 3.06404866104392E-4 	 2.1989188450751278E-4 	 3.06404866104392E-4 	 2.1989188450751278E-4 	 3.06404866104392E-4 	 2.1989188450751278E-4 	 3.06404866104392E-4 	 5.597013505259234E-5 	 2.0934063485779955E-4 	 5.597013505259234E-5 	 2.0934063485779955E-4 	 5.597013505259234E-5 	 2.0934063485779955E-4 	 5.597013505259234E-5 	 2.0934063485779955E-4 	 
-1.656 	 2.4098554822721147E-4 	 3.212091728043243E-4 	 2.4098554822721147E-4 	 3.212091728043243E-4 	 2.4098554822721147E-4 	 3.212091728043243E-4 	 2.4098554822721147E-4 	 3.212091728043243E-4 	 6.107431717385632E-5 	 2.2870500642971538E-4 	 6.107431717385632E-5 	 2.2870500642971538E-4 	 6.107431717385632E-5 	 2.2870500642971538E-4 	 6.107431717385632E-5 	 2.2870500642971538E-4 	 
-1.632 	 2.7140647023324625E-4 	 3.4918299579224697E-4 	 2.7140647023324625E-4 	 3.4918299579224697E-4 	 2.7140647023324625E-4 	 3.4918299579224697E-4 	 2.7140647023324625E-4 	 3.4918299579224697E-4 	 6.730958594956518E-5 	 2.552856445876885E-4 	 6.730958594956518E-5 	 2.552856445876885E-4 	 6.730958594956518E-5 	 2.552856445876885E-4 	 6.730958594956518E-5 	 2.552856445876885E-4 	 
-1.6079999999999999 	 2.95456767916939E-4 	 3.430689247720579E-4 	 2.95456767916939E-4 	 3.430689247720579E-4 	 2.95456767916939E-4 	 3.430689247720579E-4 	 2.95456767916939E-4 	 3.430689247720579E-4 	 7.001068744838399E-5 	 2.760153516719908E-4 	 7.001068744838399E-5 	 2.760153516719908E-4 	 7.001068744838399E-5 	 2.760153516719908E-4 	 7.001068744838399E-5 	 2.760153516719908E-4 	 
-1.584 	 3.1885433012957844E-4 	 3.723885242907076E-4 	 3.1885433012957844E-4 	 3.723885242907076E-4 	 3.1885433012957844E-4 	 3.723885242907076E-4 	 3.1885433012957844E-4 	 3.723885242907076E-4 	 7.236170346005516E-5 	 2.956190074902128E-4 	 7.236170346005516E-5 	 2.956190074902128E-4 	 7.236170346005516E-5 	 2.956190074902128E-4 	 7.236170346005516E-5 	 2.956190074902128E-4 	 
-1.56 	 3.408973376694952E-4 	 4.1936232561662654E-4 	 3.408973376694952E-4 	 4.1936232561662654E-4 	 3.408973376694952E-4 	 4.1936232561662654E-4 	 3.408973376694952E-4 	 4.1936232561662654E-4 	 7.209575634399643E-5 	 3.1832021672527854E-4 	 7.209575634399643E-5 	 3.1832021672527854E-4 	 7.209575634399643E-5 	 3.1832021672527854E-4 	 7.209575634399643E-5 	 3.1832021672527854E-4 	 
-1.536 	 3.724947499534558E-4 	 4.866506872868014E-4 	 3.724947499534558E-4 	 4.866506872868014E-4 	 3.724947499534558E-4 	 4.866506872868014E-4 	 3.724947499534558E-4 	 4.866506872868014E-4 	 7.173848680631844E-5 	 3.4865969274179234E-4 	 7.173848680631844E-5 	 3.4865969274179234E-4 	 7.173848680631844E-5 	 3.4865969274179234E-4 	 7.173848680631844E-5 	 3.4865969274179234E-4 	 
-1.512 	 4.117495494371125E-4 	 5.610128169670952E-4 	 4.117495494371125E-4 	 5.610128169670952E-4 	 4.117495494371125E-4 	 5.610128169670952E-4 	 4.117495494371125E-4 	 5.610128169670952E-4 	 7.240952357028847E-5 	 3.8699665933492104E-4 	 7.240952357028847E-5 	 3.8699665933492104E-4 	 7.240952357028847E-5 	 3.8699665933492104E-4 	 7.240952357028847E-5 	 3.8699665933492104E-4 	 
-1.488 	 4.6235417651769613E-4 	 6.03467339974942E-4 	 4.6235417651769613E-4 	 6.03467339974942E-4 	 4.6235417651769613E-4 	 6.03467339974942E-4 	 4.6235417651769613E-4 	 6.03467339974942E-4 	 7.141681190818614E-5 	 4.328649096158922E-4 	 7.141681190818614E-5 	 4.328649096158922E-4 	 7.141681190818614E-5 	 4.328649096158922E-4 	 7.141681190818614E-5 	 4.328649096158922E-4 	 
-1.464 	 5.114367919242688E-4 	 6.512592075530176E-4 	 5.114367919242688E-4 	 6.512592075530176E-4 	 5.114367919242688E-4 	 6.512592075530176E-4 	 5.114367919242688E-4 	 6.512592075530176E-4 	 7.609217523467073E-5 	 4.768639847885991E-4 	 7.609217523467073E-5 	 4.768639847885991E-4 	 7.609217523467073E-5 	 4.768639847885991E-4 	 7.609217523467073E-5 	 4.768639847885991E-4 	 
-1.44 	 5.851133287806723E-4 	 8.164858812604227E-4 	 5.851133287806723E-4 	 8.164858812604227E-4 	 5.851133287806723E-4 	 8.164858812604227E-4 	 5.851133287806723E-4 	 8.164858812604227E-4 	 8.32650986457948E-5 	 5.452402041154869E-4 	 8.32650986457948E-5 	 5.452402041154869E-4 	 8.32650986457948E-5 	 5.452402041154869E-4 	 8.32650986457948E-5 	 5.452402041154869E-4 	 
-1.416 	 6.637597289994381E-4 	 9.420643604756909E-4 	 6.637597289994381E-4 	 9.420643604756909E-4 	 6.637597289994381E-4 	 9.420643604756909E-4 	 6.637597289994381E-4 	 9.420643604756909E-4 	 8.927281086071856E-5 	 6.215070308465838E-4 	 8.927281086071856E-5 	 6.215070308465838E-4 	 8.927281086071856E-5 	 6.215070308465838E-4 	 8.927281086071856E-5 	 6.215070308465838E-4 	 
-1.392 	 7.491869619770536E-4 	 9.779717645957817E-4 	 7.491869619770536E-4 	 9.779717645957817E-4 	 7.491869619770536E-4 	 9.779717645957817E-4 	 7.491869619770536E-4 	 9.779717645957817E-4 	 9.388138933421166E-5 	 6.983909625092838E-4 	 9.388138933421166E-5 	 6.983909625092838E-4 	 9.388138933421166E-5 	 6.983909625092838E-4 	 9.388138933421166E-5 	 6.983909625092838E-4 	 
-1.3679999999999999 	 8.455363726596164E-4 	 0.0011180126829031486 	 8.455363726596164E-4 	 0.0011180126829031486 	 8.455363726596164E-4 	 0.0011180126829031486 	 8.455363726596164E-4 	 0.0011180126829031486 	 9.755311548524122E-5 	 7.833982513621978E-4 	 9.755311548524122E-5 	 7.833982513621978E-4 	 9.755311548524122E-5 	 7.833982513621978E-4 	 9.755311548524122E-5 	 7.833982513621978E-4 	 
-1.3439999999999999 	 9.588763987561068E-4 	 0.0012867457012732074 	 9.588763987561068E-4 	 0.0012867457012732074 	 9.588763987561068E-4 	 0.0012867457012732074 	 9.588763987561068E-4 	 0.0012867457012732074 	 9.383272787503186E-5 	 8.901994347231946E-4 	 9.383272787503186E-5 	 8.901994347231946E-4 	 9.383272787503186E-5 	 8.901994347231946E-4 	 9.383272787503186E-5 	 8.901994347231946E-4 	 
-1.32 	 0.0010784061765699885 	 0.0014607633825778784 	 0.0010784061765699885 	 0.0014607633825778784 	 0.0010784061765699885 	 0.0014607633825778784 	 0.0010784061765699885 	 0.0014607633825778784 	 8.867228050699703E-5 	 0.0010013505166293238 	 8.867228050699703E-5 	 0.0010013505166293238 	 8.867228050699703E-5 	 0.0010013505166293238 	 8.867228050699703E-5 	 0.0010013505166293238 	 
-1.296 	 0.001216979751895439 	 0.0016455467101118945 	 0.001216979751895439 	 0.0016455467101118945 	 0.001216979751895439 	 0.0016455467101118945 	 0.001216979751895439 	 0.0016455467101118945 	 8.487790738290049E-5 	 0.0011326041610766847 	 8.487790738290049E-5 	 0.0011326041610766847 	 8.487790738290049E-5 	 0.0011326041610766847 	 8.487790738290049E-5 	 0.0011326041610766847 	 
-1.272 	 0.0013996145883554982 	 0.0019911551816001673 	 0.0013996145883554982 	 0.0019911551816001673 	 0.0013996145883554982 	 0.0019911551816001673 	 0.0013996145883554982 	 0.0019911551816001673 	 8.367750514463674E-5 	 0.001301845859893899 	 8.367750514463674E-5 	 0.001301845859893899 	 8.367750514463674E-5 	 0.001301845859893899 	 8.367750514463674E-5 	 0.001301845859893899 	 
-1.248 	 0.0016316506475703811 	 0.0024226399694106714 	 0.0016316506475703811 	 0.0024226399694106714 	 0.0016316506475703811 	 0.0024226399694106714 	 0.0016316506475703811 	 0.0024226399694106714 	 7.992801007530247E-5 	 0.0015245405423492473 	 7.992801007530247E-5 	 0.0015245405423492473 	 7.992801007530247E-5 	 0.0015245405423492473 	 7.992801007530247E-5 	 0.0015245405423492473 	 
-1.224 	 0.0019295552101378823 	 0.0029037610730024855 	 0.0019295552101378823 	 0.0029037610730024855 	 0.0019295552101378823 	 0.0029037610730024855 	 0.0019295552101378823 	 0.0029037610730024855 	 7.784653358428251E-5 	 0.0018016613400726003 	 7.784653358428251E-5 	 0.0018016613400726003 	 7.784653358428251E-5 	 0.0018016613400726003 	 7.784653358428251E-5 	 0.0018016613400726003 	 
-1.2 	 0.002261696258538713 	 0.0032741677377169124 	 0.002261696258538713 	 0.0032741677377169124 	 0.002261696258538713 	 0.0032741677377169124 	 0.002261696258538713 	 0.0032741677377169124 	 7.713343482249192E-5 	 0.002107619813151149 	 7.713343482249192E-5 	 0.002107619813151149 	 7.713343482249192E-5 	 0.002107619813151149 	 7.713343482249192E-5 	 0.002107619813151149 	 
-1.176 	 0.0026405503498043987 	 0.0036568525711272674 	 0.0026405503498043987 	 0.0036568525711272674 	 0.0026405503498043987 	 0.0036568525711272674 	 0.0026405503498043987 	 0.0036568525711272674 	 7.497708118111681E-5 	 0.002445384421519649 	 7.497708118111681E-5 	 0.002445384421519649 	 7.497708118111681E-5 	 0.002445384421519649 	 7.497708118111681E-5 	 0.002445384421519649 	 
-1.152 	 0.0030442736362097564 	 0.004231514981600052 	 0.0030442736362097564 	 0.004231514981600052 	 0.0030442736362097564 	 0.004231514981600052 	 0.0030442736362097564 	 0.004231514981600052 	 7.123865440124878E-5 	 0.002813201592711909 	 7.123865440124878E-5 	 0.002813201592711909 	 7.123865440124878E-5 	 0.002813201592711909 	 7.123865440124878E-5 	 0.002813201592711909 	 
-1.128 	 0.0035098044410457677 	 0.004896322265060557 	 0.0035098044410457677 	 0.004896322265060557 	 0.0035098044410457677 	 0.004896322265060557 	 0.0035098044410457677 	 0.004896322265060557 	 7.446669306877985E-5 	 0.0032494247078863115 	 7.446669306877985E-5 	 0.0032494247078863115 	 7.446669306877985E-5 	 0.0032494247078863115 	 7.446669306877985E-5 	 0.0032494247078863115 	 
-1.1039999999999999 	 0.0040454443926248975 	 0.00580982421828669 	 0.0040454443926248975 	 0.00580982421828669 	 0.0040454443926248975 	 0.00580982421828669 	 0.0040454443926248975 	 0.00580982421828669 	 7.754825559345888E-5 	 0.0037502628596440585 	 7.754825559345888E-5 	 0.0037502628596440585 	 7.754825559345888E-5 	 0.0037502628596440585 	 7.754825559345888E-5 	 0.0037502628596440585 	 
-1.08 	 0.004725741747088176 	 0.006897140808545733 	 0.004725741747088176 	 0.006897140808545733 	 0.004725741747088176 	 0.006897140808545733 	 0.004725741747088176 	 0.006897140808545733 	 8.218602591113764E-5 	 0.0043930917255473375 	 8.218602591113764E-5 	 0.0043930917255473375 	 8.218602591113764E-5 	 0.0043930917255473375 	 8.218602591113764E-5 	 0.0043930917255473375 	 
-1.056 	 0.005526379485230709 	 0.008053208614483269 	 0.005526379485230709 	 0.008053208614483269 	 0.005526379485230709 	 0.008053208614483269 	 0.005526379485230709 	 0.008053208614483269 	 8.364501317817095E-5 	 0.005134587719116527 	 8.364501317817095E-5 	 0.005134587719116527 	 8.364501317817095E-5 	 0.005134587719116527 	 8.364501317817095E-5 	 0.005134587719116527 	 
-1.032 	 0.006475047926923859 	 0.009330292744976683 	 0.006475047926923859 	 0.009330292744976683 	 0.006475047926923859 	 0.009330292744976683 	 0.006475047926923859 	 0.009330292744976683 	 8.8890817646563E-5 	 0.006011734254896558 	 8.8890817646563E-5 	 0.006011734254896558 	 8.8890817646563E-5 	 0.006011734254896558 	 8.8890817646563E-5 	 0.006011734254896558 	 
-1.008 	 0.007576319253346893 	 0.010910704987287821 	 0.007576319253346893 	 0.010910704987287821 	 0.007576319253346893 	 0.010910704987287821 	 0.007576319253346893 	 0.010910704987287821 	 9.383060979882981E-5 	 0.007024419361708326 	 9.383060979882981E-5 	 0.007024419361708326 	 9.383060979882981E-5 	 0.007024419361708326 	 9.383060979882981E-5 	 0.007024419361708326 	 
-0.984 	 0.008855119515432722 	 0.012767589783296323 	 0.008855119515432722 	 0.012767589783296323 	 0.008855119515432722 	 0.012767589783296323 	 0.008855119515432722 	 0.012767589783296323 	 9.700797003475876E-5 	 0.00820962983839142 	 9.700797003475876E-5 	 0.00820962983839142 	 9.700797003475876E-5 	 0.00820962983839142 	 9.700797003475876E-5 	 0.00820962983839142 	 
-0.96 	 0.010283254924137546 	 0.01450647431431704 	 0.010283254924137546 	 0.01450647431431704 	 0.010283254924137546 	 0.01450647431431704 	 0.010283254924137546 	 0.01450647431431704 	 1.0312345333969759E-4 	 0.00952893901689918 	 1.0312345333969759E-4 	 0.00952893901689918 	 1.0312345333969759E-4 	 0.00952893901689918 	 1.0312345333969759E-4 	 0.00952893901689918 	 
-0.9359999999999999 	 0.011910486656361814 	 0.016729228323681396 	 0.011910486656361814 	 0.016729228323681396 	 0.011910486656361814 	 0.016729228323681396 	 0.011910486656361814 	 0.016729228323681396 	 1.0742421697282765E-4 	 0.011020350364699501 	 1.0742421697282765E-4 	 0.011020350364699501 	 1.0742421697282765E-4 	 0.011020350364699501 	 1.0742421697282765E-4 	 0.011020350364699501 	 
-0.9119999999999999 	 0.013774083159840064 	 0.019354795307171935 	 0.013774083159840064 	 0.019354795307171935 	 0.013774083159840064 	 0.019354795307171935 	 0.013774083159840064 	 0.019354795307171935 	 1.1231115344432439E-4 	 0.012747419444184395 	 1.1231115344432439E-4 	 0.012747419444184395 	 1.1231115344432439E-4 	 0.012747419444184395 	 1.1231115344432439E-4 	 0.012747419444184395 	 
-0.8879999999999999 	 0.015793011802099972 	 0.02158863566199479 	 0.015793011802099972 	 0.02158863566199479 	 0.015793011802099972 	 0.02158863566199479 	 0.015793011802099972 	 0.02158863566199479 	 1.1345972852266507E-4 	 0.014613542286170447 	 1.1345972852266507E-4 	 0.014613542286170447 	 1.1345972852266507E-4 	 0.014613542286170447 	 1.1345972852266507E-4 	 0.014613542286170447 	 
-0.8639999999999999 	 0.01804391719881275 	 0.024621910195676788 	 0.01804391719881275 	 0.024621910195676788 	 0.01804391719881275 	 0.024621910195676788 	 0.01804391719881275 	 0.024621910195676788 	 1.1939873224782486E-4 	 0.016677390119814117 	 1.1939873224782486E-4 	 0.016677390119814117 	 1.1939873224782486E-4 	 0.016677390119814117 	 1.1939873224782486E-4 	 0.016677390119814117 	 
-0.8399999999999999 	 0.020618464155418296 	 0.028233374212367896 	 0.020618464155418296 	 0.028233374212367896 	 0.020618464155418296 	 0.028233374212367896 	 0.020618464155418296 	 0.028233374212367896 	 1.2299204648546708E-4 	 0.01907165329288631 	 1.2299204648546708E-4 	 0.01907165329288631 	 1.2299204648546708E-4 	 0.01907165329288631 	 1.2299204648546708E-4 	 0.01907165329288631 	 
-0.8159999999999998 	 0.02325628954563324 	 0.030607394767246537 	 0.02325628954563324 	 0.030607394767246537 	 0.02325628954563324 	 0.030607394767246537 	 0.02325628954563324 	 0.030607394767246537 	 1.2772417442413896E-4 	 0.02150283775484579 	 1.2772417442413896E-4 	 0.02150283775484579 	 1.2772417442413896E-4 	 0.02150283775484579 	 1.2772417442413896E-4 	 0.02150283775484579 	 
-0.7919999999999998 	 0.026037655324886094 	 0.03342503356395944 	 0.026037655324886094 	 0.03342503356395944 	 0.026037655324886094 	 0.03342503356395944 	 0.026037655324886094 	 0.03342503356395944 	 1.3509135436158684E-4 	 0.024021747468222734 	 1.3509135436158684E-4 	 0.024021747468222734 	 1.3509135436158684E-4 	 0.024021747468222734 	 1.3509135436158684E-4 	 0.024021747468222734 	 
-0.7679999999999998 	 0.028959053637516094 	 0.03690197315103642 	 0.028959053637516094 	 0.03690197315103642 	 0.028959053637516094 	 0.03690197315103642 	 0.028959053637516094 	 0.03690197315103642 	 1.4238992639544314E-4 	 0.026716369311400475 	 1.4238992639544314E-4 	 0.026716369311400475 	 1.4238992639544314E-4 	 0.026716369311400475 	 1.4238992639544314E-4 	 0.026716369311400475 	 
-0.7439999999999998 	 0.03191782695350547 	 0.039851291969589156 	 0.03191782695350547 	 0.039851291969589156 	 0.03191782695350547 	 0.039851291969589156 	 0.03191782695350547 	 0.039851291969589156 	 1.4944704217061138E-4 	 0.029456164169700576 	 1.4944704217061138E-4 	 0.029456164169700576 	 1.4944704217061138E-4 	 0.029456164169700576 	 1.4944704217061138E-4 	 0.029456164169700576 	 
-0.7199999999999998 	 0.03475704673758278 	 0.042084795766405454 	 0.03475704673758278 	 0.042084795766405454 	 0.03475704673758278 	 0.042084795766405454 	 0.03475704673758278 	 0.042084795766405454 	 1.5704990516914098E-4 	 0.03207715317178164 	 1.5704990516914098E-4 	 0.03207715317178164 	 1.5704990516914098E-4 	 0.03207715317178164 	 1.5704990516914098E-4 	 0.03207715317178164 	 
-0.6959999999999997 	 0.03751447675194365 	 0.043995439880277314 	 0.03751447675194365 	 0.043995439880277314 	 0.03751447675194365 	 0.043995439880277314 	 0.03751447675194365 	 0.043995439880277314 	 1.6788083112684264E-4 	 0.03459516993966648 	 1.6788083112684264E-4 	 0.03459516993966648 	 1.6788083112684264E-4 	 0.03459516993966648 	 1.6788083112684264E-4 	 0.03459516993966648 	 
-0.6720000000000002 	 0.03986069275621263 	 0.04490287967373178 	 0.03986069275621263 	 0.04490287967373178 	 0.03986069275621263 	 0.04490287967373178 	 0.03986069275621263 	 0.04490287967373178 	 1.7455006130314058E-4 	 0.036747149512179146 	 1.7455006130314058E-4 	 0.036747149512179146 	 1.7455006130314058E-4 	 0.036747149512179146 	 1.7455006130314058E-4 	 0.036747149512179146 	 
-0.6480000000000001 	 0.041757123202827165 	 0.04506853258517825 	 0.041757123202827165 	 0.04506853258517825 	 0.041757123202827165 	 0.04506853258517825 	 0.041757123202827165 	 0.04506853258517825 	 1.8154564309419752E-4 	 0.038497663491420066 	 1.8154564309419752E-4 	 0.038497663491420066 	 1.8154564309419752E-4 	 0.038497663491420066 	 1.8154564309419752E-4 	 0.038497663491420066 	 
-0.6240000000000001 	 0.042968556598958714 	 0.044578847840974864 	 0.042968556598958714 	 0.044578847840974864 	 0.042968556598958714 	 0.044578847840974864 	 0.042968556598958714 	 0.044578847840974864 	 1.8742278236661918E-4 	 0.03966176056603138 	 1.8742278236661918E-4 	 0.03966176056603138 	 1.8742278236661918E-4 	 0.03966176056603138 	 1.8742278236661918E-4 	 0.03966176056603138 	 
-0.6000000000000001 	 0.043593911554465084 	 0.04324193465854665 	 0.043593911554465084 	 0.04324193465854665 	 0.043593911554465084 	 0.04324193465854665 	 0.043593911554465084 	 0.04324193465854665 	 1.919495176746434E-4 	 0.040318661604879576 	 1.919495176746434E-4 	 0.040318661604879576 	 1.919495176746434E-4 	 0.040318661604879576 	 1.919495176746434E-4 	 0.040318661604879576 	 
-0.5760000000000001 	 0.04347584024277984 	 0.04133028439092155 	 0.04347584024277984 	 0.04133028439092155 	 0.04347584024277984 	 0.04133028439092155 	 0.04347584024277984 	 0.04133028439092155 	 1.949169560849554E-4 	 0.04032027183397435 	 1.949169560849554E-4 	 0.04032027183397435 	 1.949169560849554E-4 	 0.04032027183397435 	 1.949169560849554E-4 	 0.04032027183397435 	 
-0.552 	 0.042745744947772786 	 0.03884129329865932 	 0.042745744947772786 	 0.03884129329865932 	 0.042745744947772786 	 0.03884129329865932 	 0.042745744947772786 	 0.03884129329865932 	 1.995097047102951E-4 	 0.03981970512375425 	 1.995097047102951E-4 	 0.03981970512375425 	 1.995097047102951E-4 	 0.03981970512375425 	 1.995097047102951E-4 	 0.03981970512375425 	 
-0.528 	 0.041358534181189004 	 0.03602862912379015 	 0.041358534181189004 	 0.03602862912379015 	 0.041358534181189004 	 0.03602862912379015 	 0.041358534181189004 	 0.03602862912379015 	 2.0198509990163898E-4 	 0.0387268217430771 	 2.0198509990163898E-4 	 0.0387268217430771 	 2.0198509990163898E-4 	 0.0387268217430771 	 2.0198509990163898E-4 	 0.0387268217430771 	 
-0.504 	 0.03939494737706448 	 0.03254430185490015 	 0.03939494737706448 	 0.03254430185490015 	 0.03939494737706448 	 0.03254430185490015 	 0.03939494737706448 	 0.03254430185490015 	 2.0424691746727248E-4 	 0.0371554276997356 	 2.0424691746727248E-4 	 0.0371554276997356 	 2.0424691746727248E-4 	 0.0371554276997356 	 2.0424691746727248E-4 	 0.0371554276997356 	 
-0.48 	 0.036943342096808975 	 0.029060657843359292 	 0.036943342096808975 	 0.029060657843359292 	 0.036943342096808975 	 0.029060657843359292 	 0.036943342096808975 	 0.029060657843359292 	 2.081772377295021E-4 	 0.03513543536670346 	 2.081772377295021E-4 	 0.03513543536670346 	 2.081772377295021E-4 	 0.03513543536670346 	 2.081772377295021E-4 	 0.03513543536670346 	 
-0.45599999999999996 	 0.034048319038804835 	 0.02523283497562173 	 0.034048319038804835 	 0.02523283497562173 	 0.034048319038804835 	 0.02523283497562173 	 0.034048319038804835 	 0.02523283497562173 	 2.1222127027294084E-4 	 0.032752593144303566 	 2.1222127027294084E-4 	 0.032752593144303566 	 2.1222127027294084E-4 	 0.032752593144303566 	 2.1222127027294084E-4 	 0.032752593144303566 	 
-0.43199999999999994 	 0.03093867915662751 	 0.021952200426082164 	 0.03093867915662751 	 0.021952200426082164 	 0.03093867915662751 	 0.021952200426082164 	 0.03093867915662751 	 0.021952200426082164 	 2.1757565017859896E-4 	 0.030143804130943513 	 2.1757565017859896E-4 	 0.030143804130943513 	 2.1757565017859896E-4 	 0.030143804130943513 	 2.1757565017859896E-4 	 0.030143804130943513 	 
-0.4079999999999999 	 0.02770089490923005 	 0.019175831476731346 	 0.02770089490923005 	 0.019175831476731346 	 0.02770089490923005 	 0.019175831476731346 	 0.02770089490923005 	 0.019175831476731346 	 2.2166422862277292E-4 	 0.02746762755704768 	 2.2166422862277292E-4 	 0.02746762755704768 	 2.2166422862277292E-4 	 0.02746762755704768 	 2.2166422862277292E-4 	 0.02746762755704768 	 
-0.3839999999999999 	 0.024605912234599906 	 0.016579679488658197 	 0.024605912234599906 	 0.016579679488658197 	 0.024605912234599906 	 0.016579679488658197 	 0.024605912234599906 	 0.016579679488658197 	 2.3077350226110533E-4 	 0.02488667169549619 	 2.3077350226110533E-4 	 0.02488667169549619 	 2.3077350226110533E-4 	 0.02488667169549619 	 2.3077350226110533E-4 	 0.02488667169549619 	 
-0.3599999999999999 	 0.021651277531997755 	 0.014609897016754733 	 0.021651277531997755 	 0.014609897016754733 	 0.021651277531997755 	 0.014609897016754733 	 0.021651277531997755 	 0.014609897016754733 	 2.3681193679646697E-4 	 0.022383065262712314 	 2.3681193679646697E-4 	 0.022383065262712314 	 2.3681193679646697E-4 	 0.022383065262712314 	 2.3681193679646697E-4 	 0.022383065262712314 	 
-0.33599999999999985 	 0.019062354015030387 	 0.012646654776286816 	 0.019062354015030387 	 0.012646654776286816 	 0.019062354015030387 	 0.012646654776286816 	 0.019062354015030387 	 0.012646654776286816 	 2.4352409671050498E-4 	 0.02017265118073324 	 2.4352409671050498E-4 	 0.02017265118073324 	 2.4352409671050498E-4 	 0.02017265118073324 	 2.4352409671050498E-4 	 0.02017265118073324 	 
-0.31199999999999983 	 0.01660799071188497 	 0.010696235427281814 	 0.01660799071188497 	 0.010696235427281814 	 0.01660799071188497 	 0.010696235427281814 	 0.01660799071188497 	 0.010696235427281814 	 2.510283418307673E-4 	 0.017993264548631076 	 2.510283418307673E-4 	 0.017993264548631076 	 2.510283418307673E-4 	 0.017993264548631076 	 2.510283418307673E-4 	 0.017993264548631076 	 
-0.2879999999999998 	 0.01446464119459236 	 0.009086745220156572 	 0.01446464119459236 	 0.009086745220156572 	 0.01446464119459236 	 0.009086745220156572 	 0.01446464119459236 	 0.009086745220156572 	 2.588316408412945E-4 	 0.016068500164913388 	 2.588316408412945E-4 	 0.016068500164913388 	 2.588316408412945E-4 	 0.016068500164913388 	 2.588316408412945E-4 	 0.016068500164913388 	 
-0.2639999999999998 	 0.012491386850706651 	 0.007847105635427466 	 0.012491386850706651 	 0.007847105635427466 	 0.012491386850706651 	 0.007847105635427466 	 0.012491386850706651 	 0.007847105635427466 	 2.706719298730201E-4 	 0.014257035548865045 	 2.706719298730201E-4 	 0.014257035548865045 	 2.706719298730201E-4 	 0.014257035548865045 	 2.706719298730201E-4 	 0.014257035548865045 	 
-0.23999999999999977 	 0.010787764307361917 	 0.006898985324019421 	 0.010787764307361917 	 0.006898985324019421 	 0.010787764307361917 	 0.006898985324019421 	 0.010787764307361917 	 0.006898985324019421 	 2.844972622583468E-4 	 0.012682586190654193 	 2.844972622583468E-4 	 0.012682586190654193 	 2.844972622583468E-4 	 0.012682586190654193 	 2.844972622583468E-4 	 0.012682586190654193 	 
-0.21599999999999975 	 0.009313745006237804 	 0.006109363078604763 	 0.009313745006237804 	 0.006109363078604763 	 0.009313745006237804 	 0.006109363078604763 	 0.009313745006237804 	 0.006109363078604763 	 3.0059178492943255E-4 	 0.011264185708039684 	 3.0059178492943255E-4 	 0.011264185708039684 	 3.0059178492943255E-4 	 0.011264185708039684 	 3.0059178492943255E-4 	 0.011264185708039684 	 
-0.19199999999999973 	 0.008110866860361523 	 0.005560176198769264 	 0.008110866860361523 	 0.005560176198769264 	 0.008110866860361523 	 0.005560176198769264 	 0.008110866860361523 	 0.005560176198769264 	 3.187988479792993E-4 	 0.010081618654910921 	 3.187988479792993E-4 	 0.010081618654910921 	 3.187988479792993E-4 	 0.010081618654910921 	 3.187988479792993E-4 	 0.010081618654910921 	 
-0.16800000000000015 	 0.007130657268490507 	 0.004994045352176205 	 0.007130657268490507 	 0.004994045352176205 	 0.007130657268490507 	 0.004994045352176205 	 0.007130657268490507 	 0.004994045352176205 	 3.3993535378292643E-4 	 0.00907990083591331 	 3.3993535378292643E-4 	 0.00907990083591331 	 3.3993535378292643E-4 	 0.00907990083591331 	 3.3993535378292643E-4 	 0.00907990083591331 	 
-0.14400000000000013 	 0.006288247310517843 	 0.004367662453247189 	 0.006288247310517843 	 0.004367662453247189 	 0.006288247310517843 	 0.004367662453247189 	 0.006288247310517843 	 0.004367662453247189 	 3.636982943543212E-4 	 0.00817429080866988 	 3.636982943543212E-4 	 0.00817429080866988 	 3.636982943543212E-4 	 0.00817429080866988 	 3.636982943543212E-4 	 0.00817429080866988 	 
-0.1200000000000001 	 0.005533664040181519 	 0.003672124489554908 	 0.005533664040181519 	 0.003672124489554908 	 0.005533664040181519 	 0.003672124489554908 	 0.005533664040181519 	 0.003672124489554908 	 3.9443381956020125E-4 	 0.0073457479422763755 	 3.9443381956020125E-4 	 0.0073457479422763755 	 3.9443381956020125E-4 	 0.0073457479422763755 	 3.9443381956020125E-4 	 0.0073457479422763755 	 
-0.09600000000000009 	 0.004863306638707548 	 0.003239952081095918 	 0.004863306638707548 	 0.003239952081095918 	 0.004863306638707548 	 0.003239952081095918 	 0.004863306638707548 	 0.003239952081095918 	 4.2979460046716476E-4 	 0.0065856873198417345 	 4.2979460046716476E-4 	 0.0065856873198417345 	 4.2979460046716476E-4 	 0.0065856873198417345 	 4.2979460046716476E-4 	 0.0065856873198417345 	 
-0.07200000000000006 	 0.004266329415275905 	 0.002992424600304772 	 0.004266329415275905 	 0.002992424600304772 	 0.004266329415275905 	 0.002992424600304772 	 0.004266329415275905 	 0.002992424600304772 	 4.693041965282314E-4 	 0.005916204438328855 	 4.693041965282314E-4 	 0.005916204438328855 	 4.693041965282314E-4 	 0.005916204438328855 	 4.693041965282314E-4 	 0.005916204438328855 	 
-0.04800000000000004 	 0.0037374670534533133 	 0.002568929013073879 	 0.0037374670534533133 	 0.002568929013073879 	 0.0037374670534533133 	 0.002568929013073879 	 0.0037374670534533133 	 0.002568929013073879 	 5.196848947595108E-4 	 0.005323626933846914 	 5.196848947595108E-4 	 0.005323626933846914 	 5.196848947595108E-4 	 0.005323626933846914 	 5.196848947595108E-4 	 0.005323626933846914 	 
-0.02400000000000002 	 0.0032570907693151457 	 0.002183431993463771 	 0.0032570907693151457 	 0.002183431993463771 	 0.0032570907693151457 	 0.002183431993463771 	 0.0032570907693151457 	 0.002183431993463771 	 5.803523890555428E-4 	 0.0047571919408653665 	 5.803523890555428E-4 	 0.0047571919408653665 	 5.803523890555428E-4 	 0.0047571919408653665 	 5.803523890555428E-4 	 0.0047571919408653665 	 
0.0 	 0.0028704374833880405 	 0.0019423785122318392 	 0.0028704374833880405 	 0.0019423785122318392 	 0.0028704374833880405 	 0.0019423785122318392 	 0.0028704374833880405 	 0.0019423785122318392 	 6.54173617759521E-4 	 0.004297657437550846 	 6.54173617759521E-4 	 0.004297657437550846 	 6.54173617759521E-4 	 0.004297657437550846 	 6.54173617759521E-4 	 0.004297657437550846 	 
0.02400000000000002 	 0.002505953931555687 	 0.0017138553143222811 	 0.002505953931555687 	 0.0017138553143222811 	 0.002505953931555687 	 0.0017138553143222811 	 0.002505953931555687 	 0.0017138553143222811 	 7.413297632985695E-4 	 0.0038648865294220233 	 7.413297632985695E-4 	 0.0038648865294220233 	 7.413297632985695E-4 	 0.0038648865294220233 	 7.413297632985695E-4 	 0.0038648865294220233 	 
0.04800000000000004 	 0.002197880617559095 	 0.0015423994292536997 	 0.002197880617559095 	 0.0015423994292536997 	 0.002197880617559095 	 0.0015423994292536997 	 0.002197880617559095 	 0.0015423994292536997 	 8.449209411039748E-4 	 0.003498367568384127 	 8.449209411039748E-4 	 0.003498367568384127 	 8.449209411039748E-4 	 0.003498367568384127 	 8.449209411039748E-4 	 0.003498367568384127 	 
0.07200000000000006 	 0.001926286561631855 	 0.0013670796741713058 	 0.001926286561631855 	 0.0013670796741713058 	 0.001926286561631855 	 0.0013670796741713058 	 0.001926286561631855 	 0.0013670796741713058 	 9.662296078795142E-4 	 0.0031633696997546558 	 9.662296078795142E-4 	 0.0031633696997546558 	 9.662296078795142E-4 	 0.0031633696997546558 	 9.662296078795142E-4 	 0.0031633696997546558 	 
0.09600000000000009 	 0.001698895772865127 	 0.001197359991094104 	 0.001698895772865127 	 0.001197359991094104 	 0.001698895772865127 	 0.001197359991094104 	 0.001698895772865127 	 0.001197359991094104 	 0.001116201128568033 	 0.002879731838501942 	 0.001116201128568033 	 0.002879731838501942 	 0.001116201128568033 	 0.002879731838501942 	 0.001116201128568033 	 0.002879731838501942 	 
0.1200000000000001 	 0.0015015369295077268 	 0.0010916718893363812 	 0.0015015369295077268 	 0.0010916718893363812 	 0.0015015369295077268 	 0.0010916718893363812 	 0.0015015369295077268 	 0.0010916718893363812 	 0.0012948564422776644 	 0.0026192275281020686 	 0.0012948564422776644 	 0.0026192275281020686 	 0.0012948564422776644 	 0.0026192275281020686 	 0.0012948564422776644 	 0.0026192275281020686 	 
0.14400000000000013 	 0.001334206203929646 	 0.001018901498592652 	 0.001334206203929646 	 0.001018901498592652 	 0.001334206203929646 	 0.001018901498592652 	 0.001334206203929646 	 0.001018901498592652 	 0.0015273727167791206 	 0.002403751687405929 	 0.0015273727167791206 	 0.002403751687405929 	 0.0015273727167791206 	 0.002403751687405929 	 0.0015273727167791206 	 0.002403751687405929 	 
0.16800000000000015 	 0.00118284919958575 	 8.711617446649612E-4 	 0.00118284919958575 	 8.711617446649612E-4 	 0.00118284919958575 	 8.711617446649612E-4 	 0.00118284919958575 	 8.711617446649612E-4 	 0.0018094491329101947 	 0.0022056350798275973 	 0.0018094491329101947 	 0.0022056350798275973 	 0.0018094491329101947 	 0.0022056350798275973 	 0.0018094491329101947 	 0.0022056350798275973 	 
0.19200000000000017 	 0.0010473927520600985 	 7.5339071450261E-4 	 0.0010473927520600985 	 7.5339071450261E-4 	 0.0010473927520600985 	 7.5339071450261E-4 	 0.0010473927520600985 	 7.5339071450261E-4 	 0.0021745795135550143 	 0.002022618144560804 	 0.0021745795135550143 	 0.002022618144560804 	 0.0021745795135550143 	 0.002022618144560804 	 0.0021745795135550143 	 0.002022618144560804 	 
0.2160000000000002 	 9.203178988560266E-4 	 6.496419910052242E-4 	 9.203178988560266E-4 	 6.496419910052242E-4 	 9.203178988560266E-4 	 6.496419910052242E-4 	 9.203178988560266E-4 	 6.496419910052242E-4 	 0.002618872683551347 	 0.0018533463040934348 	 0.002618872683551347 	 0.0018533463040934348 	 0.002618872683551347 	 0.0018533463040934348 	 0.002618872683551347 	 0.0018533463040934348 	 
0.2400000000000002 	 7.98909312786671E-4 	 5.29463556629233E-4 	 7.98909312786671E-4 	 5.29463556629233E-4 	 7.98909312786671E-4 	 5.29463556629233E-4 	 7.98909312786671E-4 	 5.29463556629233E-4 	 0.003216112251506262 	 0.0016946335388602208 	 0.003216112251506262 	 0.0016946335388602208 	 0.003216112251506262 	 0.0016946335388602208 	 0.003216112251506262 	 0.0016946335388602208 	 
0.26400000000000023 	 6.793473466629188E-4 	 4.533801450427818E-4 	 6.793473466629188E-4 	 4.533801450427818E-4 	 6.793473466629188E-4 	 4.533801450427818E-4 	 6.793473466629188E-4 	 4.533801450427818E-4 	 0.00396362297742128 	 0.001544568679707608 	 0.00396362297742128 	 0.001544568679707608 	 0.00396362297742128 	 0.001544568679707608 	 0.00396362297742128 	 0.001544568679707608 	 
0.28800000000000026 	 5.788395515270738E-4 	 4.0200509237927555E-4 	 5.788395515270738E-4 	 4.0200509237927555E-4 	 5.788395515270738E-4 	 4.0200509237927555E-4 	 5.788395515270738E-4 	 4.0200509237927555E-4 	 0.004937115211833922 	 0.0014208142123111839 	 0.004937115211833922 	 0.0014208142123111839 	 0.004937115211833922 	 0.0014208142123111839 	 0.004937115211833922 	 0.0014208142123111839 	 
0.3120000000000003 	 4.876698019110879E-4 	 3.6577403036551416E-4 	 4.876698019110879E-4 	 3.6577403036551416E-4 	 4.876698019110879E-4 	 3.6577403036551416E-4 	 4.876698019110879E-4 	 3.6577403036551416E-4 	 0.0062166253064050055 	 0.0013063733498682238 	 0.0062166253064050055 	 0.0013063733498682238 	 0.0062166253064050055 	 0.0013063733498682238 	 0.0062166253064050055 	 0.0013063733498682238 	 
0.33599999999999985 	 4.1803141679823077E-4 	 3.2153237292212777E-4 	 4.1803141679823077E-4 	 3.2153237292212777E-4 	 4.1803141679823077E-4 	 3.2153237292212777E-4 	 4.1803141679823077E-4 	 3.2153237292212777E-4 	 0.007830744073232757 	 0.0012131466144364002 	 0.007830744073232757 	 0.0012131466144364002 	 0.007830744073232757 	 0.0012131466144364002 	 0.007830744073232757 	 0.0012131466144364002 	 
0.3599999999999999 	 3.568536244298728E-4 	 2.809697787549127E-4 	 3.568536244298728E-4 	 2.809697787549127E-4 	 3.568536244298728E-4 	 2.809697787549127E-4 	 3.568536244298728E-4 	 2.809697787549127E-4 	 0.009918723517089376 	 0.0011309506520561416 	 0.009918723517089376 	 0.0011309506520561416 	 0.009918723517089376 	 0.0011309506520561416 	 0.009918723517089376 	 0.0011309506520561416 	 
0.3839999999999999 	 3.060467228218774E-4 	 2.300136751883114E-4 	 3.060467228218774E-4 	 2.300136751883114E-4 	 3.060467228218774E-4 	 2.300136751883114E-4 	 3.060467228218774E-4 	 2.300136751883114E-4 	 0.012434383931815882 	 0.001057309709081926 	 0.012434383931815882 	 0.001057309709081926 	 0.012434383931815882 	 0.001057309709081926 	 0.012434383931815882 	 0.001057309709081926 	 
0.4079999999999999 	 2.609442375493719E-4 	 1.9895135276362539E-4 	 2.609442375493719E-4 	 1.9895135276362539E-4 	 2.609442375493719E-4 	 1.9895135276362539E-4 	 2.609442375493719E-4 	 1.9895135276362539E-4 	 0.01552027050641591 	 9.915196652789506E-4 	 0.01552027050641591 	 9.915196652789506E-4 	 0.01552027050641591 	 9.915196652789506E-4 	 0.01552027050641591 	 9.915196652789506E-4 	 
0.43199999999999994 	 2.2487376655004485E-4 	 2.2172376764097613E-4 	 2.2487376655004485E-4 	 2.2172376764097613E-4 	 2.2487376655004485E-4 	 2.2172376764097613E-4 	 2.2487376655004485E-4 	 2.2172376764097613E-4 	 0.019144682463824607 	 9.387040426665254E-4 	 0.019144682463824607 	 9.387040426665254E-4 	 0.019144682463824607 	 9.387040426665254E-4 	 0.019144682463824607 	 9.387040426665254E-4 	 
0.45599999999999996 	 2.017615457418445E-4 	 2.1772588305719396E-4 	 2.017615457418445E-4 	 2.1772588305719396E-4 	 2.017615457418445E-4 	 2.1772588305719396E-4 	 2.017615457418445E-4 	 2.1772588305719396E-4 	 0.02313967998336948 	 9.011094832703046E-4 	 0.02313967998336948 	 9.011094832703046E-4 	 0.02313967998336948 	 9.011094832703046E-4 	 0.02313967998336948 	 9.011094832703046E-4 	 
0.48 	 1.8093837536346227E-4 	 1.987838596062167E-4 	 1.8093837536346227E-4 	 1.987838596062167E-4 	 1.8093837536346227E-4 	 1.987838596062167E-4 	 1.8093837536346227E-4 	 1.987838596062167E-4 	 0.027632696398276965 	 8.606967812375161E-4 	 0.027632696398276965 	 8.606967812375161E-4 	 0.027632696398276965 	 8.606967812375161E-4 	 0.027632696398276965 	 8.606967812375161E-4 	 
0.504 	 1.6998407348974988E-4 	 1.9375151805643936E-4 	 1.6998407348974988E-4 	 1.9375151805643936E-4 	 1.6998407348974988E-4 	 1.9375151805643936E-4 	 1.6998407348974988E-4 	 1.9375151805643936E-4 	 0.03229034953387235 	 8.315572767404464E-4 	 0.03229034953387235 	 8.315572767404464E-4 	 0.03229034953387235 	 8.315572767404464E-4 	 0.03229034953387235 	 8.315572767404464E-4 	 
0.528 	 1.5853863867591885E-4 	 1.8073288425361596E-4 	 1.5853863867591885E-4 	 1.8073288425361596E-4 	 1.5853863867591885E-4 	 1.8073288425361596E-4 	 1.5853863867591885E-4 	 1.8073288425361596E-4 	 0.03703729464039155 	 7.984777751478376E-4 	 0.03703729464039155 	 7.984777751478376E-4 	 0.03703729464039155 	 7.984777751478376E-4 	 0.03703729464039155 	 7.984777751478376E-4 	 
0.552 	 1.4919927476638275E-4 	 1.9326517140798595E-4 	 1.4919927476638275E-4 	 1.9326517140798595E-4 	 1.4919927476638275E-4 	 1.9326517140798595E-4 	 1.4919927476638275E-4 	 1.9326517140798595E-4 	 0.041492867131292945 	 7.707078497358621E-4 	 0.041492867131292945 	 7.707078497358621E-4 	 0.041492867131292945 	 7.707078497358621E-4 	 0.041492867131292945 	 7.707078497358621E-4 	 
0.5760000000000001 	 1.423319628106799E-4 	 1.8799879884161052E-4 	 1.423319628106799E-4 	 1.8799879884161052E-4 	 1.423319628106799E-4 	 1.8799879884161052E-4 	 1.423319628106799E-4 	 1.8799879884161052E-4 	 0.04559413575909907 	 7.419847940244213E-4 	 0.04559413575909907 	 7.419847940244213E-4 	 0.04559413575909907 	 7.419847940244213E-4 	 0.04559413575909907 	 7.419847940244213E-4 	 
0.6000000000000001 	 1.352794838644784E-4 	 1.80395407483382E-4 	 1.352794838644784E-4 	 1.80395407483382E-4 	 1.352794838644784E-4 	 1.80395407483382E-4 	 1.352794838644784E-4 	 1.80395407483382E-4 	 0.04887404712887655 	 7.092629463251702E-4 	 0.04887404712887655 	 7.092629463251702E-4 	 0.04887404712887655 	 7.092629463251702E-4 	 0.04887404712887655 	 7.092629463251702E-4 	 
0.6240000000000001 	 1.3117274579781983E-4 	 1.8129360162741964E-4 	 1.3117274579781983E-4 	 1.8129360162741964E-4 	 1.3117274579781983E-4 	 1.8129360162741964E-4 	 1.3117274579781983E-4 	 1.8129360162741964E-4 	 0.05125216680011545 	 6.775711102377103E-4 	 0.05125216680011545 	 6.775711102377103E-4 	 0.05125216680011545 	 6.775711102377103E-4 	 0.05125216680011545 	 6.775711102377103E-4 	 
0.6480000000000001 	 1.270536513137636E-4 	 1.7689481413157084E-4 	 1.270536513137636E-4 	 1.7689481413157084E-4 	 1.270536513137636E-4 	 1.7689481413157084E-4 	 1.270536513137636E-4 	 1.7689481413157084E-4 	 0.05259012856003956 	 6.436496614084207E-4 	 0.05259012856003956 	 6.436496614084207E-4 	 0.05259012856003956 	 6.436496614084207E-4 	 0.05259012856003956 	 6.436496614084207E-4 	 
0.6720000000000002 	 1.2147744668153809E-4 	 1.7816179061798233E-4 	 1.2147744668153809E-4 	 1.7816179061798233E-4 	 1.2147744668153809E-4 	 1.7816179061798233E-4 	 1.2147744668153809E-4 	 1.7816179061798233E-4 	 0.05272967858239029 	 6.059230722354236E-4 	 0.05272967858239029 	 6.059230722354236E-4 	 0.05272967858239029 	 6.059230722354236E-4 	 0.05272967858239029 	 6.059230722354236E-4 	 
0.6960000000000002 	 1.1972139011618659E-4 	 1.7590149639728448E-4 	 1.1972139011618659E-4 	 1.7590149639728448E-4 	 1.1972139011618659E-4 	 1.7590149639728448E-4 	 1.1972139011618659E-4 	 1.7590149639728448E-4 	 0.05169103381969697 	 5.685955257833406E-4 	 0.05169103381969697 	 5.685955257833406E-4 	 0.05169103381969697 	 5.685955257833406E-4 	 0.05169103381969697 	 5.685955257833406E-4 	 
0.7200000000000002 	 1.1348566685903131E-4 	 1.649224830135102E-4 	 1.1348566685903131E-4 	 1.649224830135102E-4 	 1.1348566685903131E-4 	 1.649224830135102E-4 	 1.1348566685903131E-4 	 1.649224830135102E-4 	 0.049532581627519535 	 5.249531452349316E-4 	 0.049532581627519535 	 5.249531452349316E-4 	 0.049532581627519535 	 5.249531452349316E-4 	 0.049532581627519535 	 5.249531452349316E-4 	 
0.7440000000000002 	 1.1080323731632493E-4 	 1.6398304495328448E-4 	 1.1080323731632493E-4 	 1.6398304495328448E-4 	 1.1080323731632493E-4 	 1.6398304495328448E-4 	 1.1080323731632493E-4 	 1.6398304495328448E-4 	 0.046592051313134326 	 4.854401486134151E-4 	 0.046592051313134326 	 4.854401486134151E-4 	 0.046592051313134326 	 4.854401486134151E-4 	 0.046592051313134326 	 4.854401486134151E-4 	 
0.7680000000000002 	 1.0540954534336833E-4 	 1.5719815855029054E-4 	 1.0540954534336833E-4 	 1.5719815855029054E-4 	 1.0540954534336833E-4 	 1.5719815855029054E-4 	 1.0540954534336833E-4 	 1.5719815855029054E-4 	 0.042846086114898534 	 4.411481040221023E-4 	 0.042846086114898534 	 4.411481040221023E-4 	 0.042846086114898534 	 4.411481040221023E-4 	 0.042846086114898534 	 4.411481040221023E-4 	 
0.7920000000000003 	 1.0003175702422121E-4 	 1.4267334397092776E-4 	 1.0003175702422121E-4 	 1.4267334397092776E-4 	 1.0003175702422121E-4 	 1.4267334397092776E-4 	 1.0003175702422121E-4 	 1.4267334397092776E-4 	 0.038851360469396405 	 3.971466033542997E-4 	 0.038851360469396405 	 3.971466033542997E-4 	 0.038851360469396405 	 3.971466033542997E-4 	 0.038851360469396405 	 3.971466033542997E-4 	 
0.8160000000000003 	 9.410065671949997E-5 	 1.3677307278174312E-4 	 9.410065671949997E-5 	 1.3677307278174312E-4 	 9.410065671949997E-5 	 1.3677307278174312E-4 	 9.410065671949997E-5 	 1.3677307278174312E-4 	 0.03461488832459352 	 3.572843705028498E-4 	 0.03461488832459352 	 3.572843705028498E-4 	 0.03461488832459352 	 3.572843705028498E-4 	 0.03461488832459352 	 3.572843705028498E-4 	 
0.8399999999999999 	 8.830261643477282E-5 	 1.2129053435579965E-4 	 8.830261643477282E-5 	 1.2129053435579965E-4 	 8.830261643477282E-5 	 1.2129053435579965E-4 	 8.830261643477282E-5 	 1.2129053435579965E-4 	 0.03039144152282204 	 3.1619563862099844E-4 	 0.03039144152282204 	 3.1619563862099844E-4 	 0.03039144152282204 	 3.1619563862099844E-4 	 0.03039144152282204 	 3.1619563862099844E-4 	 
0.8639999999999999 	 7.97872043000648E-5 	 1.0737670416735939E-4 	 7.97872043000648E-5 	 1.0737670416735939E-4 	 7.97872043000648E-5 	 1.0737670416735939E-4 	 7.97872043000648E-5 	 1.0737670416735939E-4 	 0.026277579222981812 	 2.7662779056318804E-4 	 0.026277579222981812 	 2.7662779056318804E-4 	 0.026277579222981812 	 2.7662779056318804E-4 	 0.026277579222981812 	 2.7662779056318804E-4 	 
0.8879999999999999 	 7.184643364175886E-5 	 8.911929863901917E-5 	 7.184643364175886E-5 	 8.911929863901917E-5 	 7.184643364175886E-5 	 8.911929863901917E-5 	 7.184643364175886E-5 	 8.911929863901917E-5 	 0.022552566012669105 	 2.41334142386122E-4 	 0.022552566012669105 	 2.41334142386122E-4 	 0.022552566012669105 	 2.41334142386122E-4 	 0.022552566012669105 	 2.41334142386122E-4 	 
0.9119999999999999 	 6.167428473348412E-5 	 6.93623896671363E-5 	 6.167428473348412E-5 	 6.93623896671363E-5 	 6.167428473348412E-5 	 6.93623896671363E-5 	 6.167428473348412E-5 	 6.93623896671363E-5 	 0.019123395036647988 	 2.0616959358183657E-4 	 0.019123395036647988 	 2.0616959358183657E-4 	 0.019123395036647988 	 2.0616959358183657E-4 	 0.019123395036647988 	 2.0616959358183657E-4 	 
0.9359999999999999 	 5.131629456760295E-5 	 6.0587445483446465E-5 	 5.131629456760295E-5 	 6.0587445483446465E-5 	 5.131629456760295E-5 	 6.0587445483446465E-5 	 5.131629456760295E-5 	 6.0587445483446465E-5 	 0.016186559890150803 	 1.7382811010835898E-4 	 0.016186559890150803 	 1.7382811010835898E-4 	 0.016186559890150803 	 1.7382811010835898E-4 	 0.016186559890150803 	 1.7382811010835898E-4 	 
0.96 	 4.206722443661606E-5 	 5.087447972034354E-5 	 4.206722443661606E-5 	 5.087447972034354E-5 	 4.206722443661606E-5 	 5.087447972034354E-5 	 4.206722443661606E-5 	 5.087447972034354E-5 	 0.01371314450682863 	 1.475987292445158E-4 	 0.01371314450682863 	 1.475987292445158E-4 	 0.01371314450682863 	 1.475987292445158E-4 	 0.01371314450682863 	 1.475987292445158E-4 	 
0.984 	 3.4391601210721666E-5 	 4.862307781030032E-5 	 3.4391601210721666E-5 	 4.862307781030032E-5 	 3.4391601210721666E-5 	 4.862307781030032E-5 	 3.4391601210721666E-5 	 4.862307781030032E-5 	 0.011755596747410548 	 1.2530630591160372E-4 	 0.011755596747410548 	 1.2530630591160372E-4 	 0.011755596747410548 	 1.2530630591160372E-4 	 0.011755596747410548 	 1.2530630591160372E-4 	 
1.008 	 3.0795825183999174E-5 	 4.570131273798197E-5 	 3.0795825183999174E-5 	 4.570131273798197E-5 	 3.0795825183999174E-5 	 4.570131273798197E-5 	 3.0795825183999174E-5 	 4.570131273798197E-5 	 0.010057699308506729 	 1.0935846422308341E-4 	 0.010057699308506729 	 1.0935846422308341E-4 	 0.010057699308506729 	 1.0935846422308341E-4 	 0.010057699308506729 	 1.0935846422308341E-4 	 
1.032 	 2.675429703143695E-5 	 3.57170530352021E-5 	 2.675429703143695E-5 	 3.57170530352021E-5 	 2.675429703143695E-5 	 3.57170530352021E-5 	 2.675429703143695E-5 	 3.57170530352021E-5 	 0.00871185526067633 	 9.374046903853684E-5 	 0.00871185526067633 	 9.374046903853684E-5 	 0.00871185526067633 	 9.374046903853684E-5 	 0.00871185526067633 	 9.374046903853684E-5 	 
1.056 	 2.422839924984895E-5 	 3.059544850200322E-5 	 2.422839924984895E-5 	 3.059544850200322E-5 	 2.422839924984895E-5 	 3.059544850200322E-5 	 2.422839924984895E-5 	 3.059544850200322E-5 	 0.007510571812241076 	 8.21455020631593E-5 	 0.007510571812241076 	 8.21455020631593E-5 	 0.007510571812241076 	 8.21455020631593E-5 	 0.007510571812241076 	 8.21455020631593E-5 	 
1.08 	 2.1555663396629544E-5 	 2.5978356265886053E-5 	 2.1555663396629544E-5 	 2.5978356265886053E-5 	 2.1555663396629544E-5 	 2.5978356265886053E-5 	 2.1555663396629544E-5 	 2.5978356265886053E-5 	 0.006529268295666321 	 7.144240775787831E-5 	 0.006529268295666321 	 7.144240775787831E-5 	 0.006529268295666321 	 7.144240775787831E-5 	 0.006529268295666321 	 7.144240775787831E-5 	 
1.104 	 1.8050924716252035E-5 	 2.0058007490940763E-5 	 1.8050924716252035E-5 	 2.0058007490940763E-5 	 1.8050924716252035E-5 	 2.0058007490940763E-5 	 1.8050924716252035E-5 	 2.0058007490940763E-5 	 0.0056325329155497116 	 6.141285990804699E-5 	 0.0056325329155497116 	 6.141285990804699E-5 	 0.0056325329155497116 	 6.141285990804699E-5 	 0.0056325329155497116 	 6.141285990804699E-5 	 
1.1280000000000001 	 1.6430190675322577E-5 	 2.4533483247902303E-5 	 1.6430190675322577E-5 	 2.4533483247902303E-5 	 1.6430190675322577E-5 	 2.4533483247902303E-5 	 1.6430190675322577E-5 	 2.4533483247902303E-5 	 0.004853558046218219 	 5.377941088579713E-5 	 0.004853558046218219 	 5.377941088579713E-5 	 0.004853558046218219 	 5.377941088579713E-5 	 0.004853558046218219 	 5.377941088579713E-5 	 
1.1520000000000001 	 1.5417498078360923E-5 	 2.5632839212843123E-5 	 1.5417498078360923E-5 	 2.5632839212843123E-5 	 1.5417498078360923E-5 	 2.5632839212843123E-5 	 1.5417498078360923E-5 	 2.5632839212843123E-5 	 0.004134838436005604 	 4.7961183362471234E-5 	 0.004134838436005604 	 4.7961183362471234E-5 	 0.004134838436005604 	 4.7961183362471234E-5 	 0.004134838436005604 	 4.7961183362471234E-5 	 
1.1760000000000002 	 1.4331356150458636E-5 	 1.8345943067341367E-5 	 1.4331356150458636E-5 	 1.8345943067341367E-5 	 1.4331356150458636E-5 	 1.8345943067341367E-5 	 1.4331356150458636E-5 	 1.8345943067341367E-5 	 0.0035088378663708252 	 4.219086685905969E-5 	 0.0035088378663708252 	 4.219086685905969E-5 	 0.0035088378663708252 	 4.219086685905969E-5 	 0.0035088378663708252 	 4.219086685905969E-5 	 
1.2000000000000002 	 1.2888278892038476E-5 	 1.1969131521109394E-5 	 1.2888278892038476E-5 	 1.1969131521109394E-5 	 1.2888278892038476E-5 	 1.1969131521109394E-5 	 1.2888278892038476E-5 	 1.1969131521109394E-5 	 0.00296318897007453 	 3.622386418230346E-5 	 0.00296318897007453 	 3.622386418230346E-5 	 0.00296318897007453 	 3.622386418230346E-5 	 0.00296318897007453 	 3.622386418230346E-5 	 
1.2240000000000002 	 1.1231127934918093E-5 	 9.280818568217142E-6 	 1.1231127934918093E-5 	 9.280818568217142E-6 	 1.1231127934918093E-5 	 9.280818568217142E-6 	 1.1231127934918093E-5 	 9.280818568217142E-6 	 0.0025038623551400106 	 3.1278019596304425E-5 	 0.0025038623551400106 	 3.1278019596304425E-5 	 0.0025038623551400106 	 3.1278019596304425E-5 	 0.0025038623551400106 	 3.1278019596304425E-5 	 
1.2480000000000002 	 8.687847590397252E-6 	 7.568241944715792E-6 	 8.687847590397252E-6 	 7.568241944715792E-6 	 8.687847590397252E-6 	 7.568241944715792E-6 	 8.687847590397252E-6 	 7.568241944715792E-6 	 0.002110315160269465 	 2.596556154514956E-5 	 0.002110315160269465 	 2.596556154514956E-5 	 0.002110315160269465 	 2.596556154514956E-5 	 0.002110315160269465 	 2.596556154514956E-5 	 
1.2720000000000002 	 6.349544297236014E-6 	 6.174422940655657E-6 	 6.349544297236014E-6 	 6.174422940655657E-6 	 6.349544297236014E-6 	 6.174422940655657E-6 	 6.349544297236014E-6 	 6.174422940655657E-6 	 0.0017868196567234517 	 2.1674474680469417E-5 	 0.0017868196567234517 	 2.1674474680469417E-5 	 0.0017868196567234517 	 2.1674474680469417E-5 	 0.0017868196567234517 	 2.1674474680469417E-5 	 
1.2960000000000003 	 4.473225604325012E-6 	 5.286977116155081E-6 	 4.473225604325012E-6 	 5.286977116155081E-6 	 4.473225604325012E-6 	 5.286977116155081E-6 	 4.473225604325012E-6 	 5.286977116155081E-6 	 0.0015283975141312917 	 1.777157973834756E-5 	 0.0015283975141312917 	 1.777157973834756E-5 	 0.0015283975141312917 	 1.777157973834756E-5 	 0.0015283975141312917 	 1.777157973834756E-5 	 
1.3200000000000003 	 3.642502744549194E-6 	 4.501345064553389E-6 	 3.642502744549194E-6 	 4.501345064553389E-6 	 3.642502744549194E-6 	 4.501345064553389E-6 	 3.642502744549194E-6 	 4.501345064553389E-6 	 0.0013281202161287177 	 1.5389363451427996E-5 	 0.0013281202161287177 	 1.5389363451427996E-5 	 0.0013281202161287177 	 1.5389363451427996E-5 	 0.0013281202161287177 	 1.5389363451427996E-5 	 
1.3440000000000003 	 2.8811014092629446E-6 	 3.9380063730458376E-6 	 2.8811014092629446E-6 	 3.9380063730458376E-6 	 2.8811014092629446E-6 	 3.9380063730458376E-6 	 2.8811014092629446E-6 	 3.9380063730458376E-6 	 0.0011718392135854588 	 1.3268346282546451E-5 	 0.0011718392135854588 	 1.3268346282546451E-5 	 0.0011718392135854588 	 1.3268346282546451E-5 	 0.0011718392135854588 	 1.3268346282546451E-5 	 
1.3680000000000003 	 2.3567576506306405E-6 	 3.521360312817028E-6 	 2.3567576506306405E-6 	 3.521360312817028E-6 	 2.3567576506306405E-6 	 3.521360312817028E-6 	 2.3567576506306405E-6 	 3.521360312817028E-6 	 0.0010257428245929261 	 1.1395538053586096E-5 	 0.0010257428245929261 	 1.1395538053586096E-5 	 0.0010257428245929261 	 1.1395538053586096E-5 	 0.0010257428245929261 	 1.1395538053586096E-5 	 
1.3920000000000003 	 1.8516787041495077E-6 	 2.9501478594493074E-6 	 1.8516787041495077E-6 	 2.9501478594493074E-6 	 1.8516787041495077E-6 	 2.9501478594493074E-6 	 1.8516787041495077E-6 	 2.9501478594493074E-6 	 9.341223558726472E-4 	 9.876600141314126E-6 	 9.341223558726472E-4 	 9.876600141314126E-6 	 9.341223558726472E-4 	 9.876600141314126E-6 	 9.341223558726472E-4 	 9.876600141314126E-6 	 
1.4160000000000004 	 1.6547043846183491E-6 	 2.58075632251677E-6 	 1.6547043846183491E-6 	 2.58075632251677E-6 	 1.6547043846183491E-6 	 2.58075632251677E-6 	 1.6547043846183491E-6 	 2.58075632251677E-6 	 8.530497571679885E-4 	 8.91752833054914E-6 	 8.530497571679885E-4 	 8.91752833054914E-6 	 8.530497571679885E-4 	 8.91752833054914E-6 	 8.530497571679885E-4 	 8.91752833054914E-6 	 
1.4400000000000004 	 1.5887879809711076E-6 	 2.563711456127697E-6 	 1.5887879809711076E-6 	 2.563711456127697E-6 	 1.5887879809711076E-6 	 2.563711456127697E-6 	 1.5887879809711076E-6 	 2.563711456127697E-6 	 7.747596005805702E-4 	 7.9716492931209E-6 	 7.747596005805702E-4 	 7.9716492931209E-6 	 7.747596005805702E-4 	 7.9716492931209E-6 	 7.747596005805702E-4 	 7.9716492931209E-6 	 
1.4640000000000004 	 1.3603403853635734E-6 	 2.1843616764333794E-6 	 1.3603403853635734E-6 	 2.1843616764333794E-6 	 1.3603403853635734E-6 	 2.1843616764333794E-6 	 1.3603403853635734E-6 	 2.1843616764333794E-6 	 6.897640342033584E-4 	 6.8666516989383835E-6 	 6.897640342033584E-4 	 6.8666516989383835E-6 	 6.897640342033584E-4 	 6.8666516989383835E-6 	 6.897640342033584E-4 	 6.8666516989383835E-6 	 
1.4880000000000004 	 1.2034704025151875E-6 	 1.9440308717966402E-6 	 1.2034704025151875E-6 	 1.9440308717966402E-6 	 1.2034704025151875E-6 	 1.9440308717966402E-6 	 1.2034704025151875E-6 	 1.9440308717966402E-6 	 6.253116851775552E-4 	 6.095819980286716E-6 	 6.253116851775552E-4 	 6.095819980286716E-6 	 6.253116851775552E-4 	 6.095819980286716E-6 	 6.253116851775552E-4 	 6.095819980286716E-6 	 
1.5120000000000005 	 1.1176398424877732E-6 	 1.7410716080968123E-6 	 1.1176398424877732E-6 	 1.7410716080968123E-6 	 1.1176398424877732E-6 	 1.7410716080968123E-6 	 1.1176398424877732E-6 	 1.7410716080968123E-6 	 5.595263510458013E-4 	 5.500249153720725E-6 	 5.595263510458013E-4 	 5.500249153720725E-6 	 5.595263510458013E-4 	 5.500249153720725E-6 	 5.595263510458013E-4 	 5.500249153720725E-6 	 
1.5360000000000005 	 1.0301991372085472E-6 	 1.6051125076302154E-6 	 1.0301991372085472E-6 	 1.6051125076302154E-6 	 1.0301991372085472E-6 	 1.6051125076302154E-6 	 1.0301991372085472E-6 	 1.6051125076302154E-6 	 4.912089708701542E-4 	 4.870154149890568E-6 	 4.912089708701542E-4 	 4.870154149890568E-6 	 4.912089708701542E-4 	 4.870154149890568E-6 	 4.912089708701542E-4 	 4.870154149890568E-6 	 
1.5600000000000005 	 9.034547808712732E-7 	 1.4228987915450614E-6 	 9.034547808712732E-7 	 1.4228987915450614E-6 	 9.034547808712732E-7 	 1.4228987915450614E-6 	 9.034547808712732E-7 	 1.4228987915450614E-6 	 4.2746584394339805E-4 	 4.185934135080428E-6 	 4.2746584394339805E-4 	 4.185934135080428E-6 	 4.2746584394339805E-4 	 4.185934135080428E-6 	 4.2746584394339805E-4 	 4.185934135080428E-6 	 
1.5840000000000005 	 7.685125831710213E-7 	 1.2004961696568386E-6 	 7.685125831710213E-7 	 1.2004961696568386E-6 	 7.685125831710213E-7 	 1.2004961696568386E-6 	 7.685125831710213E-7 	 1.2004961696568386E-6 	 3.664740646090225E-4 	 3.560713404531822E-6 	 3.664740646090225E-4 	 3.560713404531822E-6 	 3.664740646090225E-4 	 3.560713404531822E-6 	 3.664740646090225E-4 	 3.560713404531822E-6 	 
1.6080000000000005 	 6.753696940396035E-7 	 1.0448197383290778E-6 	 6.753696940396035E-7 	 1.0448197383290778E-6 	 6.753696940396035E-7 	 1.0448197383290778E-6 	 6.753696940396035E-7 	 1.0448197383290778E-6 	 3.196177709364431E-4 	 3.123553241982756E-6 	 3.196177709364431E-4 	 3.123553241982756E-6 	 3.196177709364431E-4 	 3.123553241982756E-6 	 3.196177709364431E-4 	 3.123553241982756E-6 	 
1.6319999999999997 	 5.935541178786396E-7 	 9.102351049856121E-7 	 5.935541178786396E-7 	 9.102351049856121E-7 	 5.935541178786396E-7 	 9.102351049856121E-7 	 5.935541178786396E-7 	 9.102351049856121E-7 	 2.668172145452138E-4 	 2.691804977018285E-6 	 2.668172145452138E-4 	 2.691804977018285E-6 	 2.668172145452138E-4 	 2.691804977018285E-6 	 2.668172145452138E-4 	 2.691804977018285E-6 	 
1.6559999999999997 	 5.074573727231519E-7 	 7.890749227523912E-7 	 5.074573727231519E-7 	 7.890749227523912E-7 	 5.074573727231519E-7 	 7.890749227523912E-7 	 5.074573727231519E-7 	 7.890749227523912E-7 	 2.281099510249183E-4 	 2.2640397520150793E-6 	 2.281099510249183E-4 	 2.2640397520150793E-6 	 2.281099510249183E-4 	 2.2640397520150793E-6 	 2.281099510249183E-4 	 2.2640397520150793E-6 	 
1.6799999999999997 	 4.1961020366345225E-7 	 6.546108117173451E-7 	 4.1961020366345225E-7 	 6.546108117173451E-7 	 4.1961020366345225E-7 	 6.546108117173451E-7 	 4.1961020366345225E-7 	 6.546108117173451E-7 	 1.9251718446744665E-4 	 1.9605090487519047E-6 	 1.9251718446744665E-4 	 1.9605090487519047E-6 	 1.9251718446744665E-4 	 1.9605090487519047E-6 	 1.9251718446744665E-4 	 1.9605090487519047E-6 	 
1.7039999999999997 	 3.6179651799421936E-7 	 5.904719907194184E-7 	 3.6179651799421936E-7 	 5.904719907194184E-7 	 3.6179651799421936E-7 	 5.904719907194184E-7 	 3.6179651799421936E-7 	 5.904719907194184E-7 	 1.683075399270246E-4 	 1.660276637354643E-6 	 1.683075399270246E-4 	 1.660276637354643E-6 	 1.683075399270246E-4 	 1.660276637354643E-6 	 1.683075399270246E-4 	 1.660276637354643E-6 	 
1.7279999999999998 	 2.86022915406589E-7 	 4.437809404419449E-7 	 2.86022915406589E-7 	 4.437809404419449E-7 	 2.86022915406589E-7 	 4.437809404419449E-7 	 2.86022915406589E-7 	 4.437809404419449E-7 	 1.4717499018553355E-4 	 1.4043458745613067E-6 	 1.4717499018553355E-4 	 1.4043458745613067E-6 	 1.4717499018553355E-4 	 1.4043458745613067E-6 	 1.4717499018553355E-4 	 1.4043458745613067E-6 	 
1.7519999999999998 	 2.5986927052818726E-7 	 4.182099516168066E-7 	 2.5986927052818726E-7 	 4.182099516168066E-7 	 2.5986927052818726E-7 	 4.182099516168066E-7 	 2.5986927052818726E-7 	 4.182099516168066E-7 	 1.3196228498544893E-4 	 1.2660690003612786E-6 	 1.3196228498544893E-4 	 1.2660690003612786E-6 	 1.3196228498544893E-4 	 1.2660690003612786E-6 	 1.3196228498544893E-4 	 1.2660690003612786E-6 	 
1.7759999999999998 	 2.3422623059182264E-7 	 3.583418697563172E-7 	 2.3422623059182264E-7 	 3.583418697563172E-7 	 2.3422623059182264E-7 	 3.583418697563172E-7 	 2.3422623059182264E-7 	 3.583418697563172E-7 	 1.1489469687056835E-4 	 1.1139058617806186E-6 	 1.1489469687056835E-4 	 1.1139058617806186E-6 	 1.1489469687056835E-4 	 1.1139058617806186E-6 	 1.1489469687056835E-4 	 1.1139058617806186E-6 	 
1.7999999999999998 	 2.1937642576766903E-7 	 3.2643771729302203E-7 	 2.1937642576766903E-7 	 3.2643771729302203E-7 	 2.1937642576766903E-7 	 3.2643771729302203E-7 	 2.1937642576766903E-7 	 3.2643771729302203E-7 	 9.799725240219237E-5 	 1.008522490673697E-6 	 9.799725240219237E-5 	 1.008522490673697E-6 	 9.799725240219237E-5 	 1.008522490673697E-6 	 9.799725240219237E-5 	 1.008522490673697E-6 	 
1.8239999999999998 	 1.889395117166692E-7 	 2.961179791574612E-7 	 1.889395117166692E-7 	 2.961179791574612E-7 	 1.889395117166692E-7 	 2.961179791574612E-7 	 1.889395117166692E-7 	 2.961179791574612E-7 	 7.926112497140651E-5 	 8.526172946517228E-7 	 7.926112497140651E-5 	 8.526172946517228E-7 	 7.926112497140651E-5 	 8.526172946517228E-7 	 7.926112497140651E-5 	 8.526172946517228E-7 	 
1.8479999999999999 	 1.489766516717356E-7 	 2.2966652889799254E-7 	 1.489766516717356E-7 	 2.2966652889799254E-7 	 1.489766516717356E-7 	 2.2966652889799254E-7 	 1.489766516717356E-7 	 2.2966652889799254E-7 	 6.335723926489954E-5 	 6.976082236818007E-7 	 6.335723926489954E-5 	 6.976082236818007E-7 	 6.335723926489954E-5 	 6.976082236818007E-7 	 6.335723926489954E-5 	 6.976082236818007E-7 	 
1.8719999999999999 	 1.258573592150386E-7 	 1.9668935935153837E-7 	 1.258573592150386E-7 	 1.9668935935153837E-7 	 1.258573592150386E-7 	 1.9668935935153837E-7 	 1.258573592150386E-7 	 1.9668935935153837E-7 	 5.214104466045765E-5 	 6.033725076849958E-7 	 5.214104466045765E-5 	 6.033725076849958E-7 	 5.214104466045765E-5 	 6.033725076849958E-7 	 5.214104466045765E-5 	 6.033725076849958E-7 	 
1.896 	 1.0182312618865799E-7 	 1.6851967085715464E-7 	 1.0182312618865799E-7 	 1.6851967085715464E-7 	 1.0182312618865799E-7 	 1.6851967085715464E-7 	 1.0182312618865799E-7 	 1.6851967085715464E-7 	 4.113847495367154E-5 	 4.7495721960960107E-7 	 4.113847495367154E-5 	 4.7495721960960107E-7 	 4.113847495367154E-5 	 4.7495721960960107E-7 	 4.113847495367154E-5 	 4.7495721960960107E-7 	 
1.92 	 7.333104935426153E-8 	 1.264672730090238E-7 	 7.333104935426153E-8 	 1.264672730090238E-7 	 7.333104935426153E-8 	 1.264672730090238E-7 	 7.333104935426153E-8 	 1.264672730090238E-7 	 3.6642628374898284E-5 	 4.1669453672896153E-7 	 3.6642628374898284E-5 	 4.1669453672896153E-7 	 3.6642628374898284E-5 	 4.1669453672896153E-7 	 3.6642628374898284E-5 	 4.1669453672896153E-7 	 
1.944 	 5.979981869613721E-8 	 1.052954538834075E-7 	 5.979981869613721E-8 	 1.052954538834075E-7 	 5.979981869613721E-8 	 1.052954538834075E-7 	 5.979981869613721E-8 	 1.052954538834075E-7 	 3.206887398633053E-5 	 3.6762866136941344E-7 	 3.206887398633053E-5 	 3.6762866136941344E-7 	 3.206887398633053E-5 	 3.6762866136941344E-7 	 3.206887398633053E-5 	 3.6762866136941344E-7 	 
1.968 	 5.813442843451245E-8 	 1.0690296008939344E-7 	 5.813442843451245E-8 	 1.0690296008939344E-7 	 5.813442843451245E-8 	 1.0690296008939344E-7 	 5.813442843451245E-8 	 1.0690296008939344E-7 	 3.2452256629136954E-5 	 3.360435434610913E-7 	 3.2452256629136954E-5 	 3.360435434610913E-7 	 3.2452256629136954E-5 	 3.360435434610913E-7 	 3.2452256629136954E-5 	 3.360435434610913E-7 	 
1.992 	 5.051759664614417E-8 	 8.641780206292868E-8 	 5.051759664614417E-8 	 8.641780206292868E-8 	 5.051759664614417E-8 	 8.641780206292868E-8 	 5.051759664614417E-8 	 8.641780206292868E-8 	 3.1405059628967964E-5 	 3.141131675818465E-7 	 3.1405059628967964E-5 	 3.141131675818465E-7 	 3.1405059628967964E-5 	 3.141131675818465E-7 	 3.1405059628967964E-5 	 3.141131675818465E-7 	 
2.016 	 5.14424452491777E-8 	 9.72374228805352E-8 	 5.14424452491777E-8 	 9.72374228805352E-8 	 5.14424452491777E-8 	 9.72374228805352E-8 	 5.14424452491777E-8 	 9.72374228805352E-8 	 3.098697849041508E-5 	 2.759169100447377E-7 	 3.098697849041508E-5 	 2.759169100447377E-7 	 3.098697849041508E-5 	 2.759169100447377E-7 	 3.098697849041508E-5 	 2.759169100447377E-7 	 
2.04 	 4.337856856139546E-8 	 7.416771420045806E-8 	 4.337856856139546E-8 	 7.416771420045806E-8 	 4.337856856139546E-8 	 7.416771420045806E-8 	 4.337856856139546E-8 	 7.416771420045806E-8 	 3.078447087350101E-5 	 2.6183114927183484E-7 	 3.078447087350101E-5 	 2.6183114927183484E-7 	 3.078447087350101E-5 	 2.6183114927183484E-7 	 3.078447087350101E-5 	 2.6183114927183484E-7 	 
2.064 	 5.154073423795104E-8 	 7.846819881354059E-8 	 5.154073423795104E-8 	 7.846819881354059E-8 	 5.154073423795104E-8 	 7.846819881354059E-8 	 5.154073423795104E-8 	 7.846819881354059E-8 	 2.8783986012285433E-5 	 2.5619475996751356E-7 	 2.8783986012285433E-5 	 2.5619475996751356E-7 	 2.8783986012285433E-5 	 2.5619475996751356E-7 	 2.8783986012285433E-5 	 2.5619475996751356E-7 	 
2.088 	 5.6526561202273E-8 	 8.797610616858001E-8 	 5.6526561202273E-8 	 8.797610616858001E-8 	 5.6526561202273E-8 	 8.797610616858001E-8 	 5.6526561202273E-8 	 8.797610616858001E-8 	 2.6044706668852544E-5 	 2.328296196872408E-7 	 2.6044706668852544E-5 	 2.328296196872408E-7 	 2.6044706668852544E-5 	 2.328296196872408E-7 	 2.6044706668852544E-5 	 2.328296196872408E-7 	 
2.112 	 4.685537780449229E-8 	 7.31408204462074E-8 	 4.685537780449229E-8 	 7.31408204462074E-8 	 4.685537780449229E-8 	 7.31408204462074E-8 	 4.685537780449229E-8 	 7.31408204462074E-8 	 2.183035288447709E-5 	 1.9493407470768197E-7 	 2.183035288447709E-5 	 1.9493407470768197E-7 	 2.183035288447709E-5 	 1.9493407470768197E-7 	 2.183035288447709E-5 	 1.9493407470768197E-7 	 
2.136 	 3.908431558802512E-8 	 6.39178353866333E-8 	 3.908431558802512E-8 	 6.39178353866333E-8 	 3.908431558802512E-8 	 6.39178353866333E-8 	 3.908431558802512E-8 	 6.39178353866333E-8 	 1.984400087107871E-5 	 1.6794851857338894E-7 	 1.984400087107871E-5 	 1.6794851857338894E-7 	 1.984400087107871E-5 	 1.6794851857338894E-7 	 1.984400087107871E-5 	 1.6794851857338894E-7 	 
2.16 	 3.1415529561846814E-8 	 4.728304014264977E-8 	 3.1415529561846814E-8 	 4.728304014264977E-8 	 3.1415529561846814E-8 	 4.728304014264977E-8 	 3.1415529561846814E-8 	 4.728304014264977E-8 	 1.683471862715893E-5 	 1.3960630044734652E-7 	 1.683471862715893E-5 	 1.3960630044734652E-7 	 1.683471862715893E-5 	 1.3960630044734652E-7 	 1.683471862715893E-5 	 1.3960630044734652E-7 	 
2.184 	 3.136515463163353E-8 	 4.908584432245769E-8 	 3.136515463163353E-8 	 4.908584432245769E-8 	 3.136515463163353E-8 	 4.908584432245769E-8 	 3.136515463163353E-8 	 4.908584432245769E-8 	 1.4855112330902014E-5 	 1.1838483459129766E-7 	 1.4855112330902014E-5 	 1.1838483459129766E-7 	 1.4855112330902014E-5 	 1.1838483459129766E-7 	 1.4855112330902014E-5 	 1.1838483459129766E-7 	 
2.208 	 2.7946429906963885E-8 	 3.957398061754627E-8 	 2.7946429906963885E-8 	 3.957398061754627E-8 	 2.7946429906963885E-8 	 3.957398061754627E-8 	 2.7946429906963885E-8 	 3.957398061754627E-8 	 1.2536823407724355E-5 	 1.0780821796864016E-7 	 1.2536823407724355E-5 	 1.0780821796864016E-7 	 1.2536823407724355E-5 	 1.0780821796864016E-7 	 1.2536823407724355E-5 	 1.0780821796864016E-7 	 
2.232 	 2.4771796391566622E-8 	 3.747283863161232E-8 	 2.4771796391566622E-8 	 3.747283863161232E-8 	 2.4771796391566622E-8 	 3.747283863161232E-8 	 2.4771796391566622E-8 	 3.747283863161232E-8 	 1.0066647920901537E-5 	 8.323660839818812E-8 	 1.0066647920901537E-5 	 8.323660839818812E-8 	 1.0066647920901537E-5 	 8.323660839818812E-8 	 1.0066647920901537E-5 	 8.323660839818812E-8 	 
2.2560000000000002 	 1.7881906668925964E-8 	 2.9080254901506488E-8 	 1.7881906668925964E-8 	 2.9080254901506488E-8 	 1.7881906668925964E-8 	 2.9080254901506488E-8 	 1.7881906668925964E-8 	 2.9080254901506488E-8 	 8.880976507545087E-6 	 6.375953445884159E-8 	 8.880976507545087E-6 	 6.375953445884159E-8 	 8.880976507545087E-6 	 6.375953445884159E-8 	 8.880976507545087E-6 	 6.375953445884159E-8 	 
2.2800000000000002 	 1.3582175269625015E-8 	 2.1469633884113272E-8 	 1.3582175269625015E-8 	 2.1469633884113272E-8 	 1.3582175269625015E-8 	 2.1469633884113272E-8 	 1.3582175269625015E-8 	 2.1469633884113272E-8 	 8.05299920736442E-6 	 5.583427001750668E-8 	 8.05299920736442E-6 	 5.583427001750668E-8 	 8.05299920736442E-6 	 5.583427001750668E-8 	 8.05299920736442E-6 	 5.583427001750668E-8 	 
2.3040000000000003 	 1.3727823406493537E-8 	 1.9762914690486653E-8 	 1.3727823406493537E-8 	 1.9762914690486653E-8 	 1.3727823406493537E-8 	 1.9762914690486653E-8 	 1.3727823406493537E-8 	 1.9762914690486653E-8 	 7.931249683836214E-6 	 5.0453297303098743E-8 	 7.931249683836214E-6 	 5.0453297303098743E-8 	 7.931249683836214E-6 	 5.0453297303098743E-8 	 7.931249683836214E-6 	 5.0453297303098743E-8 	 
2.3280000000000003 	 1.2410002497388674E-8 	 1.7273551229731633E-8 	 1.2410002497388674E-8 	 1.7273551229731633E-8 	 1.2410002497388674E-8 	 1.7273551229731633E-8 	 1.2410002497388674E-8 	 1.7273551229731633E-8 	 6.389825782677093E-6 	 4.484187323670397E-8 	 6.389825782677093E-6 	 4.484187323670397E-8 	 6.389825782677093E-6 	 4.484187323670397E-8 	 6.389825782677093E-6 	 4.484187323670397E-8 	 
2.3520000000000003 	 1.2311537929519324E-8 	 1.6882869231161622E-8 	 1.2311537929519324E-8 	 1.6882869231161622E-8 	 1.2311537929519324E-8 	 1.6882869231161622E-8 	 1.2311537929519324E-8 	 1.6882869231161622E-8 	 5.1852901552857916E-6 	 3.559536241397786E-8 	 5.1852901552857916E-6 	 3.559536241397786E-8 	 5.1852901552857916E-6 	 3.559536241397786E-8 	 5.1852901552857916E-6 	 3.559536241397786E-8 	 
2.3760000000000003 	 1.1287140356842995E-8 	 1.132371831913532E-8 	 1.1287140356842995E-8 	 1.132371831913532E-8 	 1.1287140356842995E-8 	 1.132371831913532E-8 	 1.1287140356842995E-8 	 1.132371831913532E-8 	 3.3467810427503635E-6 	 3.314058233878399E-8 	 3.3467810427503635E-6 	 3.314058233878399E-8 	 3.3467810427503635E-6 	 3.314058233878399E-8 	 3.3467810427503635E-6 	 3.314058233878399E-8 	 
2.4000000000000004 	 1.0750360424907099E-8 	 1.4637239215486106E-8 	 1.0750360424907099E-8 	 1.4637239215486106E-8 	 1.0750360424907099E-8 	 1.4637239215486106E-8 	 1.0750360424907099E-8 	 1.4637239215486106E-8 	 1.5636842621961494E-6 	 1.9311358332594165E-8 	 1.5636842621961494E-6 	 1.9311358332594165E-8 	 1.5636842621961494E-6 	 1.9311358332594165E-8 	 1.5636842621961494E-6 	 1.9311358332594165E-8 	 
2.4240000000000004 	 3.714520639299312E-9 	 5.8529511009301394E-9 	 3.714520639299312E-9 	 5.8529511009301394E-9 	 3.714520639299312E-9 	 5.8529511009301394E-9 	 3.714520639299312E-9 	 5.8529511009301394E-9 	 2.8170516444769946E-7 	 4.289090457928284E-9 	 2.8170516444769946E-7 	 4.289090457928284E-9 	 2.8170516444769946E-7 	 4.289090457928284E-9 	 2.8170516444769946E-7 	 4.289090457928284E-9 	 
2.4480000000000004 	 0.0 	 0.0 	 0.0 	 0.0 	 0.0 	 0.0 	 0.0 	 0.0 	 0.0 	 0.0 	 0.0 	 0.0 	 0.0 	 0.0 	 0.0 	 0.0 	 
2.4720000000000004 	 0.0 	 0.0 	 0.0 	 0.0 	 0.0 	 0.0 	 0.0 	 0.0 	 0.0 	 0.0 	 0.0 	 0.0 	 0.0 	 0.0 	 0.0 	 0.0 	 
2.4960000000000004 	 0.0 	 0.0 	 0.0 	 0.0 	 0.0 	 0.0 	 0.0 	 0.0 	 0.0 	 0.0 	 0.0 	 0.0 	 0.0 	 0.0 	 0.0 	 0.0 	 
2.5200000000000005 	 0.0 	 0.0 	 0.0 	 0.0 	 0.0 	 0.0 	 0.0 	 0.0 	 0.0 	 0.0 	 0.0 	 0.0 	 0.0 	 0.0 	 0.0 	 0.0 	 
2.5440000000000005 	 0.0 	 0.0 	 0.0 	 0.0 	 0.0 	 0.0 	 0.0 	 0.0 	 0.0 	 0.0 	 0.0 	 0.0 	 0.0 	 0.0 	 0.0 	 0.0 	 
2.5680000000000005 	 0.0 	 0.0 	 0.0 	 0.0 	 0.0 	 0.0 	 0.0 	 0.0 	 0.0 	 0.0 	 0.0 	 0.0 	 0.0 	 0.0 	 0.0 	 0.0 	 
2.5920000000000005 	 0.0 	 0.0 	 0.0 	 0.0 	 0.0 	 0.0 	 0.0 	 0.0 	 0.0 	 0.0 	 0.0 	 0.0 	 0.0 	 0.0 	 0.0 	 0.0 	 
2.6160000000000005 	 0.0 	 0.0 	 0.0 	 0.0 	 0.0 	 0.0 	 0.0 	 0.0 	 0.0 	 0.0 	 0.0 	 0.0 	 0.0 	 0.0 	 0.0 	 0.0 	 
2.6399999999999997 	 0.0 	 0.0 	 0.0 	 0.0 	 0.0 	 0.0 	 0.0 	 0.0 	 0.0 	 0.0 	 0.0 	 0.0 	 0.0 	 0.0 	 0.0 	 0.0 	 
2.6639999999999997 	 0.0 	 0.0 	 0.0 	 0.0 	 0.0 	 0.0 	 0.0 	 0.0 	 0.0 	 0.0 	 0.0 	 0.0 	 0.0 	 0.0 	 0.0 	 0.0 	 
2.6879999999999997 	 0.0 	 0.0 	 0.0 	 0.0 	 0.0 	 0.0 	 0.0 	 0.0 	 0.0 	 0.0 	 0.0 	 0.0 	 0.0 	 0.0 	 0.0 	 0.0 	 
2.7119999999999997 	 0.0 	 0.0 	 0.0 	 0.0 	 0.0 	 0.0 	 0.0 	 0.0 	 0.0 	 0.0 	 0.0 	 0.0 	 0.0 	 0.0 	 0.0 	 0.0 	 
2.7359999999999998 	 0.0 	 0.0 	 0.0 	 0.0 	 0.0 	 0.0 	 0.0 	 0.0 	 0.0 	 0.0 	 0.0 	 0.0 	 0.0 	 0.0 	 0.0 	 0.0 	 
2.76 	 0.0 	 0.0 	 0.0 	 0.0 	 0.0 	 0.0 	 0.0 	 0.0 	 0.0 	 0.0 	 0.0 	 0.0 	 0.0 	 0.0 	 0.0 	 0.0 	 
2.784 	 0.0 	 0.0 	 0.0 	 0.0 	 0.0 	 0.0 	 0.0 	 0.0 	 0.0 	 0.0 	 0.0 	 0.0 	 0.0 	 0.0 	 0.0 	 0.0 	 
2.808 	 0.0 	 0.0 	 0.0 	 0.0 	 0.0 	 0.0 	 0.0 	 0.0 	 0.0 	 0.0 	 0.0 	 0.0 	 0.0 	 0.0 	 0.0 	 0.0 	 
2.832 	 0.0 	 0.0 	 0.0 	 0.0 	 0.0 	 0.0 	 0.0 	 0.0 	 0.0 	 0.0 	 0.0 	 0.0 	 0.0 	 0.0 	 0.0 	 0.0 	 
2.856 	 0.0 	 0.0 	 0.0 	 0.0 	 0.0 	 0.0 	 0.0 	 0.0 	 0.0 	 0.0 	 0.0 	 0.0 	 0.0 	 0.0 	 0.0 	 0.0 	 
2.88 	 0.0 	 0.0 	 0.0 	 0.0 	 0.0 	 0.0 	 0.0 	 0.0 	 0.0 	 0.0 	 0.0 	 0.0 	 0.0 	 0.0 	 0.0 	 0.0 	 
2.904 	 0.0 	 0.0 	 0.0 	 0.0 	 0.0 	 0.0 	 0.0 	 0.0 	 0.0 	 0.0 	 0.0 	 0.0 	 0.0 	 0.0 	 0.0 	 0.0 	 
2.928 	 0.0 	 0.0 	 0.0 	 0.0 	 0.0 	 0.0 	 0.0 	 0.0 	 0.0 	 0.0 	 0.0 	 0.0 	 0.0 	 0.0 	 0.0 	 0.0 	 
2.952 	 0.0 	 0.0 	 0.0 	 0.0 	 0.0 	 0.0 	 0.0 	 0.0 	 0.0 	 0.0 	 0.0 	 0.0 	 0.0 	 0.0 	 0.0 	 0.0 	 
2.976 	 0.0 	 0.0 	 0.0 	 0.0 	 0.0 	 0.0 	 0.0 	 0.0 	 0.0 	 0.0 	 0.0 	 0.0 	 0.0 	 0.0 	 0.0 	 0.0 	 
