-3.0 	 0.0 	 0.0 	 0.0 	 0.0 	 0.0 	 0.0 	 0.0 	 0.0 	 0.0 	 0.0 	 0.0 	 0.0 	 0.0 	 0.0 	 0.0 	 0.0 	 
-2.976 	 1.2783492307507007E-5 	 5.5403595628952765E-6 	 1.2783492307507007E-5 	 5.5403595628952765E-6 	 1.2783492307507007E-5 	 5.5403595628952765E-6 	 1.2783492307507007E-5 	 5.5403595628952765E-6 	 4.535970122714948E-6 	 1.4055933520135656E-5 	 4.535970122714948E-6 	 1.4055933520135656E-5 	 4.535970122714948E-6 	 1.4055933520135656E-5 	 4.535970122714948E-6 	 1.4055933520135656E-5 	 
-2.952 	 1.2311537262414578E-5 	 1.0226672333998666E-5 	 1.2311537262414578E-5 	 1.0226672333998666E-5 	 1.2311537262414578E-5 	 1.0226672333998666E-5 	 1.2311537262414578E-5 	 1.0226672333998666E-5 	 4.879303587618132E-6 	 1.408249514431475E-5 	 4.879303587618132E-6 	 1.408249514431475E-5 	 4.879303587618132E-6 	 1.408249514431475E-5 	 4.879303587618132E-6 	 1.408249514431475E-5 	 
-2.928 	 1.2557188038023308E-5 	 2.4609014404596728E-5 	 1.2557188038023308E-5 	 2.4609014404596728E-5 	 1.2557188038023308E-5 	 2.4609014404596728E-5 	 1.2557188038023308E-5 	 2.4609014404596728E-5 	 4.873042668785638E-6 	 1.536599216806465E-5 	 4.873042668785638E-6 	 1.536599216806465E-5 	 4.873042668785638E-6 	 1.536599216806465E-5 	 4.873042668785638E-6 	 1.536599216806465E-5 	 
-2.904 	 1.6974030739578445E-5 	 3.527111500695713E-5 	 1.6974030739578445E-5 	 3.527111500695713E-5 	 1.6974030739578445E-5 	 3.527111500695713E-5 	 1.6974030739578445E-5 	 3.527111500695713E-5 	 4.869137574442708E-6 	 1.997415656114239E-5 	 4.869137574442708E-6 	 1.997415656114239E-5 	 4.869137574442708E-6 	 1.997415656114239E-5 	 4.869137574442708E-6 	 1.997415656114239E-5 	 
-2.88 	 2.460295657968023E-5 	 5.692003266883391E-5 	 2.460295657968023E-5 	 5.692003266883391E-5 	 2.460295657968023E-5 	 5.692003266883391E-5 	 2.460295657968023E-5 	 5.692003266883391E-5 	 5.151081880809835E-6 	 2.697969022058736E-5 	 5.151081880809835E-6 	 2.697969022058736E-5 	 5.151081880809835E-6 	 2.697969022058736E-5 	 5.151081880809835E-6 	 2.697969022058736E-5 	 
-2.856 	 3.181085216334381E-5 	 4.259499994788561E-5 	 3.181085216334381E-5 	 4.259499994788561E-5 	 3.181085216334381E-5 	 4.259499994788561E-5 	 3.181085216334381E-5 	 4.259499994788561E-5 	 4.818132829197111E-6 	 3.351326646429827E-5 	 4.818132829197111E-6 	 3.351326646429827E-5 	 4.818132829197111E-6 	 3.351326646429827E-5 	 4.818132829197111E-6 	 3.351326646429827E-5 	 
-2.832 	 3.682897747347904E-5 	 3.776608133236394E-5 	 3.682897747347904E-5 	 3.776608133236394E-5 	 3.682897747347904E-5 	 3.776608133236394E-5 	 3.682897747347904E-5 	 3.776608133236394E-5 	 5.6605798614158036E-6 	 3.603244250334431E-5 	 5.6605798614158036E-6 	 3.603244250334431E-5 	 5.6605798614158036E-6 	 3.603244250334431E-5 	 5.6605798614158036E-6 	 3.603244250334431E-5 	 
-2.808 	 3.9032719938545914E-5 	 3.9245563706865225E-5 	 3.9032719938545914E-5 	 3.9245563706865225E-5 	 3.9032719938545914E-5 	 3.9245563706865225E-5 	 3.9032719938545914E-5 	 3.9245563706865225E-5 	 6.496188269965564E-6 	 3.8643048829018136E-5 	 6.496188269965564E-6 	 3.8643048829018136E-5 	 6.496188269965564E-6 	 3.8643048829018136E-5 	 6.496188269965564E-6 	 3.8643048829018136E-5 	 
-2.784 	 3.799343709206862E-5 	 2.5235696408803273E-5 	 3.799343709206862E-5 	 2.5235696408803273E-5 	 3.799343709206862E-5 	 2.5235696408803273E-5 	 3.799343709206862E-5 	 2.5235696408803273E-5 	 8.184790368464906E-6 	 3.752907535129457E-5 	 8.184790368464906E-6 	 3.752907535129457E-5 	 8.184790368464906E-6 	 3.752907535129457E-5 	 8.184790368464906E-6 	 3.752907535129457E-5 	 
-2.76 	 3.386881797394951E-5 	 3.048490995850341E-5 	 3.386881797394951E-5 	 3.048490995850341E-5 	 3.386881797394951E-5 	 3.048490995850341E-5 	 3.386881797394951E-5 	 3.048490995850341E-5 	 9.861125423463422E-6 	 3.4178806495936146E-5 	 9.861125423463422E-6 	 3.4178806495936146E-5 	 9.861125423463422E-6 	 3.4178806495936146E-5 	 9.861125423463422E-6 	 3.4178806495936146E-5 	 
-2.7359999999999998 	 3.4210942298183336E-5 	 3.492467242837865E-5 	 3.4210942298183336E-5 	 3.492467242837865E-5 	 3.4210942298183336E-5 	 3.492467242837865E-5 	 3.4210942298183336E-5 	 3.492467242837865E-5 	 1.220151118139372E-5 	 3.564829918040692E-5 	 1.220151118139372E-5 	 3.564829918040692E-5 	 1.220151118139372E-5 	 3.564829918040692E-5 	 1.220151118139372E-5 	 3.564829918040692E-5 	 
-2.7119999999999997 	 3.139921874981597E-5 	 3.12743302857316E-5 	 3.139921874981597E-5 	 3.12743302857316E-5 	 3.139921874981597E-5 	 3.12743302857316E-5 	 3.139921874981597E-5 	 3.12743302857316E-5 	 1.4298303997451399E-5 	 3.309924922231181E-5 	 1.4298303997451399E-5 	 3.309924922231181E-5 	 1.4298303997451399E-5 	 3.309924922231181E-5 	 1.4298303997451399E-5 	 3.309924922231181E-5 	 
-2.688 	 3.22633523037286E-5 	 3.027885701361641E-5 	 3.22633523037286E-5 	 3.027885701361641E-5 	 3.22633523037286E-5 	 3.027885701361641E-5 	 3.22633523037286E-5 	 3.027885701361641E-5 	 1.4510146341054124E-5 	 3.421308180641502E-5 	 1.4510146341054124E-5 	 3.421308180641502E-5 	 1.4510146341054124E-5 	 3.421308180641502E-5 	 1.4510146341054124E-5 	 3.421308180641502E-5 	 
-2.664 	 3.3051182862855676E-5 	 3.822367906409221E-5 	 3.3051182862855676E-5 	 3.822367906409221E-5 	 3.3051182862855676E-5 	 3.822367906409221E-5 	 3.3051182862855676E-5 	 3.822367906409221E-5 	 1.5888051533746953E-5 	 3.472304090303444E-5 	 1.5888051533746953E-5 	 3.472304090303444E-5 	 1.5888051533746953E-5 	 3.472304090303444E-5 	 1.5888051533746953E-5 	 3.472304090303444E-5 	 
-2.64 	 3.732729279226726E-5 	 5.688765076467978E-5 	 3.732729279226726E-5 	 5.688765076467978E-5 	 3.732729279226726E-5 	 5.688765076467978E-5 	 3.732729279226726E-5 	 5.688765076467978E-5 	 1.6058528923614547E-5 	 3.935192648940273E-5 	 1.6058528923614547E-5 	 3.935192648940273E-5 	 1.6058528923614547E-5 	 3.935192648940273E-5 	 1.6058528923614547E-5 	 3.935192648940273E-5 	 
-2.616 	 4.1085010963112E-5 	 5.147527824521323E-5 	 4.1085010963112E-5 	 5.147527824521323E-5 	 4.1085010963112E-5 	 5.147527824521323E-5 	 4.1085010963112E-5 	 5.147527824521323E-5 	 1.6946674705728143E-5 	 4.337025988528864E-5 	 1.6946674705728143E-5 	 4.337025988528864E-5 	 1.6946674705728143E-5 	 4.337025988528864E-5 	 1.6946674705728143E-5 	 4.337025988528864E-5 	 
-2.592 	 4.298060766188996E-5 	 4.1125689506630316E-5 	 4.298060766188996E-5 	 4.1125689506630316E-5 	 4.298060766188996E-5 	 4.1125689506630316E-5 	 4.298060766188996E-5 	 4.1125689506630316E-5 	 1.7195070337912958E-5 	 4.399742458706086E-5 	 1.7195070337912958E-5 	 4.399742458706086E-5 	 1.7195070337912958E-5 	 4.399742458706086E-5 	 1.7195070337912958E-5 	 4.399742458706086E-5 	 
-2.568 	 4.652676060252424E-5 	 5.233215838020236E-5 	 4.652676060252424E-5 	 5.233215838020236E-5 	 4.652676060252424E-5 	 5.233215838020236E-5 	 4.652676060252424E-5 	 5.233215838020236E-5 	 1.8234772390216502E-5 	 4.719943244310374E-5 	 1.8234772390216502E-5 	 4.719943244310374E-5 	 1.8234772390216502E-5 	 4.719943244310374E-5 	 1.8234772390216502E-5 	 4.719943244310374E-5 	 
-2.544 	 5.2096434526531785E-5 	 7.846425719062089E-5 	 5.2096434526531785E-5 	 7.846425719062089E-5 	 5.2096434526531785E-5 	 7.846425719062089E-5 	 5.2096434526531785E-5 	 7.846425719062089E-5 	 2.0444611331577502E-5 	 5.285471379362993E-5 	 2.0444611331577502E-5 	 5.285471379362993E-5 	 2.0444611331577502E-5 	 5.285471379362993E-5 	 2.0444611331577502E-5 	 5.285471379362993E-5 	 
-2.52 	 5.5155242847510076E-5 	 7.018576974748517E-5 	 5.5155242847510076E-5 	 7.018576974748517E-5 	 5.5155242847510076E-5 	 7.018576974748517E-5 	 5.5155242847510076E-5 	 7.018576974748517E-5 	 2.0529270226209017E-5 	 5.6568747408084585E-5 	 2.0529270226209017E-5 	 5.6568747408084585E-5 	 2.0529270226209017E-5 	 5.6568747408084585E-5 	 2.0529270226209017E-5 	 5.6568747408084585E-5 	 
-2.496 	 5.849772803704779E-5 	 5.431532026210647E-5 	 5.849772803704779E-5 	 5.431532026210647E-5 	 5.849772803704779E-5 	 5.431532026210647E-5 	 5.849772803704779E-5 	 5.431532026210647E-5 	 2.7307798954640227E-5 	 5.8042807231509275E-5 	 2.7307798954640227E-5 	 5.8042807231509275E-5 	 2.7307798954640227E-5 	 5.8042807231509275E-5 	 2.7307798954640227E-5 	 5.8042807231509275E-5 	 
-2.472 	 6.273630272877855E-5 	 7.439030372335134E-5 	 6.273630272877855E-5 	 7.439030372335134E-5 	 6.273630272877855E-5 	 7.439030372335134E-5 	 6.273630272877855E-5 	 7.439030372335134E-5 	 2.9127520858674785E-5 	 6.114870340474782E-5 	 2.9127520858674785E-5 	 6.114870340474782E-5 	 2.9127520858674785E-5 	 6.114870340474782E-5 	 2.9127520858674785E-5 	 6.114870340474782E-5 	 
-2.448 	 6.933122248427383E-5 	 8.941571120773276E-5 	 6.933122248427383E-5 	 8.941571120773276E-5 	 6.933122248427383E-5 	 8.941571120773276E-5 	 6.933122248427383E-5 	 8.941571120773276E-5 	 3.5426177297545266E-5 	 6.875283715156834E-5 	 3.5426177297545266E-5 	 6.875283715156834E-5 	 3.5426177297545266E-5 	 6.875283715156834E-5 	 3.5426177297545266E-5 	 6.875283715156834E-5 	 
-2.424 	 7.475557722196849E-5 	 1.0410570232647455E-4 	 7.475557722196849E-5 	 1.0410570232647455E-4 	 7.475557722196849E-5 	 1.0410570232647455E-4 	 7.475557722196849E-5 	 1.0410570232647455E-4 	 3.7203583833803035E-5 	 7.390539401188786E-5 	 3.7203583833803035E-5 	 7.390539401188786E-5 	 3.7203583833803035E-5 	 7.390539401188786E-5 	 3.7203583833803035E-5 	 7.390539401188786E-5 	 
-2.4 	 8.220778859984182E-5 	 9.988315372212894E-5 	 8.220778859984182E-5 	 9.988315372212894E-5 	 8.220778859984182E-5 	 9.988315372212894E-5 	 8.220778859984182E-5 	 9.988315372212894E-5 	 4.2017365752483395E-5 	 8.110082429338048E-5 	 4.2017365752483395E-5 	 8.110082429338048E-5 	 4.2017365752483395E-5 	 8.110082429338048E-5 	 4.2017365752483395E-5 	 8.110082429338048E-5 	 
-2.376 	 8.861774109008731E-5 	 9.405354073370833E-5 	 8.861774109008731E-5 	 9.405354073370833E-5 	 8.861774109008731E-5 	 9.405354073370833E-5 	 8.861774109008731E-5 	 9.405354073370833E-5 	 4.108715399121063E-5 	 8.551709157038478E-5 	 4.108715399121063E-5 	 8.551709157038478E-5 	 4.108715399121063E-5 	 8.551709157038478E-5 	 4.108715399121063E-5 	 8.551709157038478E-5 	 
-2.352 	 9.456937382501639E-5 	 1.124310143604323E-4 	 9.456937382501639E-5 	 1.124310143604323E-4 	 9.456937382501639E-5 	 1.124310143604323E-4 	 9.456937382501639E-5 	 1.124310143604323E-4 	 4.2377454981345437E-5 	 9.120040681323733E-5 	 4.2377454981345437E-5 	 9.120040681323733E-5 	 4.2377454981345437E-5 	 9.120040681323733E-5 	 4.2377454981345437E-5 	 9.120040681323733E-5 	 
-2.328 	 1.019518296229449E-4 	 1.2546744106127982E-4 	 1.019518296229449E-4 	 1.2546744106127982E-4 	 1.019518296229449E-4 	 1.2546744106127982E-4 	 1.019518296229449E-4 	 1.2546744106127982E-4 	 4.421205794179713E-5 	 9.912369471156137E-5 	 4.421205794179713E-5 	 9.912369471156137E-5 	 4.421205794179713E-5 	 9.912369471156137E-5 	 4.421205794179713E-5 	 9.912369471156137E-5 	 
-2.304 	 1.0806797452881703E-4 	 1.3825099585217094E-4 	 1.0806797452881703E-4 	 1.3825099585217094E-4 	 1.0806797452881703E-4 	 1.3825099585217094E-4 	 1.0806797452881703E-4 	 1.3825099585217094E-4 	 4.463284423405552E-5 	 1.0491919751392681E-4 	 4.463284423405552E-5 	 1.0491919751392681E-4 	 4.463284423405552E-5 	 1.0491919751392681E-4 	 4.463284423405552E-5 	 1.0491919751392681E-4 	 
-2.2800000000000002 	 1.1744981315431362E-4 	 1.3468309451938407E-4 	 1.1744981315431362E-4 	 1.3468309451938407E-4 	 1.1744981315431362E-4 	 1.3468309451938407E-4 	 1.1744981315431362E-4 	 1.3468309451938407E-4 	 4.805704459729777E-5 	 1.1360703312228178E-4 	 4.805704459729777E-5 	 1.1360703312228178E-4 	 4.805704459729777E-5 	 1.1360703312228178E-4 	 4.805704459729777E-5 	 1.1360703312228178E-4 	 
-2.2560000000000002 	 1.2266341564012075E-4 	 1.2738020382687762E-4 	 1.2266341564012075E-4 	 1.2738020382687762E-4 	 1.2266341564012075E-4 	 1.2738020382687762E-4 	 1.2266341564012075E-4 	 1.2738020382687762E-4 	 5.21794102846506E-5 	 1.1690971644320416E-4 	 5.21794102846506E-5 	 1.1690971644320416E-4 	 5.21794102846506E-5 	 1.1690971644320416E-4 	 5.21794102846506E-5 	 1.1690971644320416E-4 	 
-2.232 	 1.2776504300421633E-4 	 1.3551406556709263E-4 	 1.2776504300421633E-4 	 1.3551406556709263E-4 	 1.2776504300421633E-4 	 1.3551406556709263E-4 	 1.2776504300421633E-4 	 1.3551406556709263E-4 	 5.5198956292462104E-5 	 1.2183155511883337E-4 	 5.5198956292462104E-5 	 1.2183155511883337E-4 	 5.5198956292462104E-5 	 1.2183155511883337E-4 	 5.5198956292462104E-5 	 1.2183155511883337E-4 	 
-2.208 	 1.3304433000066E-4 	 1.5492504311318426E-4 	 1.3304433000066E-4 	 1.5492504311318426E-4 	 1.3304433000066E-4 	 1.5492504311318426E-4 	 1.3304433000066E-4 	 1.5492504311318426E-4 	 5.4537661294634554E-5 	 1.2707389666919525E-4 	 5.4537661294634554E-5 	 1.2707389666919525E-4 	 5.4537661294634554E-5 	 1.2707389666919525E-4 	 5.4537661294634554E-5 	 1.2707389666919525E-4 	 
-2.184 	 1.3773352484477898E-4 	 1.6285285891199608E-4 	 1.3773352484477898E-4 	 1.6285285891199608E-4 	 1.3773352484477898E-4 	 1.6285285891199608E-4 	 1.3773352484477898E-4 	 1.6285285891199608E-4 	 5.38954646042468E-5 	 1.3319408389184646E-4 	 5.38954646042468E-5 	 1.3319408389184646E-4 	 5.38954646042468E-5 	 1.3319408389184646E-4 	 5.38954646042468E-5 	 1.3319408389184646E-4 	 
-2.16 	 1.519994773845565E-4 	 2.0565746819123056E-4 	 1.519994773845565E-4 	 2.0565746819123056E-4 	 1.519994773845565E-4 	 2.0565746819123056E-4 	 1.519994773845565E-4 	 2.0565746819123056E-4 	 4.926021524466938E-5 	 1.4610384199564405E-4 	 4.926021524466938E-5 	 1.4610384199564405E-4 	 4.926021524466938E-5 	 1.4610384199564405E-4 	 4.926021524466938E-5 	 1.4610384199564405E-4 	 
-2.136 	 1.6488696712417493E-4 	 2.11628616007237E-4 	 1.6488696712417493E-4 	 2.11628616007237E-4 	 1.6488696712417493E-4 	 2.11628616007237E-4 	 1.6488696712417493E-4 	 2.11628616007237E-4 	 4.924152870118651E-5 	 1.589144114511589E-4 	 4.924152870118651E-5 	 1.589144114511589E-4 	 4.924152870118651E-5 	 1.589144114511589E-4 	 4.924152870118651E-5 	 1.589144114511589E-4 	 
-2.112 	 1.7908983207148003E-4 	 1.9795148541836021E-4 	 1.7908983207148003E-4 	 1.9795148541836021E-4 	 1.7908983207148003E-4 	 1.9795148541836021E-4 	 1.7908983207148003E-4 	 1.9795148541836021E-4 	 4.840500695401117E-5 	 1.7027577901866672E-4 	 4.840500695401117E-5 	 1.7027577901866672E-4 	 4.840500695401117E-5 	 1.7027577901866672E-4 	 4.840500695401117E-5 	 1.7027577901866672E-4 	 
-2.088 	 1.94633722606406E-4 	 2.5240012194091267E-4 	 1.94633722606406E-4 	 2.5240012194091267E-4 	 1.94633722606406E-4 	 2.5240012194091267E-4 	 1.94633722606406E-4 	 2.5240012194091267E-4 	 5.2461486181890446E-5 	 1.840355609702921E-4 	 5.2461486181890446E-5 	 1.840355609702921E-4 	 5.2461486181890446E-5 	 1.840355609702921E-4 	 5.2461486181890446E-5 	 1.840355609702921E-4 	 
-2.064 	 2.1989232665447055E-4 	 3.0640488494165997E-4 	 2.1989232665447055E-4 	 3.0640488494165997E-4 	 2.1989232665447055E-4 	 3.0640488494165997E-4 	 2.1989232665447055E-4 	 3.0640488494165997E-4 	 5.597034365796044E-5 	 2.0934132348844286E-4 	 5.597034365796044E-5 	 2.0934132348844286E-4 	 5.597034365796044E-5 	 2.0934132348844286E-4 	 5.597034365796044E-5 	 2.0934132348844286E-4 	 
-2.04 	 2.409860327881913E-4 	 3.2120919255173674E-4 	 2.409860327881913E-4 	 3.2120919255173674E-4 	 2.409860327881913E-4 	 3.2120919255173674E-4 	 2.409860327881913E-4 	 3.2120919255173674E-4 	 6.10745448029375E-5 	 2.287057587598868E-4 	 6.10745448029375E-5 	 2.287057587598868E-4 	 6.10745448029375E-5 	 2.287057587598868E-4 	 6.10745448029375E-5 	 2.287057587598868E-4 	 
-2.016 	 2.714070159630052E-4 	 3.4918301725944407E-4 	 2.714070159630052E-4 	 3.4918301725944407E-4 	 2.714070159630052E-4 	 3.4918301725944407E-4 	 2.714070159630052E-4 	 3.4918301725944407E-4 	 6.730983681801388E-5 	 2.552864843554564E-4 	 6.730983681801388E-5 	 2.552864843554564E-4 	 6.730983681801388E-5 	 2.552864843554564E-4 	 6.730983681801388E-5 	 2.552864843554564E-4 	 
-1.992 	 2.9545736200576304E-4 	 3.43068945863372E-4 	 2.9545736200576304E-4 	 3.43068945863372E-4 	 2.9545736200576304E-4 	 3.43068945863372E-4 	 2.9545736200576304E-4 	 3.43068945863372E-4 	 7.001094838406356E-5 	 2.760162596305881E-4 	 7.001094838406356E-5 	 2.760162596305881E-4 	 7.001094838406356E-5 	 2.760162596305881E-4 	 7.001094838406356E-5 	 2.760162596305881E-4 	 
-1.968 	 3.1885497126498167E-4 	 3.7238854718454255E-4 	 3.1885497126498167E-4 	 3.7238854718454255E-4 	 3.1885497126498167E-4 	 3.7238854718454255E-4 	 3.1885497126498167E-4 	 3.7238854718454255E-4 	 7.236197315816777E-5 	 2.956199799354691E-4 	 7.236197315816777E-5 	 2.956199799354691E-4 	 7.236197315816777E-5 	 2.956199799354691E-4 	 7.236197315816777E-5 	 2.956199799354691E-4 	 
-1.944 	 3.4089802312781077E-4 	 4.193623513983336E-4 	 3.4089802312781077E-4 	 4.193623513983336E-4 	 3.4089802312781077E-4 	 4.193623513983336E-4 	 3.4089802312781077E-4 	 4.193623513983336E-4 	 7.209602505090193E-5 	 3.1832126384666407E-4 	 7.209602505090193E-5 	 3.1832126384666407E-4 	 7.209602505090193E-5 	 3.1832126384666407E-4 	 7.209602505090193E-5 	 3.1832126384666407E-4 	 
-1.92 	 3.724954989461749E-4 	 4.8665071720528646E-4 	 3.724954989461749E-4 	 4.8665071720528646E-4 	 3.724954989461749E-4 	 4.8665071720528646E-4 	 3.724954989461749E-4 	 4.8665071720528646E-4 	 7.173875418165053E-5 	 3.486608396655545E-4 	 7.173875418165053E-5 	 3.486608396655545E-4 	 7.173875418165053E-5 	 3.486608396655545E-4 	 7.173875418165053E-5 	 3.486608396655545E-4 	 
-1.896 	 4.117503773613038E-4 	 5.610128514572418E-4 	 4.117503773613038E-4 	 5.610128514572418E-4 	 4.117503773613038E-4 	 5.610128514572418E-4 	 4.117503773613038E-4 	 5.610128514572418E-4 	 7.240979344663064E-5 	 3.869979323689818E-4 	 7.240979344663064E-5 	 3.869979323689818E-4 	 7.240979344663064E-5 	 3.869979323689818E-4 	 7.240979344663064E-5 	 3.869979323689818E-4 	 
-1.8719999999999999 	 4.6235510619499194E-4 	 6.03467377075123E-4 	 4.6235510619499194E-4 	 6.03467377075123E-4 	 4.6235510619499194E-4 	 6.03467377075123E-4 	 4.6235510619499194E-4 	 6.03467377075123E-4 	 7.141707808460902E-5 	 4.328663335345756E-4 	 7.141707808460902E-5 	 4.328663335345756E-4 	 7.141707808460902E-5 	 4.328663335345756E-4 	 7.141707808460902E-5 	 4.328663335345756E-4 	 
-1.8479999999999999 	 5.114378202942887E-4 	 6.512592475913641E-4 	 5.114378202942887E-4 	 6.512592475913641E-4 	 5.114378202942887E-4 	 6.512592475913641E-4 	 5.114378202942887E-4 	 6.512592475913641E-4 	 7.609245883656323E-5 	 4.768655534432124E-4 	 7.609245883656323E-5 	 4.768655534432124E-4 	 7.609245883656323E-5 	 4.768655534432124E-4 	 7.609245883656323E-5 	 4.768655534432124E-4 	 
-1.824 	 5.851145052955712E-4 	 8.164859314566339E-4 	 5.851145052955712E-4 	 8.164859314566339E-4 	 5.851145052955712E-4 	 8.164859314566339E-4 	 5.851145052955712E-4 	 8.164859314566339E-4 	 8.326540898177195E-5 	 5.452419976951843E-4 	 8.326540898177195E-5 	 5.452419976951843E-4 	 8.326540898177195E-5 	 5.452419976951843E-4 	 8.326540898177195E-5 	 5.452419976951843E-4 	 
-1.8 	 6.63761063652354E-4 	 9.420644183922607E-4 	 6.63761063652354E-4 	 9.420644183922607E-4 	 6.63761063652354E-4 	 9.420644183922607E-4 	 6.63761063652354E-4 	 9.420644183922607E-4 	 8.92731435879409E-5 	 6.215090753076927E-4 	 8.92731435879409E-5 	 6.215090753076927E-4 	 8.92731435879409E-5 	 6.215090753076927E-4 	 8.92731435879409E-5 	 6.215090753076927E-4 	 
-1.776 	 7.491884684025261E-4 	 9.779718247198796E-4 	 7.491884684025261E-4 	 9.779718247198796E-4 	 7.491884684025261E-4 	 9.779718247198796E-4 	 7.491884684025261E-4 	 9.779718247198796E-4 	 9.38817392379909E-5 	 6.983932598817844E-4 	 9.38817392379909E-5 	 6.983932598817844E-4 	 9.38817392379909E-5 	 6.983932598817844E-4 	 9.38817392379909E-5 	 6.983932598817844E-4 	 
-1.752 	 8.455380728193822E-4 	 0.0011180127516367323 	 8.455380728193822E-4 	 0.0011180127516367323 	 8.455380728193822E-4 	 0.0011180127516367323 	 8.455380728193822E-4 	 0.0011180127516367323 	 9.75534790738505E-5 	 7.834008283680533E-4 	 9.75534790738505E-5 	 7.834008283680533E-4 	 9.75534790738505E-5 	 7.834008283680533E-4 	 9.75534790738505E-5 	 7.834008283680533E-4 	 
-1.728 	 9.588783268139955E-4 	 0.00128674578038022 	 9.588783268139955E-4 	 0.00128674578038022 	 9.588783268139955E-4 	 0.00128674578038022 	 9.588783268139955E-4 	 0.00128674578038022 	 9.383307759744578E-5 	 8.902023630539022E-4 	 9.383307759744578E-5 	 8.902023630539022E-4 	 9.383307759744578E-5 	 8.902023630539022E-4 	 9.383307759744578E-5 	 8.902023630539022E-4 	 
-1.704 	 0.0010784083449720252 	 0.001460763472383212 	 0.0010784083449720252 	 0.001460763472383212 	 0.0010784083449720252 	 0.001460763472383212 	 0.0010784083449720252 	 0.001460763472383212 	 8.86726109959926E-5 	 0.001001353810593971 	 8.86726109959926E-5 	 0.001001353810593971 	 8.86726109959926E-5 	 0.001001353810593971 	 8.86726109959926E-5 	 0.001001353810593971 	 
-1.68 	 0.0012169821989338832 	 0.0016455468112774039 	 0.0012169821989338832 	 0.0016455468112774039 	 0.0012169821989338832 	 0.0016455468112774039 	 0.0012169821989338832 	 0.0016455468112774039 	 8.487822372995051E-5 	 0.0011326078868030953 	 8.487822372995051E-5 	 0.0011326078868030953 	 8.487822372995051E-5 	 0.0011326078868030953 	 8.487822372995051E-5 	 0.0011326078868030953 	 
-1.656 	 0.0013996174026264009 	 0.0019911553040131177 	 0.0013996174026264009 	 0.0019911553040131177 	 0.0013996174026264009 	 0.0019911553040131177 	 0.0013996174026264009 	 0.0019911553040131177 	 8.367781701768736E-5 	 0.0013018501423446168 	 8.367781701768736E-5 	 0.0013018501423446168 	 8.367781701768736E-5 	 0.0013018501423446168 	 8.367781701768736E-5 	 0.0013018501423446168 	 
-1.632 	 0.001631653928407105 	 0.002422640118350598 	 0.001631653928407105 	 0.002422640118350598 	 0.001631653928407105 	 0.002422640118350598 	 0.001631653928407105 	 0.002422640118350598 	 7.99283079736718E-5 	 0.001524545557359043 	 7.99283079736718E-5 	 0.001524545557359043 	 7.99283079736718E-5 	 0.001524545557359043 	 7.99283079736718E-5 	 0.001524545557359043 	 
-1.6079999999999999 	 0.001929559089985326 	 0.0029037612515209477 	 0.001929559089985326 	 0.0029037612515209477 	 0.001929559089985326 	 0.0029037612515209477 	 0.001929559089985326 	 0.0029037612515209477 	 7.784682372481511E-5 	 0.0018016672666773825 	 7.784682372481511E-5 	 0.0018016672666773825 	 7.784682372481511E-5 	 0.0018016672666773825 	 7.784682372481511E-5 	 0.0018016672666773825 	 
-1.584 	 0.00226170080623779 	 0.003274167939007368 	 0.00226170080623779 	 0.003274167939007368 	 0.00226170080623779 	 0.003274167939007368 	 0.00226170080623779 	 0.003274167939007368 	 7.713372230524587E-5 	 0.002107626746213088 	 7.713372230524587E-5 	 0.002107626746213088 	 7.713372230524587E-5 	 0.002107626746213088 	 7.713372230524587E-5 	 0.002107626746213088 	 
-1.56 	 0.002640555659283221 	 0.003656852795944558 	 0.002640555659283221 	 0.003656852795944558 	 0.002640555659283221 	 0.003656852795944558 	 0.002640555659283221 	 0.003656852795944558 	 7.497736062696064E-5 	 0.0024453924656657297 	 7.497736062696064E-5 	 0.0024453924656657297 	 7.497736062696064E-5 	 0.0024453924656657297 	 7.497736062696064E-5 	 0.0024453924656657297 	 
-1.536 	 0.0030442797574739854 	 0.0042315152417466435 	 0.0030442797574739854 	 0.0042315152417466435 	 0.0030442797574739854 	 0.0042315152417466435 	 0.0030442797574739854 	 0.0042315152417466435 	 7.123891991366376E-5 	 0.0028132108468007003 	 7.123891991366376E-5 	 0.0028132108468007003 	 7.123891991366376E-5 	 0.0028132108468007003 	 7.123891991366376E-5 	 0.0028132108468007003 	 
-1.512 	 0.0035098114983746886 	 0.004896322566078409 	 0.0035098114983746886 	 0.004896322566078409 	 0.0035098114983746886 	 0.004896322566078409 	 0.0035098114983746886 	 0.004896322566078409 	 7.446697061236454E-5 	 0.0032494353969406775 	 7.446697061236454E-5 	 0.0032494353969406775 	 7.446697061236454E-5 	 0.0032494353969406775 	 7.446697061236454E-5 	 0.0032494353969406775 	 
-1.488 	 0.00404545252699027 	 0.005809824575465142 	 0.00404545252699027 	 0.005809824575465142 	 0.00404545252699027 	 0.005809824575465142 	 0.00404545252699027 	 0.005809824575465142 	 7.75485446222845E-5 	 0.00375027519621659 	 7.75485446222845E-5 	 0.00375027519621659 	 7.75485446222845E-5 	 0.00375027519621659 	 7.75485446222845E-5 	 0.00375027519621659 	 
-1.464 	 0.0047257512493594465 	 0.006897141232570623 	 0.0047257512493594465 	 0.006897141232570623 	 0.0047257512493594465 	 0.006897141232570623 	 0.0047257512493594465 	 0.006897141232570623 	 8.218633222532058E-5 	 0.004393106176719625 	 8.218633222532058E-5 	 0.004393106176719625 	 8.218633222532058E-5 	 0.004393106176719625 	 8.218633222532058E-5 	 0.004393106176719625 	 
-1.44 	 0.005526390597381948 	 0.00805320910958131 	 0.005526390597381948 	 0.00805320910958131 	 0.005526390597381948 	 0.00805320910958131 	 0.005526390597381948 	 0.00805320910958131 	 8.364532493012129E-5 	 0.005134604609456268 	 8.364532493012129E-5 	 0.005134604609456268 	 8.364532493012129E-5 	 0.005134604609456268 	 8.364532493012129E-5 	 0.005134604609456268 	 
-1.416 	 0.0064750609466073675 	 0.009330293318587759 	 0.0064750609466073675 	 0.009330293318587759 	 0.0064750609466073675 	 0.009330293318587759 	 0.0064750609466073675 	 0.009330293318587759 	 8.889114895006474E-5 	 0.006011754030629207 	 8.889114895006474E-5 	 0.006011754030629207 	 8.889114895006474E-5 	 0.006011754030629207 	 8.889114895006474E-5 	 0.006011754030629207 	 
-1.392 	 0.00757633448740847 	 0.010910705658060045 	 0.00757633448740847 	 0.010910705658060045 	 0.00757633448740847 	 0.010910705658060045 	 0.00757633448740847 	 0.010910705658060045 	 9.383095951334949E-5 	 0.007024442468691007 	 9.383095951334949E-5 	 0.007024442468691007 	 9.383095951334949E-5 	 0.007024442468691007 	 9.383095951334949E-5 	 0.007024442468691007 	 
-1.3679999999999999 	 0.008855137320838152 	 0.012767590568226775 	 0.008855137320838152 	 0.012767590568226775 	 0.008855137320838152 	 0.012767590568226775 	 0.008855137320838152 	 0.012767590568226775 	 9.700833159156542E-5 	 0.008209656844150148 	 9.700833159156542E-5 	 0.008209656844150148 	 9.700833159156542E-5 	 0.008209656844150148 	 9.700833159156542E-5 	 0.008209656844150148 	 
-1.3439999999999999 	 0.010283275601162035 	 0.014506475206151257 	 0.010283275601162035 	 0.014506475206151257 	 0.010283275601162035 	 0.014506475206151257 	 0.010283275601162035 	 0.014506475206151257 	 1.031238376894213E-4 	 0.009528970362554599 	 1.031238376894213E-4 	 0.009528970362554599 	 1.031238376894213E-4 	 0.009528970362554599 	 1.031238376894213E-4 	 0.009528970362554599 	 
-1.32 	 0.011910510605337704 	 0.01672922935216688 	 0.011910510605337704 	 0.01672922935216688 	 0.011910510605337704 	 0.01672922935216688 	 0.011910510605337704 	 0.01672922935216688 	 1.0742461735185663E-4 	 0.011020386616385498 	 1.0742461735185663E-4 	 0.011020386616385498 	 1.0742461735185663E-4 	 0.011020386616385498 	 1.0742461735185663E-4 	 0.011020386616385498 	 
-1.296 	 0.013774110856037124 	 0.019354796497072963 	 0.013774110856037124 	 0.019354796497072963 	 0.013774110856037124 	 0.019354796497072963 	 0.013774110856037124 	 0.019354796497072963 	 1.1231157203737377E-4 	 0.012747461377102285 	 1.1231157203737377E-4 	 0.012747461377102285 	 1.1231157203737377E-4 	 0.012747461377102285 	 1.1231157203737377E-4 	 0.012747461377102285 	 
-1.272 	 0.01579304355785184 	 0.02158863698922866 	 0.01579304355785184 	 0.02158863698922866 	 0.01579304355785184 	 0.02158863698922866 	 0.01579304355785184 	 0.02158863698922866 	 1.134601513965497E-4 	 0.014613590357740654 	 1.134601513965497E-4 	 0.014613590357740654 	 1.134601513965497E-4 	 0.014613590357740654 	 1.134601513965497E-4 	 0.014613590357740654 	 
-1.248 	 0.018043953480566 	 0.024621911709391393 	 0.018043953480566 	 0.024621911709391393 	 0.018043953480566 	 0.024621911709391393 	 0.018043953480566 	 0.024621911709391393 	 1.1939917725687242E-4 	 0.016677444980457368 	 1.1939917725687242E-4 	 0.016677444980457368 	 1.1939917725687242E-4 	 0.016677444980457368 	 1.1939917725687242E-4 	 0.016677444980457368 	 
-1.224 	 0.020618505613934242 	 0.028233375948109377 	 0.020618505613934242 	 0.028233375948109377 	 0.020618505613934242 	 0.028233375948109377 	 0.020618505613934242 	 0.028233375948109377 	 1.229925048870969E-4 	 0.019071716029511167 	 1.229925048870969E-4 	 0.019071716029511167 	 1.229925048870969E-4 	 0.019071716029511167 	 1.229925048870969E-4 	 0.019071716029511167 	 
-1.2 	 0.023256336308148804 	 0.0306073966489389 	 0.023256336308148804 	 0.0306073966489389 	 0.023256336308148804 	 0.0306073966489389 	 0.023256336308148804 	 0.0306073966489389 	 1.2772465046280486E-4 	 0.021502908488905646 	 1.2772465046280486E-4 	 0.021502908488905646 	 1.2772465046280486E-4 	 0.021502908488905646 	 1.2772465046280486E-4 	 0.021502908488905646 	 
-1.176 	 0.02603770768002469 	 0.03342503561887561 	 0.02603770768002469 	 0.03342503561887561 	 0.02603770768002469 	 0.03342503561887561 	 0.02603770768002469 	 0.03342503561887561 	 1.350918578583477E-4 	 0.024021826488291743 	 1.350918578583477E-4 	 0.024021826488291743 	 1.350918578583477E-4 	 0.024021826488291743 	 1.350918578583477E-4 	 0.024021826488291743 	 
-1.152 	 0.028959111866847725 	 0.036901975419709125 	 0.028959111866847725 	 0.036901975419709125 	 0.028959111866847725 	 0.036901975419709125 	 0.028959111866847725 	 0.036901975419709125 	 1.4239045709459156E-4 	 0.02671645719548757 	 1.4239045709459156E-4 	 0.02671645719548757 	 1.4239045709459156E-4 	 0.02671645719548757 	 1.4239045709459156E-4 	 0.02671645719548757 	 
-1.128 	 0.03191789113218182 	 0.03985129441958114 	 0.03191789113218182 	 0.03985129441958114 	 0.03191789113218182 	 0.03985129441958114 	 0.03191789113218182 	 0.03985129441958114 	 1.4944759917221971E-4 	 0.029456261066403387 	 1.4944759917221971E-4 	 0.029456261066403387 	 1.4944759917221971E-4 	 0.029456261066403387 	 1.4944759917221971E-4 	 0.029456261066403387 	 
-1.1039999999999999 	 0.03475711662521192 	 0.04208479835370958 	 0.03475711662521192 	 0.04208479835370958 	 0.03475711662521192 	 0.04208479835370958 	 0.03475711662521192 	 0.04208479835370958 	 1.5705049050725474E-4 	 0.03207725869028568 	 1.5705049050725474E-4 	 0.03207725869028568 	 1.5705049050725474E-4 	 0.03207725869028568 	 1.5705049050725474E-4 	 0.03207725869028568 	 
-1.08 	 0.03751455218406706 	 0.0439954425850447 	 0.03751455218406706 	 0.0439954425850447 	 0.03751455218406706 	 0.0439954425850447 	 0.03751455218406706 	 0.0439954425850447 	 1.6788145683272206E-4 	 0.03459528374124231 	 1.6788145683272206E-4 	 0.03459528374124231 	 1.6788145683272206E-4 	 0.03459528374124231 	 1.6788145683272206E-4 	 0.03459528374124231 	 
-1.056 	 0.039860772905982944 	 0.04490288243428708 	 0.039860772905982944 	 0.04490288243428708 	 0.039860772905982944 	 0.04490288243428708 	 0.039860772905982944 	 0.04490288243428708 	 1.745507118657979E-4 	 0.03674727039273932 	 1.745507118657979E-4 	 0.03674727039273932 	 1.745507118657979E-4 	 0.03674727039273932 	 1.745507118657979E-4 	 0.03674727039273932 	 
-1.032 	 0.0417572071658394 	 0.045068535355917615 	 0.0417572071658394 	 0.045068535355917615 	 0.0417572071658394 	 0.045068535355917615 	 0.0417572071658394 	 0.045068535355917615 	 1.8154631972997246E-4 	 0.03849779013033465 	 1.8154631972997246E-4 	 0.03849779013033465 	 1.8154631972997246E-4 	 0.03849779013033465 	 1.8154631972997246E-4 	 0.03849779013033465 	 
-1.008 	 0.042968642997857076 	 0.04457885058160922 	 0.042968642997857076 	 0.04457885058160922 	 0.042968642997857076 	 0.04457885058160922 	 0.042968642997857076 	 0.04457885058160922 	 1.8742348090698306E-4 	 0.03966189103426901 	 1.8742348090698306E-4 	 0.03966189103426901 	 1.8742348090698306E-4 	 0.03966189103426901 	 1.8742348090698306E-4 	 0.03966189103426901 	 
-0.984 	 0.04359399921079408 	 0.043241937316989776 	 0.04359399921079408 	 0.043241937316989776 	 0.04359399921079408 	 0.043241937316989776 	 0.04359399921079408 	 0.043241937316989776 	 1.9195023308652784E-4 	 0.040318794234007686 	 1.9195023308652784E-4 	 0.040318794234007686 	 1.9195023308652784E-4 	 0.040318794234007686 	 1.9195023308652784E-4 	 0.040318794234007686 	 
-0.96 	 0.04347592766169729 	 0.04133028693183956 	 0.04347592766169729 	 0.04133028693183956 	 0.04347592766169729 	 0.04133028693183956 	 0.04347592766169729 	 0.04133028693183956 	 1.9491768255673066E-4 	 0.040320404468399344 	 1.9491768255673066E-4 	 0.040320404468399344 	 1.9491768255673066E-4 	 0.040320404468399344 	 1.9491768255673066E-4 	 0.040320404468399344 	 
-0.9359999999999999 	 0.042745830898653275 	 0.038841295686558246 	 0.042745830898653275 	 0.038841295686558246 	 0.042745830898653275 	 0.038841295686558246 	 0.042745830898653275 	 0.038841295686558246 	 1.995104482996281E-4 	 0.039819836111553986 	 1.995104482996281E-4 	 0.039819836111553986 	 1.995104482996281E-4 	 0.039819836111553986 	 1.995104482996281E-4 	 0.039819836111553986 	 
-0.9119999999999999 	 0.04135861734273954 	 0.0360286313387711 	 0.04135861734273954 	 0.0360286313387711 	 0.04135861734273954 	 0.0360286313387711 	 0.04135861734273954 	 0.0360286313387711 	 2.0198585271697658E-4 	 0.038726949135812816 	 2.0198585271697658E-4 	 0.038726949135812816 	 2.0198585271697658E-4 	 0.038726949135812816 	 2.0198585271697658E-4 	 0.038726949135812816 	 
-0.8879999999999999 	 0.039395026590338646 	 0.03254430385567038 	 0.039395026590338646 	 0.03254430385567038 	 0.039395026590338646 	 0.03254430385567038 	 0.039395026590338646 	 0.03254430385567038 	 2.0424767871259306E-4 	 0.03715554992333589 	 2.0424767871259306E-4 	 0.03715554992333589 	 2.0424767871259306E-4 	 0.03715554992333589 	 2.0424767871259306E-4 	 0.03715554992333589 	 
-0.8639999999999999 	 0.036943416380525056 	 0.029060659629960812 	 0.036943416380525056 	 0.029060659629960812 	 0.036943416380525056 	 0.029060659629960812 	 0.036943416380525056 	 0.029060659629960812 	 2.0817801362345458E-4 	 0.035135550945494344 	 2.0817801362345458E-4 	 0.035135550945494344 	 2.0817801362345458E-4 	 0.035135550945494344 	 2.0817801362345458E-4 	 0.035135550945494344 	 
-0.8399999999999999 	 0.03404838750136185 	 0.025232836526894984 	 0.03404838750136185 	 0.025232836526894984 	 0.03404838750136185 	 0.025232836526894984 	 0.03404838750136185 	 0.025232836526894984 	 2.1222206123934037E-4 	 0.032752700884682316 	 2.1222206123934037E-4 	 0.032752700884682316 	 2.1222206123934037E-4 	 0.032752700884682316 	 2.1222206123934037E-4 	 0.032752700884682316 	 
-0.8159999999999998 	 0.03093874136648531 	 0.021952201775667396 	 0.03093874136648531 	 0.021952201775667396 	 0.03093874136648531 	 0.021952201775667396 	 0.03093874136648531 	 0.021952201775667396 	 2.175764611012196E-4 	 0.030143903289653166 	 2.175764611012196E-4 	 0.030143903289653166 	 2.175764611012196E-4 	 0.030143903289653166 	 2.175764611012196E-4 	 0.030143903289653166 	 
-0.7919999999999998 	 0.02770095060872273 	 0.019175832655629974 	 0.02770095060872273 	 0.019175832655629974 	 0.02770095060872273 	 0.019175832655629974 	 0.02770095060872273 	 0.019175832655629974 	 2.216650547838669E-4 	 0.02746771791241537 	 2.216650547838669E-4 	 0.02746771791241537 	 2.216650547838669E-4 	 0.02746771791241537 	 2.216650547838669E-4 	 0.02746771791241537 	 
-0.7679999999999998 	 0.024605961710865307 	 0.016579680507949664 	 0.024605961710865307 	 0.016579680507949664 	 0.024605961710865307 	 0.016579680507949664 	 0.024605961710865307 	 0.016579680507949664 	 2.30774362373223E-4 	 0.024886753560752553 	 2.30774362373223E-4 	 0.024886753560752553 	 2.30774362373223E-4 	 0.024886753560752553 	 2.30774362373223E-4 	 0.024886753560752553 	 
-0.7439999999999998 	 0.02165132106724015 	 0.014609897914947208 	 0.02165132106724015 	 0.014609897914947208 	 0.02165132106724015 	 0.014609897914947208 	 0.02165132106724015 	 0.014609897914947208 	 2.368128194143345E-4 	 0.022383138892300005 	 2.368128194143345E-4 	 0.022383138892300005 	 2.368128194143345E-4 	 0.022383138892300005 	 2.368128194143345E-4 	 0.022383138892300005 	 
-0.7199999999999998 	 0.019062392344602462 	 0.012646655553782383 	 0.019062392344602462 	 0.012646655553782383 	 0.019062392344602462 	 0.012646655553782383 	 0.019062392344602462 	 0.012646655553782383 	 2.4352500434515314E-4 	 0.020172717539114975 	 2.4352500434515314E-4 	 0.020172717539114975 	 2.4352500434515314E-4 	 0.020172717539114975 	 2.4352500434515314E-4 	 0.020172717539114975 	 
-0.6959999999999997 	 0.016608024106353276 	 0.010696236084868803 	 0.016608024106353276 	 0.010696236084868803 	 0.016608024106353276 	 0.010696236084868803 	 0.016608024106353276 	 0.010696236084868803 	 2.510292774343638E-4 	 0.017993323737872335 	 2.510292774343638E-4 	 0.017993323737872335 	 2.510292774343638E-4 	 0.017993323737872335 	 2.510292774343638E-4 	 0.017993323737872335 	 
-0.6720000000000002 	 0.01446467027932695 	 0.009086745778794746 	 0.01446467027932695 	 0.009086745778794746 	 0.01446467027932695 	 0.009086745778794746 	 0.01446467027932695 	 0.009086745778794746 	 2.588326055284381E-4 	 0.016068553022599682 	 2.588326055284381E-4 	 0.016068553022599682 	 2.588326055284381E-4 	 0.016068553022599682 	 2.588326055284381E-4 	 0.016068553022599682 	 
-0.6480000000000001 	 0.012491411967725893 	 0.007847106117854634 	 0.012491411967725893 	 0.007847106117854634 	 0.012491411967725893 	 0.007847106117854634 	 0.012491411967725893 	 0.007847106117854634 	 2.706729386899099E-4 	 0.014257082447698462 	 2.706729386899099E-4 	 0.014257082447698462 	 2.706729386899099E-4 	 0.014257082447698462 	 2.706729386899099E-4 	 0.014257082447698462 	 
-0.6240000000000001 	 0.01078778599882716 	 0.006898985748157709 	 0.01078778599882716 	 0.006898985748157709 	 0.01078778599882716 	 0.006898985748157709 	 0.01078778599882716 	 0.006898985748157709 	 2.8449832260340514E-4 	 0.012682627910301662 	 2.8449832260340514E-4 	 0.012682627910301662 	 2.8449832260340514E-4 	 0.012682627910301662 	 2.8449832260340514E-4 	 0.012682627910301662 	 
-0.6000000000000001 	 0.009313763733823087 	 0.006109363454198372 	 0.009313763733823087 	 0.006109363454198372 	 0.009313763733823087 	 0.006109363454198372 	 0.009313763733823087 	 0.006109363454198372 	 3.005929052601211E-4 	 0.01126422276182743 	 3.005929052601211E-4 	 0.01126422276182743 	 3.005929052601211E-4 	 0.01126422276182743 	 3.005929052601211E-4 	 0.01126422276182743 	 
-0.5760000000000001 	 0.008110883169263124 	 0.0055601765405997655 	 0.008110883169263124 	 0.0055601765405997655 	 0.008110883169263124 	 0.0055601765405997655 	 0.008110883169263124 	 0.0055601765405997655 	 3.188000361692326E-4 	 0.010081651818618219 	 3.188000361692326E-4 	 0.010081651818618219 	 3.188000361692326E-4 	 0.010081651818618219 	 3.188000361692326E-4 	 0.010081651818618219 	 
-0.552 	 0.007130671606438563 	 0.004994045659201912 	 0.007130671606438563 	 0.004994045659201912 	 0.007130671606438563 	 0.004994045659201912 	 0.007130671606438563 	 0.004994045659201912 	 3.399366207503822E-4 	 0.00907993070444771 	 3.399366207503822E-4 	 0.00907993070444771 	 3.399366207503822E-4 	 0.00907993070444771 	 3.399366207503822E-4 	 0.00907993070444771 	 
-0.528 	 0.006288259954592563 	 0.004367662721763904 	 0.006288259954592563 	 0.004367662721763904 	 0.006288259954592563 	 0.004367662721763904 	 0.006288259954592563 	 0.004367662721763904 	 3.636996498882412E-4 	 0.008174317698180089 	 3.636996498882412E-4 	 0.008174317698180089 	 3.636996498882412E-4 	 0.008174317698180089 	 3.636996498882412E-4 	 0.008174317698180089 	 
-0.504 	 0.0055336751669801554 	 0.003672124715311091 	 0.0055336751669801554 	 0.003672124715311091 	 0.0055336751669801554 	 0.003672124715311091 	 0.0055336751669801554 	 0.003672124715311091 	 3.944352896479908E-4 	 0.007345772106276521 	 3.944352896479908E-4 	 0.007345772106276521 	 3.944352896479908E-4 	 0.007345772106276521 	 3.944352896479908E-4 	 0.007345772106276521 	 
-0.48 	 0.004863316417587018 	 0.003239952280282851 	 0.004863316417587018 	 0.003239952280282851 	 0.004863316417587018 	 0.003239952280282851 	 0.004863316417587018 	 0.003239952280282851 	 4.2979620234753817E-4 	 0.00658570898360567 	 4.2979620234753817E-4 	 0.00658570898360567 	 4.2979620234753817E-4 	 0.00658570898360567 	 4.2979620234753817E-4 	 0.00658570898360567 	 
-0.45599999999999996 	 0.004266337993785185 	 0.0029924247842741222 	 0.004266337993785185 	 0.0029924247842741222 	 0.004266337993785185 	 0.0029924247842741222 	 0.004266337993785185 	 0.0029924247842741222 	 4.6930594566416925E-4 	 0.005916223899814062 	 4.6930594566416925E-4 	 0.005916223899814062 	 4.6930594566416925E-4 	 0.005916223899814062 	 4.6930594566416925E-4 	 0.005916223899814062 	 
-0.43199999999999994 	 0.00373747456855416 	 0.002568929171007416 	 0.00373747456855416 	 0.002568929171007416 	 0.00373747456855416 	 0.002568929171007416 	 0.00373747456855416 	 0.002568929171007416 	 5.196868316685189E-4 	 0.005323644446035328 	 5.196868316685189E-4 	 0.005323644446035328 	 5.196868316685189E-4 	 0.005323644446035328 	 5.196868316685189E-4 	 0.005323644446035328 	 
-0.4079999999999999 	 0.003257097318500797 	 0.002183432127697584 	 0.003257097318500797 	 0.002183432127697584 	 0.003257097318500797 	 0.002183432127697584 	 0.003257097318500797 	 0.002183432127697584 	 5.803545520773692E-4 	 0.004757207589753357 	 5.803545520773692E-4 	 0.004757207589753357 	 5.803545520773692E-4 	 0.004757207589753357 	 5.803545520773692E-4 	 0.004757207589753357 	 
-0.3839999999999999 	 0.002870443255111738 	 0.0019423786316460803 	 0.002870443255111738 	 0.0019423786316460803 	 0.002870443255111738 	 0.0019423786316460803 	 0.002870443255111738 	 0.0019423786316460803 	 6.541760559192326E-4 	 0.004297671574789935 	 6.541760559192326E-4 	 0.004297671574789935 	 6.541760559192326E-4 	 0.004297671574789935 	 6.541760559192326E-4 	 0.004297671574789935 	 
-0.3599999999999999 	 0.0025059589703951587 	 0.0017138554196872912 	 0.0025059589703951587 	 0.0017138554196872912 	 0.0025059589703951587 	 0.0017138554196872912 	 0.0025059589703951587 	 0.0017138554196872912 	 7.41332526296515E-4 	 0.0038648992430516485 	 7.41332526296515E-4 	 0.0038648992430516485 	 7.41332526296515E-4 	 0.0038648992430516485 	 7.41332526296515E-4 	 0.0038648992430516485 	 
-0.33599999999999985 	 0.00219788503694106 	 0.0015423995240778836 	 0.00219788503694106 	 0.0015423995240778836 	 0.00219788503694106 	 0.0015423995240778836 	 0.00219788503694106 	 0.0015423995240778836 	 8.449240901948921E-4 	 0.0034983790763415327 	 8.449240901948921E-4 	 0.0034983790763415327 	 8.449240901948921E-4 	 0.0034983790763415327 	 8.449240901948921E-4 	 0.0034983790763415327 	 
-0.31199999999999983 	 0.0019262904349068735 	 0.001367079758217119 	 0.0019262904349068735 	 0.001367079758217119 	 0.0019262904349068735 	 0.001367079758217119 	 0.0019262904349068735 	 0.001367079758217119 	 9.662332090979645E-4 	 0.0031633801057291714 	 9.662332090979645E-4 	 0.0031633801057291714 	 9.662332090979645E-4 	 0.0031633801057291714 	 9.662332090979645E-4 	 0.0031633801057291714 	 
-0.2879999999999998 	 0.001698899188914788 	 0.0011973600647058298 	 0.001698899188914788 	 0.0011973600647058298 	 0.001698899188914788 	 0.0011973600647058298 	 0.001698899188914788 	 0.0011973600647058298 	 0.001116205288742867 	 0.0028797413114434465 	 0.001116205288742867 	 0.0028797413114434465 	 0.001116205288742867 	 0.0028797413114434465 	 0.001116205288742867 	 0.0028797413114434465 	 
-0.2639999999999998 	 0.001501539948718676 	 0.001091671956450576 	 0.001501539948718676 	 0.001091671956450576 	 0.001501539948718676 	 0.001091671956450576 	 0.001501539948718676 	 0.001091671956450576 	 0.0012948612683157741 	 0.002619236144108889 	 0.0012948612683157741 	 0.002619236144108889 	 0.0012948612683157741 	 0.002619236144108889 	 0.0012948612683157741 	 0.002619236144108889 	 
-0.23999999999999977 	 0.0013342088866808328 	 0.001018901561233043 	 0.0013342088866808328 	 0.001018901561233043 	 0.0013342088866808328 	 0.001018901561233043 	 0.0013342088866808328 	 0.001018901561233043 	 0.0015273784094248057 	 0.0024037595946002108 	 0.0015273784094248057 	 0.0024037595946002108 	 0.0015273784094248057 	 0.0024037595946002108 	 0.0015273784094248057 	 0.0024037595946002108 	 
-0.21599999999999975 	 0.0011828515779962869 	 8.711617982225545E-4 	 0.0011828515779962869 	 8.711617982225545E-4 	 0.0011828515779962869 	 8.711617982225545E-4 	 0.0011828515779962869 	 8.711617982225545E-4 	 0.0018094558768782425 	 0.0022056423353129214 	 0.0018094558768782425 	 0.0022056423353129214 	 0.0018094558768782425 	 0.0022056423353129214 	 0.0018094558768782425 	 0.0022056423353129214 	 
-0.19199999999999973 	 0.0010473948581019835 	 7.533907608198338E-4 	 0.0010473948581019835 	 7.533907608198338E-4 	 0.0010473948581019835 	 7.533907608198338E-4 	 0.0010473948581019835 	 7.533907608198338E-4 	 0.0021745876183944875 	 0.0020226247980078766 	 0.0021745876183944875 	 0.0020226247980078766 	 0.0021745876183944875 	 0.0020226247980078766 	 0.0021745876183944875 	 0.0020226247980078766 	 
-0.16800000000000015 	 9.203197493825255E-4 	 6.49642030944147E-4 	 9.203197493825255E-4 	 6.49642030944147E-4 	 9.203197493825255E-4 	 6.49642030944147E-4 	 9.203197493825255E-4 	 6.49642030944147E-4 	 0.002618882444308573 	 0.001853352400717048 	 0.002618882444308573 	 0.001853352400717048 	 0.002618882444308573 	 0.001853352400717048 	 0.002618882444308573 	 0.001853352400717048 	 
-0.14400000000000013 	 7.989109191912137E-4 	 5.29463589179783E-4 	 7.989109191912137E-4 	 5.29463589179783E-4 	 7.989109191912137E-4 	 5.29463589179783E-4 	 7.989109191912137E-4 	 5.29463589179783E-4 	 0.0032161242382252406 	 0.0016946391133946864 	 0.0032161242382252406 	 0.0016946391133946864 	 0.0032161242382252406 	 0.0016946391133946864 	 0.0032161242382252406 	 0.0016946391133946864 	 
-0.1200000000000001 	 6.793487126585911E-4 	 4.5338017291584855E-4 	 6.793487126585911E-4 	 4.5338017291584855E-4 	 6.793487126585911E-4 	 4.5338017291584855E-4 	 6.793487126585911E-4 	 4.5338017291584855E-4 	 0.003963637750175168 	 0.0015445737606004039 	 0.003963637750175168 	 0.0015445737606004039 	 0.003963637750175168 	 0.0015445737606004039 	 0.003963637750175168 	 0.0015445737606004039 	 
-0.09600000000000009 	 5.788407154269936E-4 	 4.0200511709388844E-4 	 5.788407154269936E-4 	 4.0200511709388844E-4 	 5.788407154269936E-4 	 4.0200511709388844E-4 	 5.788407154269936E-4 	 4.0200511709388844E-4 	 0.004937133612874675 	 0.0014208188861109252 	 0.004937133612874675 	 0.0014208188861109252 	 0.004937133612874675 	 0.0014208188861109252 	 0.004937133612874675 	 0.0014208188861109252 	 
-0.07200000000000006 	 4.876707824917028E-4 	 3.6577405285270087E-4 	 4.876707824917028E-4 	 3.6577405285270087E-4 	 4.876707824917028E-4 	 3.6577405285270087E-4 	 4.876707824917028E-4 	 3.6577405285270087E-4 	 0.00621664847628675 	 0.0013063776472122199 	 0.00621664847628675 	 0.0013063776472122199 	 0.00621664847628675 	 0.0013063776472122199 	 0.00621664847628675 	 0.0013063776472122199 	 
-0.04800000000000004 	 4.180322573536683E-4 	 3.2153239268941004E-4 	 4.180322573536683E-4 	 3.2153239268941004E-4 	 4.180322573536683E-4 	 3.2153239268941004E-4 	 4.180322573536683E-4 	 3.2153239268941004E-4 	 0.007830773259069961 	 0.0012131506051089903 	 0.007830773259069961 	 0.0012131506051089903 	 0.007830773259069961 	 0.0012131506051089903 	 0.007830773259069961 	 0.0012131506051089903 	 
-0.02400000000000002 	 3.568543419722449E-4 	 2.809697960284733E-4 	 3.568543419722449E-4 	 2.809697960284733E-4 	 3.568543419722449E-4 	 2.809697960284733E-4 	 3.568543419722449E-4 	 2.809697960284733E-4 	 0.00991876048500036 	 0.0011309543723432977 	 0.00991876048500036 	 0.0011309543723432977 	 0.00991876048500036 	 0.0011309543723432977 	 0.00991876048500036 	 0.0011309543723432977 	 
0.0 	 3.0604733820442203E-4 	 2.300136893291744E-4 	 3.0604733820442203E-4 	 2.300136893291744E-4 	 3.0604733820442203E-4 	 2.300136893291744E-4 	 3.0604733820442203E-4 	 2.300136893291744E-4 	 0.012434430275803345 	 0.0010573131871255731 	 0.012434430275803345 	 0.0010573131871255731 	 0.012434430275803345 	 0.0010573131871255731 	 0.012434430275803345 	 0.0010573131871255731 	 
0.02400000000000002 	 2.609447622422274E-4 	 1.9895136499482782E-4 	 2.609447622422274E-4 	 1.9895136499482782E-4 	 2.609447622422274E-4 	 1.9895136499482782E-4 	 2.609447622422274E-4 	 1.9895136499482782E-4 	 0.015520328351760378 	 9.915229269047952E-4 	 0.015520328351760378 	 9.915229269047952E-4 	 0.015520328351760378 	 9.915229269047952E-4 	 0.015520328351760378 	 9.915229269047952E-4 	 
0.04800000000000004 	 2.2487421871430723E-4 	 2.2172378127218923E-4 	 2.2487421871430723E-4 	 2.2172378127218923E-4 	 2.2487421871430723E-4 	 2.2172378127218923E-4 	 2.2487421871430723E-4 	 2.2172378127218923E-4 	 0.01914475381765516 	 9.387071305542125E-4 	 0.01914475381765516 	 9.387071305542125E-4 	 0.01914475381765516 	 9.387071305542125E-4 	 0.01914475381765516 	 9.387071305542125E-4 	 
0.07200000000000006 	 2.017619514332771E-4 	 2.1772589644262368E-4 	 2.017619514332771E-4 	 2.1772589644262368E-4 	 2.017619514332771E-4 	 2.1772589644262368E-4 	 2.017619514332771E-4 	 2.1772589644262368E-4 	 0.023139766226889458 	 9.01112447489858E-4 	 0.023139766226889458 	 9.01112447489858E-4 	 0.023139766226889458 	 9.01112447489858E-4 	 0.023139766226889458 	 9.01112447489858E-4 	 
0.09600000000000009 	 1.809387391847665E-4 	 1.9878387182712193E-4 	 1.809387391847665E-4 	 1.9878387182712193E-4 	 1.809387391847665E-4 	 1.9878387182712193E-4 	 1.809387391847665E-4 	 1.9878387182712193E-4 	 0.02763279938764439 	 8.606996125185933E-4 	 0.02763279938764439 	 8.606996125185933E-4 	 0.02763279938764439 	 8.606996125185933E-4 	 0.02763279938764439 	 8.606996125185933E-4 	 
0.1200000000000001 	 1.6998441528472396E-4 	 1.9375152996796451E-4 	 1.6998441528472396E-4 	 1.9375152996796451E-4 	 1.6998441528472396E-4 	 1.9375152996796451E-4 	 1.6998441528472396E-4 	 1.9375152996796451E-4 	 0.03229046988270203 	 8.315600121664798E-4 	 0.03229046988270203 	 8.315600121664798E-4 	 0.03229046988270203 	 8.315600121664798E-4 	 0.03229046988270203 	 8.315600121664798E-4 	 
0.14400000000000013 	 1.5853895745701865E-4 	 1.8073289536477686E-4 	 1.5853895745701865E-4 	 1.8073289536477686E-4 	 1.5853895745701865E-4 	 1.8073289536477686E-4 	 1.5853895745701865E-4 	 1.8073289536477686E-4 	 0.037037432681482116 	 7.984804017581198E-4 	 0.037037432681482116 	 7.984804017581198E-4 	 0.037037432681482116 	 7.984804017581198E-4 	 0.037037432681482116 	 7.984804017581198E-4 	 
0.16800000000000015 	 1.4919957476838412E-4 	 1.932651832896113E-4 	 1.4919957476838412E-4 	 1.932651832896113E-4 	 1.4919957476838412E-4 	 1.932651832896113E-4 	 1.4919957476838412E-4 	 1.932651832896113E-4 	 0.041493021778674324 	 7.70710384996361E-4 	 0.041493021778674324 	 7.70710384996361E-4 	 0.041493021778674324 	 7.70710384996361E-4 	 0.041493021778674324 	 7.70710384996361E-4 	 
0.19200000000000017 	 1.4233224900425402E-4 	 1.8799881039946792E-4 	 1.4233224900425402E-4 	 1.8799881039946792E-4 	 1.4233224900425402E-4 	 1.8799881039946792E-4 	 1.4233224900425402E-4 	 1.8799881039946792E-4 	 0.045594305692251175 	 7.419872347997939E-4 	 0.045594305692251175 	 7.419872347997939E-4 	 0.045594305692251175 	 7.419872347997939E-4 	 0.045594305692251175 	 7.419872347997939E-4 	 
0.2160000000000002 	 1.3527975587730132E-4 	 1.8039541857379539E-4 	 1.3527975587730132E-4 	 1.8039541857379539E-4 	 1.3527975587730132E-4 	 1.8039541857379539E-4 	 1.3527975587730132E-4 	 1.8039541857379539E-4 	 0.048874229286532275 	 7.092652794613019E-4 	 0.048874229286532275 	 7.092652794613019E-4 	 0.048874229286532275 	 7.092652794613019E-4 	 0.048874229286532275 	 7.092652794613019E-4 	 
0.2400000000000002 	 1.311730095530313E-4 	 1.8129361277305253E-4 	 1.311730095530313E-4 	 1.8129361277305253E-4 	 1.311730095530313E-4 	 1.8129361277305253E-4 	 1.311730095530313E-4 	 1.8129361277305253E-4 	 0.05125235782122181 	 6.77573339122847E-4 	 0.05125235782122181 	 6.77573339122847E-4 	 0.05125235782122181 	 6.77573339122847E-4 	 0.05125235782122181 	 6.77573339122847E-4 	 
0.26400000000000023 	 1.27053906786518E-4 	 1.768948250067735E-4 	 1.27053906786518E-4 	 1.768948250067735E-4 	 1.27053906786518E-4 	 1.768948250067735E-4 	 1.27053906786518E-4 	 1.768948250067735E-4 	 0.05259032456784116 	 6.436517787082021E-4 	 0.05259032456784116 	 6.436517787082021E-4 	 0.05259032456784116 	 6.436517787082021E-4 	 0.05259032456784116 	 6.436517787082021E-4 	 
0.28800000000000026 	 1.2147769094195547E-4 	 1.7816180157107664E-4 	 1.2147769094195547E-4 	 1.7816180157107664E-4 	 1.2147769094195547E-4 	 1.7816180157107664E-4 	 1.2147769094195547E-4 	 1.7816180157107664E-4 	 0.052729875110306475 	 6.059250654327563E-4 	 0.052729875110306475 	 6.059250654327563E-4 	 0.052729875110306475 	 6.059250654327563E-4 	 0.052729875110306475 	 6.059250654327563E-4 	 
0.3120000000000003 	 1.1972163084561841E-4 	 1.759015072114196E-4 	 1.1972163084561841E-4 	 1.759015072114196E-4 	 1.1972163084561841E-4 	 1.759015072114196E-4 	 1.1972163084561841E-4 	 1.759015072114196E-4 	 0.05169122647649737 	 5.685973961908846E-4 	 0.05169122647649737 	 5.685973961908846E-4 	 0.05169122647649737 	 5.685973961908846E-4 	 0.05169122647649737 	 5.685973961908846E-4 	 
0.33599999999999985 	 1.13485895050001E-4 	 1.649224931526736E-4 	 1.13485895050001E-4 	 1.649224931526736E-4 	 1.13485895050001E-4 	 1.649224931526736E-4 	 1.13485895050001E-4 	 1.649224931526736E-4 	 0.04953276623958834 	 5.249548720799006E-4 	 0.04953276623958834 	 5.249548720799006E-4 	 0.04953276623958834 	 5.249548720799006E-4 	 0.04953276623958834 	 5.249548720799006E-4 	 
0.3599999999999999 	 1.1080346011360733E-4 	 1.639830550346928E-4 	 1.1080346011360733E-4 	 1.639830550346928E-4 	 1.1080346011360733E-4 	 1.639830550346928E-4 	 1.1080346011360733E-4 	 1.639830550346928E-4 	 0.046592224965601045 	 4.854417454795088E-4 	 0.046592224965601045 	 4.854417454795088E-4 	 0.046592224965601045 	 4.854417454795088E-4 	 0.046592224965601045 	 4.854417454795088E-4 	 
0.3839999999999999 	 1.0540975729530052E-4 	 1.5719816821457516E-4 	 1.0540975729530052E-4 	 1.5719816821457516E-4 	 1.0540975729530052E-4 	 1.5719816821457516E-4 	 1.0540975729530052E-4 	 1.5719816821457516E-4 	 0.04284624580584009 	 4.4114955518853675E-4 	 0.04284624580584009 	 4.4114955518853675E-4 	 0.04284624580584009 	 4.4114955518853675E-4 	 0.04284624580584009 	 4.4114955518853675E-4 	 
0.4079999999999999 	 1.0003195816278141E-4 	 1.4267335274225065E-4 	 1.0003195816278141E-4 	 1.4267335274225065E-4 	 1.0003195816278141E-4 	 1.4267335274225065E-4 	 1.0003195816278141E-4 	 1.4267335274225065E-4 	 0.03885150527166183 	 3.971479097768256E-4 	 0.03885150527166183 	 3.971479097768256E-4 	 0.03885150527166183 	 3.971479097768256E-4 	 0.03885150527166183 	 3.971479097768256E-4 	 
0.43199999999999994 	 9.410084593211774E-5 	 1.36773081190327E-4 	 9.410084593211774E-5 	 1.36773081190327E-4 	 9.410084593211774E-5 	 1.36773081190327E-4 	 9.410084593211774E-5 	 1.36773081190327E-4 	 0.034615017337173426 	 3.5728554579768005E-4 	 0.034615017337173426 	 3.5728554579768005E-4 	 0.034615017337173426 	 3.5728554579768005E-4 	 0.034615017337173426 	 3.5728554579768005E-4 	 
0.45599999999999996 	 8.83027939889982E-5 	 1.2129054181254252E-4 	 8.83027939889982E-5 	 1.2129054181254252E-4 	 8.83027939889982E-5 	 1.2129054181254252E-4 	 8.83027939889982E-5 	 1.2129054181254252E-4 	 0.030391554794262962 	 3.161966787535374E-4 	 0.030391554794262962 	 3.161966787535374E-4 	 0.030391554794262962 	 3.161966787535374E-4 	 0.030391554794262962 	 3.161966787535374E-4 	 
0.48 	 7.978736473195036E-5 	 1.0737671076870282E-4 	 7.978736473195036E-5 	 1.0737671076870282E-4 	 7.978736473195036E-5 	 1.0737671076870282E-4 	 7.978736473195036E-5 	 1.0737671076870282E-4 	 0.026277677161714343 	 2.7662870053641664E-4 	 0.026277677161714343 	 2.7662870053641664E-4 	 0.026277677161714343 	 2.7662870053641664E-4 	 0.026277677161714343 	 2.7662870053641664E-4 	 
0.504 	 7.184657810676326E-5 	 8.911930411792729E-5 	 7.184657810676326E-5 	 8.911930411792729E-5 	 7.184657810676326E-5 	 8.911930411792729E-5 	 7.184657810676326E-5 	 8.911930411792729E-5 	 0.02255265006796628 	 2.4133493626011515E-4 	 0.02255265006796628 	 2.4133493626011515E-4 	 0.02255265006796628 	 2.4133493626011515E-4 	 0.02255265006796628 	 2.4133493626011515E-4 	 
0.528 	 6.167440874487012E-5 	 6.936239393142211E-5 	 6.167440874487012E-5 	 6.936239393142211E-5 	 6.167440874487012E-5 	 6.936239393142211E-5 	 6.167440874487012E-5 	 6.936239393142211E-5 	 0.01912346631113852 	 2.0617027178126954E-4 	 0.01912346631113852 	 2.0617027178126954E-4 	 0.01912346631113852 	 2.0617027178126954E-4 	 0.01912346631113852 	 2.0617027178126954E-4 	 
0.552 	 5.131639775169079E-5 	 6.058744920826311E-5 	 5.131639775169079E-5 	 6.058744920826311E-5 	 5.131639775169079E-5 	 6.058744920826311E-5 	 5.131639775169079E-5 	 6.058744920826311E-5 	 0.016186620218811454 	 1.7382868191976756E-4 	 0.016186620218811454 	 1.7382868191976756E-4 	 0.016186620218811454 	 1.7382868191976756E-4 	 0.016186620218811454 	 1.7382868191976756E-4 	 
0.5760000000000001 	 4.206730902316343E-5 	 5.0874482848023006E-5 	 4.206730902316343E-5 	 5.0874482848023006E-5 	 4.206730902316343E-5 	 5.0874482848023006E-5 	 4.206730902316343E-5 	 5.0874482848023006E-5 	 0.013713195616863561 	 1.4759921477379653E-4 	 0.013713195616863561 	 1.4759921477379653E-4 	 0.013713195616863561 	 1.4759921477379653E-4 	 0.013713195616863561 	 1.4759921477379653E-4 	 
0.6000000000000001 	 3.439167036353229E-5 	 4.862308079956729E-5 	 3.439167036353229E-5 	 4.862308079956729E-5 	 3.439167036353229E-5 	 4.862308079956729E-5 	 3.439167036353229E-5 	 4.862308079956729E-5 	 0.011755640561501482 	 1.253067181094654E-4 	 0.011755640561501482 	 1.253067181094654E-4 	 0.011755640561501482 	 1.253067181094654E-4 	 0.011755640561501482 	 1.253067181094654E-4 	 
0.6240000000000001 	 3.079588710661377E-5 	 4.570131554762362E-5 	 3.079588710661377E-5 	 4.570131554762362E-5 	 3.079588710661377E-5 	 4.570131554762362E-5 	 3.079588710661377E-5 	 4.570131554762362E-5 	 0.010057736794392095 	 1.0935882396016753E-4 	 0.010057736794392095 	 1.0935882396016753E-4 	 0.010057736794392095 	 1.0935882396016753E-4 	 0.010057736794392095 	 1.0935882396016753E-4 	 
0.6480000000000001 	 2.6754350827560743E-5 	 3.5717055231027865E-5 	 2.6754350827560743E-5 	 3.5717055231027865E-5 	 2.6754350827560743E-5 	 3.5717055231027865E-5 	 2.6754350827560743E-5 	 3.5717055231027865E-5 	 0.008711887730488522 	 9.374077739988075E-5 	 0.008711887730488522 	 9.374077739988075E-5 	 0.008711887730488522 	 9.374077739988075E-5 	 0.008711887730488522 	 9.374077739988075E-5 	 
0.6720000000000002 	 2.4228447967031233E-5 	 3.0595450382961145E-5 	 2.4228447967031233E-5 	 3.0595450382961145E-5 	 2.4228447967031233E-5 	 3.0595450382961145E-5 	 2.4228447967031233E-5 	 3.0595450382961145E-5 	 0.007510599804769521 	 8.214577228260318E-5 	 0.007510599804769521 	 8.214577228260318E-5 	 0.007510599804769521 	 8.214577228260318E-5 	 0.007510599804769521 	 8.214577228260318E-5 	 
0.6960000000000002 	 2.15557067396161E-5 	 2.5978357862992733E-5 	 2.15557067396161E-5 	 2.5978357862992733E-5 	 2.15557067396161E-5 	 2.5978357862992733E-5 	 2.15557067396161E-5 	 2.5978357862992733E-5 	 0.006529292630794599 	 7.144264276925701E-5 	 0.006529292630794599 	 7.144264276925701E-5 	 0.006529292630794599 	 7.144264276925701E-5 	 0.006529292630794599 	 7.144264276925701E-5 	 
0.7200000000000002 	 1.805096101209563E-5 	 2.0058008724074123E-5 	 1.805096101209563E-5 	 2.0058008724074123E-5 	 1.805096101209563E-5 	 2.0058008724074123E-5 	 1.805096101209563E-5 	 2.0058008724074123E-5 	 0.00563255390847033 	 6.141306192700645E-5 	 0.00563255390847033 	 6.141306192700645E-5 	 0.00563255390847033 	 6.141306192700645E-5 	 0.00563255390847033 	 6.141306192700645E-5 	 
0.7440000000000002 	 1.6430223712279984E-5 	 2.4533484756180564E-5 	 1.6430223712279984E-5 	 2.4533484756180564E-5 	 1.6430223712279984E-5 	 2.4533484756180564E-5 	 1.6430223712279984E-5 	 2.4533484756180564E-5 	 0.004853576135834438 	 5.3779587794357385E-5 	 0.004853576135834438 	 5.3779587794357385E-5 	 0.004853576135834438 	 5.3779587794357385E-5 	 0.004853576135834438 	 5.3779587794357385E-5 	 
0.7680000000000002 	 1.541752907904968E-5 	 2.5632840788707982E-5 	 1.541752907904968E-5 	 2.5632840788707982E-5 	 1.541752907904968E-5 	 2.5632840788707982E-5 	 1.541752907904968E-5 	 2.5632840788707982E-5 	 0.004134853846893807 	 4.796134113184351E-5 	 0.004134853846893807 	 4.796134113184351E-5 	 0.004134853846893807 	 4.796134113184351E-5 	 0.004134853846893807 	 4.796134113184351E-5 	 
0.7920000000000003 	 1.4331384967190718E-5 	 1.8345944195219817E-5 	 1.4331384967190718E-5 	 1.8345944195219817E-5 	 1.4331384967190718E-5 	 1.8345944195219817E-5 	 1.4331384967190718E-5 	 1.8345944195219817E-5 	 0.0035088509441026194 	 4.219100564684834E-5 	 0.0035088509441026194 	 4.219100564684834E-5 	 0.0035088509441026194 	 4.219100564684834E-5 	 0.0035088509441026194 	 4.219100564684834E-5 	 
0.8160000000000003 	 1.2888304807107218E-5 	 1.1969132256951943E-5 	 1.2888304807107218E-5 	 1.1969132256951943E-5 	 1.2888304807107218E-5 	 1.1969132256951943E-5 	 1.2888304807107218E-5 	 1.1969132256951943E-5 	 0.002963200014127314 	 3.622398334150498E-5 	 0.002963200014127314 	 3.622398334150498E-5 	 0.002963200014127314 	 3.622398334150498E-5 	 0.002963200014127314 	 3.622398334150498E-5 	 
0.8399999999999999 	 1.123115051787544E-5 	 9.280819138786626E-6 	 1.123115051787544E-5 	 9.280819138786626E-6 	 1.123115051787544E-5 	 9.280819138786626E-6 	 1.123115051787544E-5 	 9.280819138786626E-6 	 0.0025038716872441366 	 3.127812248604091E-5 	 0.0025038716872441366 	 3.127812248604091E-5 	 0.0025038716872441366 	 3.127812248604091E-5 	 0.0025038716872441366 	 3.127812248604091E-5 	 
0.8639999999999999 	 8.687865059461152E-6 	 7.568242409998878E-6 	 8.687865059461152E-6 	 7.568242409998878E-6 	 8.687865059461152E-6 	 7.568242409998878E-6 	 8.687865059461152E-6 	 7.568242409998878E-6 	 0.0021103230255903258 	 2.596564695943792E-5 	 0.0021103230255903258 	 2.596564695943792E-5 	 0.0021103230255903258 	 2.596564695943792E-5 	 0.0021103230255903258 	 2.596564695943792E-5 	 
0.8879999999999999 	 6.3495570645634694E-6 	 6.17442332024904E-6 	 6.3495570645634694E-6 	 6.17442332024904E-6 	 6.3495570645634694E-6 	 6.17442332024904E-6 	 6.3495570645634694E-6 	 6.17442332024904E-6 	 0.0017868263163495516 	 2.167454597913273E-5 	 0.0017868263163495516 	 2.167454597913273E-5 	 0.0017868263163495516 	 2.167454597913273E-5 	 0.0017868263163495516 	 2.167454597913273E-5 	 
0.9119999999999999 	 4.473234598850193E-6 	 5.286977441189751E-6 	 4.473234598850193E-6 	 5.286977441189751E-6 	 4.473234598850193E-6 	 5.286977441189751E-6 	 4.473234598850193E-6 	 5.286977441189751E-6 	 0.0015284032105964823 	 1.7771638198351736E-5 	 0.0015284032105964823 	 1.7771638198351736E-5 	 0.0015284032105964823 	 1.7771638198351736E-5 	 0.0015284032105964823 	 1.7771638198351736E-5 	 
0.9359999999999999 	 3.642510068700837E-6 	 4.501345341288691E-6 	 3.642510068700837E-6 	 4.501345341288691E-6 	 3.642510068700837E-6 	 4.501345341288691E-6 	 3.642510068700837E-6 	 4.501345341288691E-6 	 0.001328125166143691 	 1.5389414075079066E-5 	 0.001328125166143691 	 1.5389414075079066E-5 	 0.001328125166143691 	 1.5389414075079066E-5 	 0.001328125166143691 	 1.5389414075079066E-5 	 
0.96 	 2.8811072024290996E-6 	 3.938006615148002E-6 	 2.8811072024290996E-6 	 3.938006615148002E-6 	 2.8811072024290996E-6 	 3.938006615148002E-6 	 2.8811072024290996E-6 	 3.938006615148002E-6 	 0.0011718435811280826 	 1.3268389929064685E-5 	 0.0011718435811280826 	 1.3268389929064685E-5 	 0.0011718435811280826 	 1.3268389929064685E-5 	 0.0011718435811280826 	 1.3268389929064685E-5 	 
0.984 	 2.356762389474131E-6 	 3.521360529304477E-6 	 2.356762389474131E-6 	 3.521360529304477E-6 	 2.356762389474131E-6 	 3.521360529304477E-6 	 2.356762389474131E-6 	 3.521360529304477E-6 	 0.0010257466476221058 	 1.1395575539460285E-5 	 0.0010257466476221058 	 1.1395575539460285E-5 	 0.0010257466476221058 	 1.1395575539460285E-5 	 0.0010257466476221058 	 1.1395575539460285E-5 	 
1.008 	 1.8516824274069969E-6 	 2.9501480408195528E-6 	 1.8516824274069969E-6 	 2.9501480408195528E-6 	 1.8516824274069969E-6 	 2.9501480408195528E-6 	 1.8516824274069969E-6 	 2.9501480408195528E-6 	 9.341258374246877E-4 	 9.876632630608495E-6 	 9.341258374246877E-4 	 9.876632630608495E-6 	 9.341258374246877E-4 	 9.876632630608495E-6 	 9.341258374246877E-4 	 9.876632630608495E-6 	 
1.032 	 1.6547077118103066E-6 	 2.5807564811774305E-6 	 1.6547077118103066E-6 	 2.5807564811774305E-6 	 1.6547077118103066E-6 	 2.5807564811774305E-6 	 1.6547077118103066E-6 	 2.5807564811774305E-6 	 8.530529365556822E-4 	 8.917557664955597E-6 	 8.530529365556822E-4 	 8.917557664955597E-6 	 8.530529365556822E-4 	 8.917557664955597E-6 	 8.530529365556822E-4 	 8.917557664955597E-6 	 
1.056 	 1.588791175621851E-6 	 2.563711613740467E-6 	 1.588791175621851E-6 	 2.563711613740467E-6 	 1.588791175621851E-6 	 2.563711613740467E-6 	 1.588791175621851E-6 	 2.563711613740467E-6 	 7.747624881743113E-4 	 7.971675516037368E-6 	 7.747624881743113E-4 	 7.971675516037368E-6 	 7.747624881743113E-4 	 7.971675516037368E-6 	 7.747624881743113E-4 	 7.971675516037368E-6 	 
1.08 	 1.3603431206639883E-6 	 2.184361810724348E-6 	 1.3603431206639883E-6 	 2.184361810724348E-6 	 1.3603431206639883E-6 	 2.184361810724348E-6 	 1.3603431206639883E-6 	 2.184361810724348E-6 	 6.897666050115246E-4 	 6.866674286940852E-6 	 6.897666050115246E-4 	 6.866674286940852E-6 	 6.897666050115246E-4 	 6.866674286940852E-6 	 6.897666050115246E-4 	 6.866674286940852E-6 	 
1.104 	 1.2034728223897473E-6 	 1.9440309913124656E-6 	 1.2034728223897473E-6 	 1.9440309913124656E-6 	 1.2034728223897473E-6 	 1.9440309913124656E-6 	 1.2034728223897473E-6 	 1.9440309913124656E-6 	 6.253140157664334E-4 	 6.095840032621215E-6 	 6.253140157664334E-4 	 6.095840032621215E-6 	 6.253140157664334E-4 	 6.095840032621215E-6 	 6.253140157664334E-4 	 6.095840032621215E-6 	 
1.1280000000000001 	 1.117642089778788E-6 	 1.7410717151350356E-6 	 1.117642089778788E-6 	 1.7410717151350356E-6 	 1.117642089778788E-6 	 1.7410717151350356E-6 	 1.117642089778788E-6 	 1.7410717151350356E-6 	 5.595284364472447E-4 	 5.500267246911833E-6 	 5.595284364472447E-4 	 5.500267246911833E-6 	 5.595284364472447E-4 	 5.500267246911833E-6 	 5.595284364472447E-4 	 5.500267246911833E-6 	 
1.1520000000000001 	 1.0302012086784218E-6 	 1.6051126063098964E-6 	 1.0302012086784218E-6 	 1.6051126063098964E-6 	 1.0302012086784218E-6 	 1.6051126063098964E-6 	 1.0302012086784218E-6 	 1.6051126063098964E-6 	 4.912108016470155E-4 	 4.87017017037024E-6 	 4.912108016470155E-4 	 4.87017017037024E-6 	 4.912108016470155E-4 	 4.87017017037024E-6 	 4.912108016470155E-4 	 4.87017017037024E-6 	 
1.1760000000000002 	 9.034565974903074E-7 	 1.4228988790225423E-6 	 9.034565974903074E-7 	 1.4228988790225423E-6 	 9.034565974903074E-7 	 1.4228988790225423E-6 	 9.034565974903074E-7 	 1.4228988790225423E-6 	 4.274674371443014E-4 	 4.185947904803245E-6 	 4.274674371443014E-4 	 4.185947904803245E-6 	 4.274674371443014E-4 	 4.185947904803245E-6 	 4.274674371443014E-4 	 4.185947904803245E-6 	 
1.2000000000000002 	 7.685141284554296E-7 	 1.2004962434613717E-6 	 7.685141284554296E-7 	 1.2004962434613717E-6 	 7.685141284554296E-7 	 1.2004962434613717E-6 	 7.685141284554296E-7 	 1.2004962434613717E-6 	 3.6647543048847007E-4 	 3.5607251175772326E-6 	 3.6647543048847007E-4 	 3.5607251175772326E-6 	 3.6647543048847007E-4 	 3.5607251175772326E-6 	 3.6647543048847007E-4 	 3.5607251175772326E-6 	 
1.2240000000000002 	 6.753710520372225E-7 	 1.0448198025628794E-6 	 6.753710520372225E-7 	 1.0448198025628794E-6 	 6.753710520372225E-7 	 1.0448198025628794E-6 	 6.753710520372225E-7 	 1.0448198025628794E-6 	 3.196189621785706E-4 	 3.123563516980154E-6 	 3.196189621785706E-4 	 3.123563516980154E-6 	 3.196189621785706E-4 	 3.123563516980154E-6 	 3.196189621785706E-4 	 3.123563516980154E-6 	 
1.2480000000000002 	 5.935553113658303E-7 	 9.102351609453715E-7 	 5.935553113658303E-7 	 9.102351609453715E-7 	 5.935553113658303E-7 	 9.102351609453715E-7 	 5.935553113658303E-7 	 9.102351609453715E-7 	 2.668182089952576E-4 	 2.6918138317702266E-6 	 2.668182089952576E-4 	 2.6918138317702266E-6 	 2.668182089952576E-4 	 2.6918138317702266E-6 	 2.668182089952576E-4 	 2.6918138317702266E-6 	 
1.2720000000000002 	 5.074583930915663E-7 	 7.890749712634216E-7 	 5.074583930915663E-7 	 7.890749712634216E-7 	 5.074583930915663E-7 	 7.890749712634216E-7 	 5.074583930915663E-7 	 7.890749712634216E-7 	 2.2811080120975803E-4 	 2.264047199623863E-6 	 2.2811080120975803E-4 	 2.264047199623863E-6 	 2.2811080120975803E-4 	 2.264047199623863E-6 	 2.2811080120975803E-4 	 2.264047199623863E-6 	 
1.2960000000000003 	 4.196110473934308E-7 	 6.546108519617427E-7 	 4.196110473934308E-7 	 6.546108519617427E-7 	 4.196110473934308E-7 	 6.546108519617427E-7 	 4.196110473934308E-7 	 6.546108519617427E-7 	 1.9251790199507264E-4 	 1.960515497889734E-6 	 1.9251790199507264E-4 	 1.960515497889734E-6 	 1.9251790199507264E-4 	 1.960515497889734E-6 	 1.9251790199507264E-4 	 1.960515497889734E-6 	 
1.3200000000000003 	 3.617972454755001E-7 	 5.904720270206666E-7 	 3.617972454755001E-7 	 5.904720270206666E-7 	 3.617972454755001E-7 	 5.904720270206666E-7 	 3.617972454755001E-7 	 5.904720270206666E-7 	 1.6830816722328336E-4 	 1.6602820988713221E-6 	 1.6830816722328336E-4 	 1.6602820988713221E-6 	 1.6830816722328336E-4 	 1.6602820988713221E-6 	 1.6830816722328336E-4 	 1.6602820988713221E-6 	 
1.3440000000000003 	 2.8602349052632194E-7 	 4.437809677248683E-7 	 2.8602349052632194E-7 	 4.437809677248683E-7 	 2.8602349052632194E-7 	 4.437809677248683E-7 	 2.8602349052632194E-7 	 4.437809677248683E-7 	 1.4717553871901437E-4 	 1.4043504941880873E-6 	 1.4717553871901437E-4 	 1.4043504941880873E-6 	 1.4717553871901437E-4 	 1.4043504941880873E-6 	 1.4717553871901437E-4 	 1.4043504941880873E-6 	 
1.3680000000000003 	 2.59869793059556E-7 	 4.182099773276676E-7 	 2.59869793059556E-7 	 4.182099773276676E-7 	 2.59869793059556E-7 	 4.182099773276676E-7 	 2.59869793059556E-7 	 4.182099773276676E-7 	 1.3196277681990688E-4 	 1.2660731651232266E-6 	 1.3196277681990688E-4 	 1.2660731651232266E-6 	 1.3196277681990688E-4 	 1.2660731651232266E-6 	 1.3196277681990688E-4 	 1.2660731651232266E-6 	 
1.3920000000000003 	 2.342267015615245E-7 	 3.5834189178658687E-7 	 2.342267015615245E-7 	 3.5834189178658687E-7 	 2.342267015615245E-7 	 3.5834189178658687E-7 	 2.342267015615245E-7 	 3.5834189178658687E-7 	 1.1489512509269986E-4 	 1.1139095259985603E-6 	 1.1489512509269986E-4 	 1.1139095259985603E-6 	 1.1489512509269986E-4 	 1.1139095259985603E-6 	 1.1489512509269986E-4 	 1.1139095259985603E-6 	 
1.4160000000000004 	 2.1937686687816965E-7 	 3.264377373618768E-7 	 2.1937686687816965E-7 	 3.264377373618768E-7 	 2.1937686687816965E-7 	 3.264377373618768E-7 	 2.1937686687816965E-7 	 3.264377373618768E-7 	 9.799761764613704E-5 	 1.0085258082307112E-6 	 9.799761764613704E-5 	 1.0085258082307112E-6 	 9.799761764613704E-5 	 1.0085258082307112E-6 	 9.799761764613704E-5 	 1.0085258082307112E-6 	 
1.4400000000000004 	 1.8893989162623472E-7 	 2.9611799736230825E-7 	 1.8893989162623472E-7 	 2.9611799736230825E-7 	 1.8893989162623472E-7 	 2.9611799736230825E-7 	 1.8893989162623472E-7 	 2.9611799736230825E-7 	 7.926142038423935E-5 	 8.526200993551504E-7 	 7.926142038423935E-5 	 8.526200993551504E-7 	 7.926142038423935E-5 	 8.526200993551504E-7 	 7.926142038423935E-5 	 8.526200993551504E-7 	 
1.4640000000000004 	 1.4897695122609825E-7 	 2.2966654301751357E-7 	 1.4897695122609825E-7 	 2.2966654301751357E-7 	 1.4897695122609825E-7 	 2.2966654301751357E-7 	 1.4897695122609825E-7 	 2.2966654301751357E-7 	 6.335747540262202E-5 	 6.976105184794647E-7 	 6.335747540262202E-5 	 6.976105184794647E-7 	 6.335747540262202E-5 	 6.976105184794647E-7 	 6.335747540262202E-5 	 6.976105184794647E-7 	 
1.4880000000000004 	 1.2585761228235217E-7 	 1.9668937144367717E-7 	 1.2585761228235217E-7 	 1.9668937144367717E-7 	 1.2585761228235217E-7 	 1.9668937144367717E-7 	 1.2585761228235217E-7 	 1.9668937144367717E-7 	 5.214123899448605E-5 	 6.033744924921901E-7 	 5.214123899448605E-5 	 6.033744924921901E-7 	 5.214123899448605E-5 	 6.033744924921901E-7 	 5.214123899448605E-5 	 6.033744924921901E-7 	 
1.5120000000000005 	 1.0182333092920843E-7 	 1.6851968121746725E-7 	 1.0182333092920843E-7 	 1.6851968121746725E-7 	 1.0182333092920843E-7 	 1.6851968121746725E-7 	 1.0182333092920843E-7 	 1.6851968121746725E-7 	 4.113862828020367E-5 	 4.749587819918682E-7 	 4.113862828020367E-5 	 4.749587819918682E-7 	 4.113862828020367E-5 	 4.749587819918682E-7 	 4.113862828020367E-5 	 4.749587819918682E-7 	 
1.5360000000000005 	 7.333119680445258E-8 	 1.2646728078402405E-7 	 7.333119680445258E-8 	 1.2646728078402405E-7 	 7.333119680445258E-8 	 1.2646728078402405E-7 	 7.333119680445258E-8 	 1.2646728078402405E-7 	 3.6642764945034716E-5 	 4.166959074548461E-7 	 3.6642764945034716E-5 	 4.166959074548461E-7 	 3.6642764945034716E-5 	 4.166959074548461E-7 	 3.6642764945034716E-5 	 4.166959074548461E-7 	 
1.5600000000000005 	 5.979993893844615E-8 	 1.0529546035679908E-7 	 5.979993893844615E-8 	 1.0529546035679908E-7 	 5.979993893844615E-8 	 1.0529546035679908E-7 	 5.979993893844615E-8 	 1.0529546035679908E-7 	 3.206899350970235E-5 	 3.6762987069201705E-7 	 3.206899350970235E-5 	 3.6762987069201705E-7 	 3.206899350970235E-5 	 3.6762987069201705E-7 	 3.206899350970235E-5 	 3.6762987069201705E-7 	 
1.5840000000000005 	 5.813454532814284E-8 	 1.0690296666161186E-7 	 5.813454532814284E-8 	 1.0690296666161186E-7 	 5.813454532814284E-8 	 1.0690296666161186E-7 	 5.813454532814284E-8 	 1.0690296666161186E-7 	 3.24523775814079E-5 	 3.3604464888375173E-7 	 3.24523775814079E-5 	 3.3604464888375173E-7 	 3.24523775814079E-5 	 3.3604464888375173E-7 	 3.24523775814079E-5 	 3.3604464888375173E-7 	 
1.6080000000000005 	 5.051769822425252E-8 	 8.641780737575323E-8 	 5.051769822425252E-8 	 8.641780737575323E-8 	 5.051769822425252E-8 	 8.641780737575323E-8 	 5.051769822425252E-8 	 8.641780737575323E-8 	 3.1405176678248225E-5 	 3.14114200864051E-7 	 3.1405176678248225E-5 	 3.14114200864051E-7 	 3.1405176678248225E-5 	 3.14114200864051E-7 	 3.1405176678248225E-5 	 3.14114200864051E-7 	 
1.6319999999999997 	 5.144254868692266E-8 	 9.723742885853227E-8 	 5.144254868692266E-8 	 9.723742885853227E-8 	 5.144254868692266E-8 	 9.723742885853227E-8 	 5.144254868692266E-8 	 9.723742885853227E-8 	 3.098709398147202E-5 	 2.759178176795091E-7 	 3.098709398147202E-5 	 2.759178176795091E-7 	 3.098709398147202E-5 	 2.759178176795091E-7 	 3.098709398147202E-5 	 2.759178176795091E-7 	 
1.6559999999999997 	 4.3378655784724165E-8 	 7.416771876016733E-8 	 4.3378655784724165E-8 	 7.416771876016733E-8 	 4.3378655784724165E-8 	 7.416771876016733E-8 	 4.3378655784724165E-8 	 7.416771876016733E-8 	 3.078458560979514E-5 	 2.61832010571185E-7 	 3.078458560979514E-5 	 2.61832010571185E-7 	 3.078458560979514E-5 	 2.61832010571185E-7 	 3.078458560979514E-5 	 2.61832010571185E-7 	 
1.6799999999999997 	 5.154083787333029E-8 	 7.846820363763659E-8 	 5.154083787333029E-8 	 7.846820363763659E-8 	 5.154083787333029E-8 	 7.846820363763659E-8 	 5.154083787333029E-8 	 7.846820363763659E-8 	 2.8784093292605406E-5 	 2.561956027258366E-7 	 2.8784093292605406E-5 	 2.561956027258366E-7 	 2.8784093292605406E-5 	 2.561956027258366E-7 	 2.8784093292605406E-5 	 2.561956027258366E-7 	 
1.7039999999999997 	 5.65266748628891E-8 	 8.797611157720654E-8 	 5.65266748628891E-8 	 8.797611157720654E-8 	 5.65266748628891E-8 	 8.797611157720654E-8 	 5.65266748628891E-8 	 8.797611157720654E-8 	 2.6044803739649613E-5 	 2.3283038558541866E-7 	 2.6044803739649613E-5 	 2.3283038558541866E-7 	 2.6044803739649613E-5 	 2.3283038558541866E-7 	 2.6044803739649613E-5 	 2.3283038558541866E-7 	 
1.7279999999999998 	 4.6855472018804916E-8 	 7.314082494278493E-8 	 4.6855472018804916E-8 	 7.314082494278493E-8 	 4.6855472018804916E-8 	 7.314082494278493E-8 	 4.6855472018804916E-8 	 7.314082494278493E-8 	 2.1830434248025613E-5 	 1.949347159476274E-7 	 2.1830434248025613E-5 	 1.949347159476274E-7 	 2.1830434248025613E-5 	 1.949347159476274E-7 	 2.1830434248025613E-5 	 1.949347159476274E-7 	 
1.7519999999999998 	 3.9084394176697334E-8 	 6.391783931619685E-8 	 3.9084394176697334E-8 	 6.391783931619685E-8 	 3.9084394176697334E-8 	 6.391783931619685E-8 	 3.9084394176697334E-8 	 6.391783931619685E-8 	 1.9844074831327375E-5 	 1.6794907104375127E-7 	 1.9844074831327375E-5 	 1.6794907104375127E-7 	 1.9844074831327375E-5 	 1.6794907104375127E-7 	 1.9844074831327375E-5 	 1.6794907104375127E-7 	 
1.7759999999999998 	 3.141559273053016E-8 	 4.7283043049533426E-8 	 3.141559273053016E-8 	 4.7283043049533426E-8 	 3.141559273053016E-8 	 4.7283043049533426E-8 	 3.141559273053016E-8 	 4.7283043049533426E-8 	 1.683478137156133E-5 	 1.3960675968535616E-7 	 1.683478137156133E-5 	 1.3960675968535616E-7 	 1.683478137156133E-5 	 1.3960675968535616E-7 	 1.683478137156133E-5 	 1.3960675968535616E-7 	 
1.7999999999999998 	 3.136521769902563E-8 	 4.9085847340174785E-8 	 3.136521769902563E-8 	 4.9085847340174785E-8 	 3.136521769902563E-8 	 4.9085847340174785E-8 	 3.136521769902563E-8 	 4.9085847340174785E-8 	 1.4855167697146404E-5 	 1.1838522402082652E-7 	 1.4855167697146404E-5 	 1.1838522402082652E-7 	 1.4855167697146404E-5 	 1.1838522402082652E-7 	 1.4855167697146404E-5 	 1.1838522402082652E-7 	 
1.8239999999999998 	 2.794648610016534E-8 	 3.957398305048961E-8 	 2.794648610016534E-8 	 3.957398305048961E-8 	 2.794648610016534E-8 	 3.957398305048961E-8 	 2.794648610016534E-8 	 3.957398305048961E-8 	 1.2536870133512301E-5 	 1.0780857260615497E-7 	 1.2536870133512301E-5 	 1.0780857260615497E-7 	 1.2536870133512301E-5 	 1.0780857260615497E-7 	 1.2536870133512301E-5 	 1.0780857260615497E-7 	 
1.8479999999999999 	 2.4771846201383105E-8 	 3.74728409353809E-8 	 2.4771846201383105E-8 	 3.74728409353809E-8 	 2.4771846201383105E-8 	 3.74728409353809E-8 	 2.4771846201383105E-8 	 3.74728409353809E-8 	 1.0066685440139128E-5 	 8.32368822068504E-8 	 1.0066685440139128E-5 	 8.32368822068504E-8 	 1.0066685440139128E-5 	 8.32368822068504E-8 	 1.0066685440139128E-5 	 8.32368822068504E-8 	 
1.8719999999999999 	 1.7881942624917022E-8 	 2.90802566893128E-8 	 1.7881942624917022E-8 	 2.90802566893128E-8 	 1.7881942624917022E-8 	 2.90802566893128E-8 	 1.7881942624917022E-8 	 2.90802566893128E-8 	 8.881009607686291E-6 	 6.375974419723883E-8 	 8.881009607686291E-6 	 6.375974419723883E-8 	 8.881009607686291E-6 	 6.375974419723883E-8 	 8.881009607686291E-6 	 6.375974419723883E-8 	 
1.896 	 1.358220257994385E-8 	 2.1469635204031105E-8 	 1.358220257994385E-8 	 2.1469635204031105E-8 	 1.358220257994385E-8 	 2.1469635204031105E-8 	 1.358220257994385E-8 	 2.1469635204031105E-8 	 8.053029221565072E-6 	 5.5834453685571445E-8 	 8.053029221565072E-6 	 5.5834453685571445E-8 	 8.053029221565072E-6 	 5.5834453685571445E-8 	 8.053029221565072E-6 	 5.5834453685571445E-8 	 
1.92 	 1.3727851009673935E-8 	 1.9762915905478193E-8 	 1.3727851009673935E-8 	 1.9762915905478193E-8 	 1.3727851009673935E-8 	 1.9762915905478193E-8 	 1.3727851009673935E-8 	 1.9762915905478193E-8 	 7.931279244266222E-6 	 5.045346327033489E-8 	 7.931279244266222E-6 	 5.045346327033489E-8 	 7.931279244266222E-6 	 5.045346327033489E-8 	 7.931279244266222E-6 	 5.045346327033489E-8 	 
1.944 	 1.2410027450764568E-8 	 1.7273552291681194E-8 	 1.2410027450764568E-8 	 1.7273552291681194E-8 	 1.2410027450764568E-8 	 1.7273552291681194E-8 	 1.2410027450764568E-8 	 1.7273552291681194E-8 	 6.389849598091478E-6 	 4.4842020745036666E-8 	 6.389849598091478E-6 	 4.4842020745036666E-8 	 6.389849598091478E-6 	 4.4842020745036666E-8 	 6.389849598091478E-6 	 4.4842020745036666E-8 	 
1.968 	 1.2311562684907879E-8 	 1.6882870269092697E-8 	 1.2311562684907879E-8 	 1.6882870269092697E-8 	 1.2311562684907879E-8 	 1.6882870269092697E-8 	 1.2311562684907879E-8 	 1.6882870269092697E-8 	 5.185309481295288E-6 	 3.559547950570893E-8 	 5.185309481295288E-6 	 3.559547950570893E-8 	 5.185309481295288E-6 	 3.559547950570893E-8 	 5.185309481295288E-6 	 3.559547950570893E-8 	 
1.992 	 1.1287163052427153E-8 	 1.1323719015298926E-8 	 1.1287163052427153E-8 	 1.1323719015298926E-8 	 1.1287163052427153E-8 	 1.1323719015298926E-8 	 1.1287163052427153E-8 	 1.1323719015298926E-8 	 3.346793516482841E-6 	 3.3140691355461767E-8 	 3.346793516482841E-6 	 3.3140691355461767E-8 	 3.346793516482841E-6 	 3.3140691355461767E-8 	 3.346793516482841E-6 	 3.3140691355461767E-8 	 
2.016 	 1.0750382041162595E-8 	 1.4637240115359534E-8 	 1.0750382041162595E-8 	 1.4637240115359534E-8 	 1.0750382041162595E-8 	 1.4637240115359534E-8 	 1.0750382041162595E-8 	 1.4637240115359534E-8 	 1.5636900901779972E-6 	 1.9311421857734046E-8 	 1.5636900901779972E-6 	 1.9311421857734046E-8 	 1.5636900901779972E-6 	 1.9311421857734046E-8 	 1.5636900901779972E-6 	 1.9311421857734046E-8 	 
2.04 	 3.714528108260724E-9 	 5.852951460759961E-9 	 3.714528108260724E-9 	 5.852951460759961E-9 	 3.714528108260724E-9 	 5.852951460759961E-9 	 3.714528108260724E-9 	 5.852951460759961E-9 	 2.81706214386376E-7 	 4.289104566986104E-9 	 2.81706214386376E-7 	 4.289104566986104E-9 	 2.81706214386376E-7 	 4.289104566986104E-9 	 2.81706214386376E-7 	 4.289104566986104E-9 	 
2.064 	 0.0 	 0.0 	 0.0 	 0.0 	 0.0 	 0.0 	 0.0 	 0.0 	 0.0 	 0.0 	 0.0 	 0.0 	 0.0 	 0.0 	 0.0 	 0.0 	 
2.088 	 0.0 	 0.0 	 0.0 	 0.0 	 0.0 	 0.0 	 0.0 	 0.0 	 0.0 	 0.0 	 0.0 	 0.0 	 0.0 	 0.0 	 0.0 	 0.0 	 
2.112 	 0.0 	 0.0 	 0.0 	 0.0 	 0.0 	 0.0 	 0.0 	 0.0 	 0.0 	 0.0 	 0.0 	 0.0 	 0.0 	 0.0 	 0.0 	 0.0 	 
2.136 	 0.0 	 0.0 	 0.0 	 0.0 	 0.0 	 0.0 	 0.0 	 0.0 	 0.0 	 0.0 	 0.0 	 0.0 	 0.0 	 0.0 	 0.0 	 0.0 	 
2.16 	 0.0 	 0.0 	 0.0 	 0.0 	 0.0 	 0.0 	 0.0 	 0.0 	 0.0 	 0.0 	 0.0 	 0.0 	 0.0 	 0.0 	 0.0 	 0.0 	 
2.184 	 0.0 	 0.0 	 0.0 	 0.0 	 0.0 	 0.0 	 0.0 	 0.0 	 0.0 	 0.0 	 0.0 	 0.0 	 0.0 	 0.0 	 0.0 	 0.0 	 
2.208 	 0.0 	 0.0 	 0.0 	 0.0 	 0.0 	 0.0 	 0.0 	 0.0 	 0.0 	 0.0 	 0.0 	 0.0 	 0.0 	 0.0 	 0.0 	 0.0 	 
2.232 	 0.0 	 0.0 	 0.0 	 0.0 	 0.0 	 0.0 	 0.0 	 0.0 	 0.0 	 0.0 	 0.0 	 0.0 	 0.0 	 0.0 	 0.0 	 0.0 	 
2.2560000000000002 	 0.0 	 0.0 	 0.0 	 0.0 	 0.0 	 0.0 	 0.0 	 0.0 	 0.0 	 0.0 	 0.0 	 0.0 	 0.0 	 0.0 	 0.0 	 0.0 	 
2.2800000000000002 	 0.0 	 0.0 	 0.0 	 0.0 	 0.0 	 0.0 	 0.0 	 0.0 	 0.0 	 0.0 	 0.0 	 0.0 	 0.0 	 0.0 	 0.0 	 0.0 	 
2.3040000000000003 	 0.0 	 0.0 	 0.0 	 0.0 	 0.0 	 0.0 	 0.0 	 0.0 	 0.0 	 0.0 	 0.0 	 0.0 	 0.0 	 0.0 	 0.0 	 0.0 	 
2.3280000000000003 	 0.0 	 0.0 	 0.0 	 0.0 	 0.0 	 0.0 	 0.0 	 0.0 	 0.0 	 0.0 	 0.0 	 0.0 	 0.0 	 0.0 	 0.0 	 0.0 	 
2.3520000000000003 	 0.0 	 0.0 	 0.0 	 0.0 	 0.0 	 0.0 	 0.0 	 0.0 	 0.0 	 0.0 	 0.0 	 0.0 	 0.0 	 0.0 	 0.0 	 0.0 	 
2.3760000000000003 	 0.0 	 0.0 	 0.0 	 0.0 	 0.0 	 0.0 	 0.0 	 0.0 	 0.0 	 0.0 	 0.0 	 0.0 	 0.0 	 0.0 	 0.0 	 0.0 	 
2.4000000000000004 	 0.0 	 0.0 	 0.0 	 0.0 	 0.0 	 0.0 	 0.0 	 0.0 	 0.0 	 0.0 	 0.0 	 0.0 	 0.0 	 0.0 	 0.0 	 0.0 	 
2.4240000000000004 	 0.0 	 0.0 	 0.0 	 0.0 	 0.0 	 0.0 	 0.0 	 0.0 	 0.0 	 0.0 	 0.0 	 0.0 	 0.0 	 0.0 	 0.0 	 0.0 	 
2.4480000000000004 	 0.0 	 0.0 	 0.0 	 0.0 	 0.0 	 0.0 	 0.0 	 0.0 	 0.0 	 0.0 	 0.0 	 0.0 	 0.0 	 0.0 	 0.0 	 0.0 	 
2.4720000000000004 	 0.0 	 0.0 	 0.0 	 0.0 	 0.0 	 0.0 	 0.0 	 0.0 	 0.0 	 0.0 	 0.0 	 0.0 	 0.0 	 0.0 	 0.0 	 0.0 	 
2.4960000000000004 	 0.0 	 0.0 	 0.0 	 0.0 	 0.0 	 0.0 	 0.0 	 0.0 	 0.0 	 0.0 	 0.0 	 0.0 	 0.0 	 0.0 	 0.0 	 0.0 	 
2.5200000000000005 	 0.0 	 0.0 	 0.0 	 0.0 	 0.0 	 0.0 	 0.0 	 0.0 	 0.0 	 0.0 	 0.0 	 0.0 	 0.0 	 0.0 	 0.0 	 0.0 	 
2.5440000000000005 	 0.0 	 0.0 	 0.0 	 0.0 	 0.0 	 0.0 	 0.0 	 0.0 	 0.0 	 0.0 	 0.0 	 0.0 	 0.0 	 0.0 	 0.0 	 0.0 	 
2.5680000000000005 	 0.0 	 0.0 	 0.0 	 0.0 	 0.0 	 0.0 	 0.0 	 0.0 	 0.0 	 0.0 	 0.0 	 0.0 	 0.0 	 0.0 	 0.0 	 0.0 	 
2.5920000000000005 	 0.0 	 0.0 	 0.0 	 0.0 	 0.0 	 0.0 	 0.0 	 0.0 	 0.0 	 0.0 	 0.0 	 0.0 	 0.0 	 0.0 	 0.0 	 0.0 	 
2.6160000000000005 	 0.0 	 0.0 	 0.0 	 0.0 	 0.0 	 0.0 	 0.0 	 0.0 	 0.0 	 0.0 	 0.0 	 0.0 	 0.0 	 0.0 	 0.0 	 0.0 	 
2.6399999999999997 	 0.0 	 0.0 	 0.0 	 0.0 	 0.0 	 0.0 	 0.0 	 0.0 	 0.0 	 0.0 	 0.0 	 0.0 	 0.0 	 0.0 	 0.0 	 0.0 	 
2.6639999999999997 	 0.0 	 0.0 	 0.0 	 0.0 	 0.0 	 0.0 	 0.0 	 0.0 	 0.0 	 0.0 	 0.0 	 0.0 	 0.0 	 0.0 	 0.0 	 0.0 	 
2.6879999999999997 	 0.0 	 0.0 	 0.0 	 0.0 	 0.0 	 0.0 	 0.0 	 0.0 	 0.0 	 0.0 	 0.0 	 0.0 	 0.0 	 0.0 	 0.0 	 0.0 	 
2.7119999999999997 	 0.0 	 0.0 	 0.0 	 0.0 	 0.0 	 0.0 	 0.0 	 0.0 	 0.0 	 0.0 	 0.0 	 0.0 	 0.0 	 0.0 	 0.0 	 0.0 	 
2.7359999999999998 	 0.0 	 0.0 	 0.0 	 0.0 	 0.0 	 0.0 	 0.0 	 0.0 	 0.0 	 0.0 	 0.0 	 0.0 	 0.0 	 0.0 	 0.0 	 0.0 	 
2.76 	 0.0 	 0.0 	 0.0 	 0.0 	 0.0 	 0.0 	 0.0 	 0.0 	 0.0 	 0.0 	 0.0 	 0.0 	 0.0 	 0.0 	 0.0 	 0.0 	 
2.784 	 0.0 	 0.0 	 0.0 	 0.0 	 0.0 	 0.0 	 0.0 	 0.0 	 0.0 	 0.0 	 0.0 	 0.0 	 0.0 	 0.0 	 0.0 	 0.0 	 
2.808 	 0.0 	 0.0 	 0.0 	 0.0 	 0.0 	 0.0 	 0.0 	 0.0 	 0.0 	 0.0 	 0.0 	 0.0 	 0.0 	 0.0 	 0.0 	 0.0 	 
2.832 	 0.0 	 0.0 	 0.0 	 0.0 	 0.0 	 0.0 	 0.0 	 0.0 	 0.0 	 0.0 	 0.0 	 0.0 	 0.0 	 0.0 	 0.0 	 0.0 	 
2.856 	 0.0 	 0.0 	 0.0 	 0.0 	 0.0 	 0.0 	 0.0 	 0.0 	 0.0 	 0.0 	 0.0 	 0.0 	 0.0 	 0.0 	 0.0 	 0.0 	 
2.88 	 0.0 	 0.0 	 0.0 	 0.0 	 0.0 	 0.0 	 0.0 	 0.0 	 0.0 	 0.0 	 0.0 	 0.0 	 0.0 	 0.0 	 0.0 	 0.0 	 
2.904 	 0.0 	 0.0 	 0.0 	 0.0 	 0.0 	 0.0 	 0.0 	 0.0 	 0.0 	 0.0 	 0.0 	 0.0 	 0.0 	 0.0 	 0.0 	 0.0 	 
2.928 	 0.0 	 0.0 	 0.0 	 0.0 	 0.0 	 0.0 	 0.0 	 0.0 	 0.0 	 0.0 	 0.0 	 0.0 	 0.0 	 0.0 	 0.0 	 0.0 	 
2.952 	 0.0 	 0.0 	 0.0 	 0.0 	 0.0 	 0.0 	 0.0 	 0.0 	 0.0 	 0.0 	 0.0 	 0.0 	 0.0 	 0.0 	 0.0 	 0.0 	 
2.976 	 0.0 	 0.0 	 0.0 	 0.0 	 0.0 	 0.0 	 0.0 	 0.0 	 0.0 	 0.0 	 0.0 	 0.0 	 0.0 	 0.0 	 0.0 	 0.0 	 
