-3.0 	 1.1860219964505657E-5 	 2.412198857114617E-6 	 3.8145911267618884E-6 	 1.2796687895121093E-5 	 1.1860219964505657E-5 	 2.412198857114617E-6 	 3.8145911267618884E-6 	 1.2796687895121093E-5 	 1.1860219964505657E-5 	 2.412198857114617E-6 	 3.8145911267618884E-6 	 1.2796687895121093E-5 	 1.1860219964505657E-5 	 2.412198857114617E-6 	 3.8145911267618884E-6 	 1.2796687895121093E-5 	 
-2.976 	 7.5069167942400074E-6 	 6.235645432435043E-6 	 4.905480345194732E-6 	 6.980589732456208E-6 	 7.5069167942400074E-6 	 6.235645432435043E-6 	 4.905480345194732E-6 	 6.980589732456208E-6 	 7.5069167942400074E-6 	 6.235645432435043E-6 	 4.905480345194732E-6 	 6.980589732456208E-6 	 7.5069167942400074E-6 	 6.235645432435043E-6 	 4.905480345194732E-6 	 6.980589732456208E-6 	 
-2.952 	 5.72579170671178E-6 	 4.042142842203819E-6 	 2.215335376500106E-6 	 4.460766072591402E-6 	 5.72579170671178E-6 	 4.042142842203819E-6 	 2.215335376500106E-6 	 4.460766072591402E-6 	 5.72579170671178E-6 	 4.042142842203819E-6 	 2.215335376500106E-6 	 4.460766072591402E-6 	 5.72579170671178E-6 	 4.042142842203819E-6 	 2.215335376500106E-6 	 4.460766072591402E-6 	 
-2.928 	 4.011143342478995E-6 	 1.1986561690212866E-6 	 2.4749187771926535E-6 	 3.3125430523558796E-6 	 4.011143342478995E-6 	 1.1986561690212866E-6 	 2.4749187771926535E-6 	 3.3125430523558796E-6 	 4.011143342478995E-6 	 1.1986561690212866E-6 	 2.4749187771926535E-6 	 3.3125430523558796E-6 	 4.011143342478995E-6 	 1.1986561690212866E-6 	 2.4749187771926535E-6 	 3.3125430523558796E-6 	 
-2.904 	 2.735840244833717E-6 	 7.762707801980867E-7 	 4.5721150994490186E-6 	 2.142952417653131E-6 	 2.735840244833717E-6 	 7.762707801980867E-7 	 4.5721150994490186E-6 	 2.142952417653131E-6 	 2.735840244833717E-6 	 7.762707801980867E-7 	 4.5721150994490186E-6 	 2.142952417653131E-6 	 2.735840244833717E-6 	 7.762707801980867E-7 	 4.5721150994490186E-6 	 2.142952417653131E-6 	 
-2.88 	 2.823004407189808E-6 	 5.792726106864417E-6 	 1.397000673051276E-6 	 1.5227935339185058E-6 	 2.823004407189808E-6 	 5.792726106864417E-6 	 1.397000673051276E-6 	 1.5227935339185058E-6 	 2.823004407189808E-6 	 5.792726106864417E-6 	 1.397000673051276E-6 	 1.5227935339185058E-6 	 2.823004407189808E-6 	 5.792726106864417E-6 	 1.397000673051276E-6 	 1.5227935339185058E-6 	 
-2.856 	 4.961991548442633E-6 	 9.00728954558943E-6 	 2.0513953180338702E-7 	 3.5288435799318042E-6 	 4.961991548442633E-6 	 9.00728954558943E-6 	 2.0513953180338702E-7 	 3.5288435799318042E-6 	 4.961991548442633E-6 	 9.00728954558943E-6 	 2.0513953180338702E-7 	 3.5288435799318042E-6 	 4.961991548442633E-6 	 9.00728954558943E-6 	 2.0513953180338702E-7 	 3.5288435799318042E-6 	 
-2.832 	 7.56206274236296E-6 	 9.67366359095551E-6 	 2.721054616596525E-7 	 6.711260382789958E-6 	 7.56206274236296E-6 	 9.67366359095551E-6 	 2.721054616596525E-7 	 6.711260382789958E-6 	 7.56206274236296E-6 	 9.67366359095551E-6 	 2.721054616596525E-7 	 6.711260382789958E-6 	 7.56206274236296E-6 	 9.67366359095551E-6 	 2.721054616596525E-7 	 6.711260382789958E-6 	 
-2.808 	 1.0230167070666587E-5 	 1.976851700240581E-5 	 4.172697834912306E-7 	 9.731182863375506E-6 	 1.0230167070666587E-5 	 1.976851700240581E-5 	 4.172697834912306E-7 	 9.731182863375506E-6 	 1.0230167070666587E-5 	 1.976851700240581E-5 	 4.172697834912306E-7 	 9.731182863375506E-6 	 1.0230167070666587E-5 	 1.976851700240581E-5 	 4.172697834912306E-7 	 9.731182863375506E-6 	 
-2.784 	 1.5634466527029684E-5 	 2.13045386406443E-5 	 5.923974917232714E-7 	 1.522864248516787E-5 	 1.5634466527029684E-5 	 2.13045386406443E-5 	 5.923974917232714E-7 	 1.522864248516787E-5 	 1.5634466527029684E-5 	 2.13045386406443E-5 	 5.923974917232714E-7 	 1.522864248516787E-5 	 1.5634466527029684E-5 	 2.13045386406443E-5 	 5.923974917232714E-7 	 1.522864248516787E-5 	 
-2.76 	 1.7568207884771943E-5 	 1.4383709779604128E-5 	 9.203412143564896E-7 	 1.788920159415585E-5 	 1.7568207884771943E-5 	 1.4383709779604128E-5 	 9.203412143564896E-7 	 1.788920159415585E-5 	 1.7568207884771943E-5 	 1.4383709779604128E-5 	 9.203412143564896E-7 	 1.788920159415585E-5 	 1.7568207884771943E-5 	 1.4383709779604128E-5 	 9.203412143564896E-7 	 1.788920159415585E-5 	 
-2.7359999999999998 	 1.6610564483138287E-5 	 1.5996103712932774E-5 	 2.072535279939259E-6 	 1.6849337855087095E-5 	 1.6610564483138287E-5 	 1.5996103712932774E-5 	 2.072535279939259E-6 	 1.6849337855087095E-5 	 1.6610564483138287E-5 	 1.5996103712932774E-5 	 2.072535279939259E-6 	 1.6849337855087095E-5 	 1.6610564483138287E-5 	 1.5996103712932774E-5 	 2.072535279939259E-6 	 1.6849337855087095E-5 	 
-2.7119999999999997 	 1.5620558237280755E-5 	 1.353663295969999E-5 	 4.819419384735317E-6 	 1.5248698842809487E-5 	 1.5620558237280755E-5 	 1.353663295969999E-5 	 4.819419384735317E-6 	 1.5248698842809487E-5 	 1.5620558237280755E-5 	 1.353663295969999E-5 	 4.819419384735317E-6 	 1.5248698842809487E-5 	 1.5620558237280755E-5 	 1.353663295969999E-5 	 4.819419384735317E-6 	 1.5248698842809487E-5 	 
-2.688 	 1.2959298285672106E-5 	 5.8949013534970874E-6 	 1.0345994413183242E-5 	 1.2621993947204739E-5 	 1.2959298285672106E-5 	 5.8949013534970874E-6 	 1.0345994413183242E-5 	 1.2621993947204739E-5 	 1.2959298285672106E-5 	 5.8949013534970874E-6 	 1.0345994413183242E-5 	 1.2621993947204739E-5 	 1.2959298285672106E-5 	 5.8949013534970874E-6 	 1.0345994413183242E-5 	 1.2621993947204739E-5 	 
-2.664 	 1.1868999493824733E-5 	 2.220836789329979E-5 	 1.2464950640161243E-5 	 1.0953968747310049E-5 	 1.1868999493824733E-5 	 2.220836789329979E-5 	 1.2464950640161243E-5 	 1.0953968747310049E-5 	 1.1868999493824733E-5 	 2.220836789329979E-5 	 1.2464950640161243E-5 	 1.0953968747310049E-5 	 1.1868999493824733E-5 	 2.220836789329979E-5 	 1.2464950640161243E-5 	 1.0953968747310049E-5 	 
-2.64 	 1.7211851915635236E-5 	 2.4322080303424624E-5 	 8.094721734381638E-6 	 1.5858602635584636E-5 	 1.7211851915635236E-5 	 2.4322080303424624E-5 	 8.094721734381638E-6 	 1.5858602635584636E-5 	 1.7211851915635236E-5 	 2.4322080303424624E-5 	 8.094721734381638E-6 	 1.5858602635584636E-5 	 1.7211851915635236E-5 	 2.4322080303424624E-5 	 8.094721734381638E-6 	 1.5858602635584636E-5 	 
-2.616 	 1.9569113022389423E-5 	 1.5030405043625064E-5 	 1.250022935135383E-5 	 1.9359546838654154E-5 	 1.9569113022389423E-5 	 1.5030405043625064E-5 	 1.250022935135383E-5 	 1.9359546838654154E-5 	 1.9569113022389423E-5 	 1.5030405043625064E-5 	 1.250022935135383E-5 	 1.9359546838654154E-5 	 1.9569113022389423E-5 	 1.5030405043625064E-5 	 1.250022935135383E-5 	 1.9359546838654154E-5 	 
-2.592 	 1.7650766519592E-5 	 1.1372728366304528E-5 	 1.8636535142598992E-5 	 1.760129088393644E-5 	 1.7650766519592E-5 	 1.1372728366304528E-5 	 1.8636535142598992E-5 	 1.760129088393644E-5 	 1.7650766519592E-5 	 1.1372728366304528E-5 	 1.8636535142598992E-5 	 1.760129088393644E-5 	 1.7650766519592E-5 	 1.1372728366304528E-5 	 1.8636535142598992E-5 	 1.760129088393644E-5 	 
-2.568 	 1.4013025557925958E-5 	 5.865580393211819E-6 	 1.877377096589028E-5 	 1.293628684171067E-5 	 1.4013025557925958E-5 	 5.865580393211819E-6 	 1.877377096589028E-5 	 1.293628684171067E-5 	 1.4013025557925958E-5 	 5.865580393211819E-6 	 1.877377096589028E-5 	 1.293628684171067E-5 	 1.4013025557925958E-5 	 5.865580393211819E-6 	 1.877377096589028E-5 	 1.293628684171067E-5 	 
-2.544 	 1.0062372991276745E-5 	 1.239168707748409E-5 	 9.01806820067308E-6 	 8.58940226475148E-6 	 1.0062372991276745E-5 	 1.239168707748409E-5 	 9.01806820067308E-6 	 8.58940226475148E-6 	 1.0062372991276745E-5 	 1.239168707748409E-5 	 9.01806820067308E-6 	 8.58940226475148E-6 	 1.0062372991276745E-5 	 1.239168707748409E-5 	 9.01806820067308E-6 	 8.58940226475148E-6 	 
-2.52 	 1.2982997065510222E-5 	 2.7941264204233594E-5 	 2.9441574046099427E-6 	 1.1136561013199719E-5 	 1.2982997065510222E-5 	 2.7941264204233594E-5 	 2.9441574046099427E-6 	 1.1136561013199719E-5 	 1.2982997065510222E-5 	 2.7941264204233594E-5 	 2.9441574046099427E-6 	 1.1136561013199719E-5 	 1.2982997065510222E-5 	 2.7941264204233594E-5 	 2.9441574046099427E-6 	 1.1136561013199719E-5 	 
-2.496 	 2.0437750221453694E-5 	 2.0643860238901812E-5 	 3.757609404053661E-6 	 1.909641016281709E-5 	 2.0437750221453694E-5 	 2.0643860238901812E-5 	 3.757609404053661E-6 	 1.909641016281709E-5 	 2.0437750221453694E-5 	 2.0643860238901812E-5 	 3.757609404053661E-6 	 1.909641016281709E-5 	 2.0437750221453694E-5 	 2.0643860238901812E-5 	 3.757609404053661E-6 	 1.909641016281709E-5 	 
-2.472 	 2.1770009818216877E-5 	 2.2529893937865115E-5 	 7.814674774249799E-6 	 2.1072711859148614E-5 	 2.1770009818216877E-5 	 2.2529893937865115E-5 	 7.814674774249799E-6 	 2.1072711859148614E-5 	 2.1770009818216877E-5 	 2.2529893937865115E-5 	 7.814674774249799E-6 	 2.1072711859148614E-5 	 2.1770009818216877E-5 	 2.2529893937865115E-5 	 7.814674774249799E-6 	 2.1072711859148614E-5 	 
-2.448 	 2.2207509294190174E-5 	 1.791385686577125E-5 	 7.30911957621789E-6 	 2.1408278073038112E-5 	 2.2207509294190174E-5 	 1.791385686577125E-5 	 7.30911957621789E-6 	 2.1408278073038112E-5 	 2.2207509294190174E-5 	 1.791385686577125E-5 	 7.30911957621789E-6 	 2.1408278073038112E-5 	 2.2207509294190174E-5 	 1.791385686577125E-5 	 7.30911957621789E-6 	 2.1408278073038112E-5 	 
-2.424 	 2.163782038023956E-5 	 3.218063291498271E-5 	 5.097627646038835E-6 	 2.0300291792886368E-5 	 2.163782038023956E-5 	 3.218063291498271E-5 	 5.097627646038835E-6 	 2.0300291792886368E-5 	 2.163782038023956E-5 	 3.218063291498271E-5 	 5.097627646038835E-6 	 2.0300291792886368E-5 	 2.163782038023956E-5 	 3.218063291498271E-5 	 5.097627646038835E-6 	 2.0300291792886368E-5 	 
-2.4 	 2.6491261380562015E-5 	 2.9109599449690175E-5 	 7.131931572990211E-6 	 2.5447636845617008E-5 	 2.6491261380562015E-5 	 2.9109599449690175E-5 	 7.131931572990211E-6 	 2.5447636845617008E-5 	 2.6491261380562015E-5 	 2.9109599449690175E-5 	 7.131931572990211E-6 	 2.5447636845617008E-5 	 2.6491261380562015E-5 	 2.9109599449690175E-5 	 7.131931572990211E-6 	 2.5447636845617008E-5 	 
-2.376 	 2.816337003609562E-5 	 2.6666690896026535E-5 	 7.782834749531775E-6 	 2.7405787142477642E-5 	 2.816337003609562E-5 	 2.6666690896026535E-5 	 7.782834749531775E-6 	 2.7405787142477642E-5 	 2.816337003609562E-5 	 2.6666690896026535E-5 	 7.782834749531775E-6 	 2.7405787142477642E-5 	 2.816337003609562E-5 	 2.6666690896026535E-5 	 7.782834749531775E-6 	 2.7405787142477642E-5 	 
-2.352 	 2.723413638302062E-5 	 1.890897925544447E-5 	 1.2793931094855145E-5 	 2.660229089859167E-5 	 2.723413638302062E-5 	 1.890897925544447E-5 	 1.2793931094855145E-5 	 2.660229089859167E-5 	 2.723413638302062E-5 	 1.890897925544447E-5 	 1.2793931094855145E-5 	 2.660229089859167E-5 	 2.723413638302062E-5 	 1.890897925544447E-5 	 1.2793931094855145E-5 	 2.660229089859167E-5 	 
-2.328 	 2.4235990918591082E-5 	 2.2784660094719662E-5 	 1.2341446340135293E-5 	 2.2682502701728637E-5 	 2.4235990918591082E-5 	 2.2784660094719662E-5 	 1.2341446340135293E-5 	 2.2682502701728637E-5 	 2.4235990918591082E-5 	 2.2784660094719662E-5 	 1.2341446340135293E-5 	 2.2682502701728637E-5 	 2.4235990918591082E-5 	 2.2784660094719662E-5 	 1.2341446340135293E-5 	 2.2682502701728637E-5 	 
-2.304 	 2.2529582453589602E-5 	 1.8339112844750063E-5 	 1.9920942014360565E-5 	 2.0158699117610407E-5 	 2.2529582453589602E-5 	 1.8339112844750063E-5 	 1.9920942014360565E-5 	 2.0158699117610407E-5 	 2.2529582453589602E-5 	 1.8339112844750063E-5 	 1.9920942014360565E-5 	 2.0158699117610407E-5 	 2.2529582453589602E-5 	 1.8339112844750063E-5 	 1.9920942014360565E-5 	 2.0158699117610407E-5 	 
-2.2800000000000002 	 2.2256999404975676E-5 	 2.7849442655301584E-5 	 1.6679654748414768E-5 	 1.9681062295933216E-5 	 2.2256999404975676E-5 	 2.7849442655301584E-5 	 1.6679654748414768E-5 	 1.9681062295933216E-5 	 2.2256999404975676E-5 	 2.7849442655301584E-5 	 1.6679654748414768E-5 	 1.9681062295933216E-5 	 2.2256999404975676E-5 	 2.7849442655301584E-5 	 1.6679654748414768E-5 	 1.9681062295933216E-5 	 
-2.2560000000000002 	 2.6580921932975206E-5 	 3.639148229933072E-5 	 1.0353762728028467E-5 	 2.4025056883730204E-5 	 2.6580921932975206E-5 	 3.639148229933072E-5 	 1.0353762728028467E-5 	 2.4025056883730204E-5 	 2.6580921932975206E-5 	 3.639148229933072E-5 	 1.0353762728028467E-5 	 2.4025056883730204E-5 	 2.6580921932975206E-5 	 3.639148229933072E-5 	 1.0353762728028467E-5 	 2.4025056883730204E-5 	 
-2.232 	 3.0170652199850252E-5 	 2.291715772783848E-5 	 7.009465689709217E-6 	 2.8973045169392734E-5 	 3.0170652199850252E-5 	 2.291715772783848E-5 	 7.009465689709217E-6 	 2.8973045169392734E-5 	 3.0170652199850252E-5 	 2.291715772783848E-5 	 7.009465689709217E-6 	 2.8973045169392734E-5 	 3.0170652199850252E-5 	 2.291715772783848E-5 	 7.009465689709217E-6 	 2.8973045169392734E-5 	 
-2.208 	 2.8908953717770968E-5 	 2.8935910831414367E-5 	 4.148644828093429E-6 	 2.7633987021753488E-5 	 2.8908953717770968E-5 	 2.8935910831414367E-5 	 4.148644828093429E-6 	 2.7633987021753488E-5 	 2.8908953717770968E-5 	 2.8935910831414367E-5 	 4.148644828093429E-6 	 2.7633987021753488E-5 	 2.8908953717770968E-5 	 2.8935910831414367E-5 	 4.148644828093429E-6 	 2.7633987021753488E-5 	 
-2.184 	 2.9374372912624825E-5 	 2.7148037002787483E-5 	 6.14149957572802E-6 	 2.696570303488197E-5 	 2.9374372912624825E-5 	 2.7148037002787483E-5 	 6.14149957572802E-6 	 2.696570303488197E-5 	 2.9374372912624825E-5 	 2.7148037002787483E-5 	 6.14149957572802E-6 	 2.696570303488197E-5 	 2.9374372912624825E-5 	 2.7148037002787483E-5 	 6.14149957572802E-6 	 2.696570303488197E-5 	 
-2.16 	 2.707917756933496E-5 	 2.1831590543794287E-5 	 1.3779883368453112E-5 	 2.512925725658077E-5 	 2.707917756933496E-5 	 2.1831590543794287E-5 	 1.3779883368453112E-5 	 2.512925725658077E-5 	 2.707917756933496E-5 	 2.1831590543794287E-5 	 1.3779883368453112E-5 	 2.512925725658077E-5 	 2.707917756933496E-5 	 2.1831590543794287E-5 	 1.3779883368453112E-5 	 2.512925725658077E-5 	 
-2.136 	 2.4899011641198513E-5 	 2.097192164463515E-5 	 1.8779227431258973E-5 	 2.302923255545951E-5 	 2.4899011641198513E-5 	 2.097192164463515E-5 	 1.8779227431258973E-5 	 2.302923255545951E-5 	 2.4899011641198513E-5 	 2.097192164463515E-5 	 1.8779227431258973E-5 	 2.302923255545951E-5 	 2.4899011641198513E-5 	 2.097192164463515E-5 	 1.8779227431258973E-5 	 2.302923255545951E-5 	 
-2.112 	 2.30054801187299E-5 	 1.583715917770677E-5 	 1.3492697494632112E-5 	 2.0460287091060144E-5 	 2.30054801187299E-5 	 1.583715917770677E-5 	 1.3492697494632112E-5 	 2.0460287091060144E-5 	 2.30054801187299E-5 	 1.583715917770677E-5 	 1.3492697494632112E-5 	 2.0460287091060144E-5 	 2.30054801187299E-5 	 1.583715917770677E-5 	 1.3492697494632112E-5 	 2.0460287091060144E-5 	 
-2.088 	 1.972457075681323E-5 	 1.2632601129602764E-5 	 1.86760352859668E-5 	 1.7039681392497975E-5 	 1.972457075681323E-5 	 1.2632601129602764E-5 	 1.86760352859668E-5 	 1.7039681392497975E-5 	 1.972457075681323E-5 	 1.2632601129602764E-5 	 1.86760352859668E-5 	 1.7039681392497975E-5 	 1.972457075681323E-5 	 1.2632601129602764E-5 	 1.86760352859668E-5 	 1.7039681392497975E-5 	 
-2.064 	 1.8098836244804023E-5 	 1.7211357487231327E-5 	 1.6226852091694092E-5 	 1.4757890525606486E-5 	 1.8098836244804023E-5 	 1.7211357487231327E-5 	 1.6226852091694092E-5 	 1.4757890525606486E-5 	 1.8098836244804023E-5 	 1.7211357487231327E-5 	 1.6226852091694092E-5 	 1.4757890525606486E-5 	 1.8098836244804023E-5 	 1.7211357487231327E-5 	 1.6226852091694092E-5 	 1.4757890525606486E-5 	 
-2.04 	 2.0842883600544903E-5 	 3.051128145843995E-5 	 2.611980953925809E-5 	 1.641993160251307E-5 	 2.0842883600544903E-5 	 3.051128145843995E-5 	 2.611980953925809E-5 	 1.641993160251307E-5 	 2.0842883600544903E-5 	 3.051128145843995E-5 	 2.611980953925809E-5 	 1.641993160251307E-5 	 2.0842883600544903E-5 	 3.051128145843995E-5 	 2.611980953925809E-5 	 1.641993160251307E-5 	 
-2.016 	 2.8929565466797302E-5 	 4.2483741371599304E-5 	 3.058397378229904E-5 	 2.5119320758055802E-5 	 2.8929565466797302E-5 	 4.2483741371599304E-5 	 3.058397378229904E-5 	 2.5119320758055802E-5 	 2.8929565466797302E-5 	 4.2483741371599304E-5 	 3.058397378229904E-5 	 2.5119320758055802E-5 	 2.8929565466797302E-5 	 4.2483741371599304E-5 	 3.058397378229904E-5 	 2.5119320758055802E-5 	 
-1.992 	 3.786753211508181E-5 	 4.687593199586688E-5 	 3.2592894261805085E-5 	 3.5580741608994485E-5 	 3.786753211508181E-5 	 4.687593199586688E-5 	 3.2592894261805085E-5 	 3.5580741608994485E-5 	 3.786753211508181E-5 	 4.687593199586688E-5 	 3.2592894261805085E-5 	 3.5580741608994485E-5 	 3.786753211508181E-5 	 4.687593199586688E-5 	 3.2592894261805085E-5 	 3.5580741608994485E-5 	 
-1.968 	 4.199843903638209E-5 	 3.309013320117208E-5 	 3.559671945424322E-5 	 4.1655078480261915E-5 	 4.199843903638209E-5 	 3.309013320117208E-5 	 3.559671945424322E-5 	 4.1655078480261915E-5 	 4.199843903638209E-5 	 3.309013320117208E-5 	 3.559671945424322E-5 	 4.1655078480261915E-5 	 4.199843903638209E-5 	 3.309013320117208E-5 	 3.559671945424322E-5 	 4.1655078480261915E-5 	 
-1.944 	 4.340895798803608E-5 	 6.391911082915401E-5 	 3.272695417648832E-5 	 4.216144058283943E-5 	 4.340895798803608E-5 	 6.391911082915401E-5 	 3.272695417648832E-5 	 4.216144058283943E-5 	 4.340895798803608E-5 	 6.391911082915401E-5 	 3.272695417648832E-5 	 4.216144058283943E-5 	 4.340895798803608E-5 	 6.391911082915401E-5 	 3.272695417648832E-5 	 4.216144058283943E-5 	 
-1.92 	 5.55225537093748E-5 	 7.773826779255334E-5 	 2.3186830149150174E-5 	 5.367592969447075E-5 	 5.55225537093748E-5 	 7.773826779255334E-5 	 2.3186830149150174E-5 	 5.367592969447075E-5 	 5.55225537093748E-5 	 7.773826779255334E-5 	 2.3186830149150174E-5 	 5.367592969447075E-5 	 5.55225537093748E-5 	 7.773826779255334E-5 	 2.3186830149150174E-5 	 5.367592969447075E-5 	 
-1.896 	 6.33184108311013E-5 	 5.061683253512531E-5 	 1.435732728228991E-5 	 6.452284463948707E-5 	 6.33184108311013E-5 	 5.061683253512531E-5 	 1.435732728228991E-5 	 6.452284463948707E-5 	 6.33184108311013E-5 	 5.061683253512531E-5 	 1.435732728228991E-5 	 6.452284463948707E-5 	 6.33184108311013E-5 	 5.061683253512531E-5 	 1.435732728228991E-5 	 6.452284463948707E-5 	 
-1.8719999999999999 	 5.9082184700203714E-5 	 5.477867568310532E-5 	 2.4532880285988947E-5 	 6.126777796174987E-5 	 5.9082184700203714E-5 	 5.477867568310532E-5 	 2.4532880285988947E-5 	 6.126777796174987E-5 	 5.9082184700203714E-5 	 5.477867568310532E-5 	 2.4532880285988947E-5 	 6.126777796174987E-5 	 5.9082184700203714E-5 	 5.477867568310532E-5 	 2.4532880285988947E-5 	 6.126777796174987E-5 	 
-1.8479999999999999 	 5.9370869445600086E-5 	 6.980484244066909E-5 	 4.342519456291902E-5 	 5.857854407209202E-5 	 5.9370869445600086E-5 	 6.980484244066909E-5 	 4.342519456291902E-5 	 5.857854407209202E-5 	 5.9370869445600086E-5 	 6.980484244066909E-5 	 4.342519456291902E-5 	 5.857854407209202E-5 	 5.9370869445600086E-5 	 6.980484244066909E-5 	 4.342519456291902E-5 	 5.857854407209202E-5 	 
-1.824 	 6.029528523645456E-5 	 5.4733791144940175E-5 	 4.543731119148041E-5 	 5.982959549541858E-5 	 6.029528523645456E-5 	 5.4733791144940175E-5 	 4.543731119148041E-5 	 5.982959549541858E-5 	 6.029528523645456E-5 	 5.4733791144940175E-5 	 4.543731119148041E-5 	 5.982959549541858E-5 	 6.029528523645456E-5 	 5.4733791144940175E-5 	 4.543731119148041E-5 	 5.982959549541858E-5 	 
-1.8 	 6.220974956417993E-5 	 8.758131849316744E-5 	 3.243997484267699E-5 	 6.303407546730464E-5 	 6.220974956417993E-5 	 8.758131849316744E-5 	 3.243997484267699E-5 	 6.303407546730464E-5 	 6.220974956417993E-5 	 8.758131849316744E-5 	 3.243997484267699E-5 	 6.303407546730464E-5 	 6.220974956417993E-5 	 8.758131849316744E-5 	 3.243997484267699E-5 	 6.303407546730464E-5 	 
-1.776 	 7.438246993416344E-5 	 8.950724144098974E-5 	 2.8206331230602886E-5 	 7.52118894784427E-5 	 7.438246993416344E-5 	 8.950724144098974E-5 	 2.8206331230602886E-5 	 7.52118894784427E-5 	 7.438246993416344E-5 	 8.950724144098974E-5 	 2.8206331230602886E-5 	 7.52118894784427E-5 	 7.438246993416344E-5 	 8.950724144098974E-5 	 2.8206331230602886E-5 	 7.52118894784427E-5 	 
-1.752 	 8.137951501799161E-5 	 9.282156544002758E-5 	 3.572230071313716E-5 	 8.440175806903553E-5 	 8.137951501799161E-5 	 9.282156544002758E-5 	 3.572230071313716E-5 	 8.440175806903553E-5 	 8.137951501799161E-5 	 9.282156544002758E-5 	 3.572230071313716E-5 	 8.440175806903553E-5 	 8.137951501799161E-5 	 9.282156544002758E-5 	 3.572230071313716E-5 	 8.440175806903553E-5 	 
-1.728 	 8.548423080001221E-5 	 7.11766886942298E-5 	 4.460127803136277E-5 	 9.006683996547847E-5 	 8.548423080001221E-5 	 7.11766886942298E-5 	 4.460127803136277E-5 	 9.006683996547847E-5 	 8.548423080001221E-5 	 7.11766886942298E-5 	 4.460127803136277E-5 	 9.006683996547847E-5 	 8.548423080001221E-5 	 7.11766886942298E-5 	 4.460127803136277E-5 	 9.006683996547847E-5 	 
-1.704 	 7.89430798217879E-5 	 6.383535967418803E-5 	 4.3264299854871914E-5 	 8.269459725723476E-5 	 7.89430798217879E-5 	 6.383535967418803E-5 	 4.3264299854871914E-5 	 8.269459725723476E-5 	 7.89430798217879E-5 	 6.383535967418803E-5 	 4.3264299854871914E-5 	 8.269459725723476E-5 	 7.89430798217879E-5 	 6.383535967418803E-5 	 4.3264299854871914E-5 	 8.269459725723476E-5 	 
-1.68 	 7.665860456659196E-5 	 9.224161349801343E-5 	 3.6655307027650015E-5 	 7.710583123559507E-5 	 7.665860456659196E-5 	 9.224161349801343E-5 	 3.6655307027650015E-5 	 7.710583123559507E-5 	 7.665860456659196E-5 	 9.224161349801343E-5 	 3.6655307027650015E-5 	 7.710583123559507E-5 	 7.665860456659196E-5 	 9.224161349801343E-5 	 3.6655307027650015E-5 	 7.710583123559507E-5 	 
-1.656 	 8.356081561202591E-5 	 8.898704385424239E-5 	 3.8435462190096044E-5 	 8.286773420256043E-5 	 8.356081561202591E-5 	 8.898704385424239E-5 	 3.8435462190096044E-5 	 8.286773420256043E-5 	 8.356081561202591E-5 	 8.898704385424239E-5 	 3.8435462190096044E-5 	 8.286773420256043E-5 	 8.356081561202591E-5 	 8.898704385424239E-5 	 3.8435462190096044E-5 	 8.286773420256043E-5 	 
-1.632 	 9.080376491169462E-5 	 1.2378175023214485E-4 	 4.148155637378037E-5 	 9.227590546622748E-5 	 9.080376491169462E-5 	 1.2378175023214485E-4 	 4.148155637378037E-5 	 9.227590546622748E-5 	 9.080376491169462E-5 	 1.2378175023214485E-4 	 4.148155637378037E-5 	 9.227590546622748E-5 	 9.080376491169462E-5 	 1.2378175023214485E-4 	 4.148155637378037E-5 	 9.227590546622748E-5 	 
-1.6079999999999999 	 1.0913581823502148E-4 	 1.3098058283912025E-4 	 5.274832620788165E-5 	 1.1227179562005483E-4 	 1.0913581823502148E-4 	 1.3098058283912025E-4 	 5.274832620788165E-5 	 1.1227179562005483E-4 	 1.0913581823502148E-4 	 1.3098058283912025E-4 	 5.274832620788165E-5 	 1.1227179562005483E-4 	 1.0913581823502148E-4 	 1.3098058283912025E-4 	 5.274832620788165E-5 	 1.1227179562005483E-4 	 
-1.584 	 1.1567687068659854E-4 	 9.798488904919761E-5 	 6.058539744573365E-5 	 1.223363057857333E-4 	 1.1567687068659854E-4 	 9.798488904919761E-5 	 6.058539744573365E-5 	 1.223363057857333E-4 	 1.1567687068659854E-4 	 9.798488904919761E-5 	 6.058539744573365E-5 	 1.223363057857333E-4 	 1.1567687068659854E-4 	 9.798488904919761E-5 	 6.058539744573365E-5 	 1.223363057857333E-4 	 
-1.56 	 1.0760314963919877E-4 	 9.608218861021052E-5 	 5.472819900825042E-5 	 1.1465319331675007E-4 	 1.0760314963919877E-4 	 9.608218861021052E-5 	 5.472819900825042E-5 	 1.1465319331675007E-4 	 1.0760314963919877E-4 	 9.608218861021052E-5 	 5.472819900825042E-5 	 1.1465319331675007E-4 	 1.0760314963919877E-4 	 9.608218861021052E-5 	 5.472819900825042E-5 	 1.1465319331675007E-4 	 
-1.536 	 1.0377824930698205E-4 	 1.0333085264859875E-4 	 4.476311896174921E-5 	 1.0679905893410733E-4 	 1.0377824930698205E-4 	 1.0333085264859875E-4 	 4.476311896174921E-5 	 1.0679905893410733E-4 	 1.0377824930698205E-4 	 1.0333085264859875E-4 	 4.476311896174921E-5 	 1.0679905893410733E-4 	 1.0377824930698205E-4 	 1.0333085264859875E-4 	 4.476311896174921E-5 	 1.0679905893410733E-4 	 
-1.512 	 1.0432411099779003E-4 	 1.3391542670094942E-4 	 3.9067890138396014E-5 	 1.0634668162896062E-4 	 1.0432411099779003E-4 	 1.3391542670094942E-4 	 3.9067890138396014E-5 	 1.0634668162896062E-4 	 1.0432411099779003E-4 	 1.3391542670094942E-4 	 3.9067890138396014E-5 	 1.0634668162896062E-4 	 1.0432411099779003E-4 	 1.3391542670094942E-4 	 3.9067890138396014E-5 	 1.0634668162896062E-4 	 
-1.488 	 1.246861131953482E-4 	 1.6854985754874544E-4 	 5.635588354056382E-5 	 1.2839820626968764E-4 	 1.246861131953482E-4 	 1.6854985754874544E-4 	 5.635588354056382E-5 	 1.2839820626968764E-4 	 1.246861131953482E-4 	 1.6854985754874544E-4 	 5.635588354056382E-5 	 1.2839820626968764E-4 	 1.246861131953482E-4 	 1.6854985754874544E-4 	 5.635588354056382E-5 	 1.2839820626968764E-4 	 
-1.464 	 1.522761861139205E-4 	 1.91751899972445E-4 	 8.947560452363287E-5 	 1.5931536800723958E-4 	 1.522761861139205E-4 	 1.91751899972445E-4 	 8.947560452363287E-5 	 1.5931536800723958E-4 	 1.522761861139205E-4 	 1.91751899972445E-4 	 8.947560452363287E-5 	 1.5931536800723958E-4 	 1.522761861139205E-4 	 1.91751899972445E-4 	 8.947560452363287E-5 	 1.5931536800723958E-4 	 
-1.44 	 1.731905229861426E-4 	 1.7145231892102798E-4 	 9.17538592227796E-5 	 1.8394949419198856E-4 	 1.731905229861426E-4 	 1.7145231892102798E-4 	 9.17538592227796E-5 	 1.8394949419198856E-4 	 1.731905229861426E-4 	 1.7145231892102798E-4 	 9.17538592227796E-5 	 1.8394949419198856E-4 	 1.731905229861426E-4 	 1.7145231892102798E-4 	 9.17538592227796E-5 	 1.8394949419198856E-4 	 
-1.416 	 1.7420911237091692E-4 	 1.7992089802271944E-4 	 6.148507896030296E-5 	 1.8441922273596805E-4 	 1.7420911237091692E-4 	 1.7992089802271944E-4 	 6.148507896030296E-5 	 1.8441922273596805E-4 	 1.7420911237091692E-4 	 1.7992089802271944E-4 	 6.148507896030296E-5 	 1.8441922273596805E-4 	 1.7420911237091692E-4 	 1.7992089802271944E-4 	 6.148507896030296E-5 	 1.8441922273596805E-4 	 
-1.392 	 1.843657886302381E-4 	 2.2933384221084533E-4 	 6.144725745619788E-5 	 1.9257847057051373E-4 	 1.843657886302381E-4 	 2.2933384221084533E-4 	 6.144725745619788E-5 	 1.9257847057051373E-4 	 1.843657886302381E-4 	 2.2933384221084533E-4 	 6.144725745619788E-5 	 1.9257847057051373E-4 	 1.843657886302381E-4 	 2.2933384221084533E-4 	 6.144725745619788E-5 	 1.9257847057051373E-4 	 
-1.3679999999999999 	 2.226127052477301E-4 	 3.535297517086315E-4 	 7.315261272396394E-5 	 2.309263475913014E-4 	 2.226127052477301E-4 	 3.535297517086315E-4 	 7.315261272396394E-5 	 2.309263475913014E-4 	 2.226127052477301E-4 	 3.535297517086315E-4 	 7.315261272396394E-5 	 2.309263475913014E-4 	 2.226127052477301E-4 	 3.535297517086315E-4 	 7.315261272396394E-5 	 2.309263475913014E-4 	 
-1.3439999999999999 	 2.9044613402357997E-4 	 3.8276259524527986E-4 	 9.12182522064649E-5 	 3.0697134727358794E-4 	 2.9044613402357997E-4 	 3.8276259524527986E-4 	 9.12182522064649E-5 	 3.0697134727358794E-4 	 2.9044613402357997E-4 	 3.8276259524527986E-4 	 9.12182522064649E-5 	 3.0697134727358794E-4 	 2.9044613402357997E-4 	 3.8276259524527986E-4 	 9.12182522064649E-5 	 3.0697134727358794E-4 	 
-1.32 	 3.524321440409226E-4 	 4.605855444339373E-4 	 7.343810553248E-5 	 3.783073523702776E-4 	 3.524321440409226E-4 	 4.605855444339373E-4 	 7.343810553248E-5 	 3.783073523702776E-4 	 3.524321440409226E-4 	 4.605855444339373E-4 	 7.343810553248E-5 	 3.783073523702776E-4 	 3.524321440409226E-4 	 4.605855444339373E-4 	 7.343810553248E-5 	 3.783073523702776E-4 	 
-1.296 	 4.158917719429813E-4 	 4.596408409920222E-4 	 7.800601951187506E-5 	 4.464523555772221E-4 	 4.158917719429813E-4 	 4.596408409920222E-4 	 7.800601951187506E-5 	 4.464523555772221E-4 	 4.158917719429813E-4 	 4.596408409920222E-4 	 7.800601951187506E-5 	 4.464523555772221E-4 	 4.158917719429813E-4 	 4.596408409920222E-4 	 7.800601951187506E-5 	 4.464523555772221E-4 	 
-1.272 	 4.4319404017744617E-4 	 4.784265266307682E-4 	 8.526471551928673E-5 	 4.7630649679234735E-4 	 4.4319404017744617E-4 	 4.784265266307682E-4 	 8.526471551928673E-5 	 4.7630649679234735E-4 	 4.4319404017744617E-4 	 4.784265266307682E-4 	 8.526471551928673E-5 	 4.7630649679234735E-4 	 4.4319404017744617E-4 	 4.784265266307682E-4 	 8.526471551928673E-5 	 4.7630649679234735E-4 	 
-1.248 	 4.8619051327212283E-4 	 6.261592135024637E-4 	 9.170094460674145E-5 	 5.160420951780802E-4 	 4.8619051327212283E-4 	 6.261592135024637E-4 	 9.170094460674145E-5 	 5.160420951780802E-4 	 4.8619051327212283E-4 	 6.261592135024637E-4 	 9.170094460674145E-5 	 5.160420951780802E-4 	 4.8619051327212283E-4 	 6.261592135024637E-4 	 9.170094460674145E-5 	 5.160420951780802E-4 	 
-1.224 	 5.95331436235581E-4 	 8.568868097432283E-4 	 8.834641947436373E-5 	 6.25082886665334E-4 	 5.95331436235581E-4 	 8.568868097432283E-4 	 8.834641947436373E-5 	 6.25082886665334E-4 	 5.95331436235581E-4 	 8.568868097432283E-4 	 8.834641947436373E-5 	 6.25082886665334E-4 	 5.95331436235581E-4 	 8.568868097432283E-4 	 8.834641947436373E-5 	 6.25082886665334E-4 	 
-1.2 	 7.874335987562214E-4 	 0.0012705960709924796 	 8.537138284805172E-5 	 8.294116961369725E-4 	 7.874335987562214E-4 	 0.0012705960709924796 	 8.537138284805172E-5 	 8.294116961369725E-4 	 7.874335987562214E-4 	 0.0012705960709924796 	 8.537138284805172E-5 	 8.294116961369725E-4 	 7.874335987562214E-4 	 0.0012705960709924796 	 8.537138284805172E-5 	 8.294116961369725E-4 	 
-1.176 	 0.0010728622607088407 	 0.001507475280181872 	 8.374100592308617E-5 	 0.0011413588041111142 	 0.0010728622607088407 	 0.001507475280181872 	 8.374100592308617E-5 	 0.0011413588041111142 	 0.0010728622607088407 	 0.001507475280181872 	 8.374100592308617E-5 	 0.0011413588041111142 	 0.0010728622607088407 	 0.001507475280181872 	 8.374100592308617E-5 	 0.0011413588041111142 	 
-1.152 	 0.001357884556686538 	 0.001894735136948081 	 7.011786403046863E-5 	 0.0014607282094189116 	 0.001357884556686538 	 0.001894735136948081 	 7.011786403046863E-5 	 0.0014607282094189116 	 0.001357884556686538 	 0.001894735136948081 	 7.011786403046863E-5 	 0.0014607282094189116 	 0.001357884556686538 	 0.001894735136948081 	 7.011786403046863E-5 	 0.0014607282094189116 	 
-1.128 	 0.0017131848014200258 	 0.002472444620082043 	 6.644362419740804E-5 	 0.0018396889306378495 	 0.0017131848014200258 	 0.002472444620082043 	 6.644362419740804E-5 	 0.0018396889306378495 	 0.0017131848014200258 	 0.002472444620082043 	 6.644362419740804E-5 	 0.0018396889306378495 	 0.0017131848014200258 	 0.002472444620082043 	 6.644362419740804E-5 	 0.0018396889306378495 	 
-1.1039999999999999 	 0.0021917649363208803 	 0.0031633478119955545 	 7.024390557677601E-5 	 0.002348989455392093 	 0.0021917649363208803 	 0.0031633478119955545 	 7.024390557677601E-5 	 0.002348989455392093 	 0.0021917649363208803 	 0.0031633478119955545 	 7.024390557677601E-5 	 0.002348989455392093 	 0.0021917649363208803 	 0.0031633478119955545 	 7.024390557677601E-5 	 0.002348989455392093 	 
-1.08 	 0.0027476611982745524 	 0.003720203306471455 	 7.969163400085388E-5 	 0.0029638371656699673 	 0.0027476611982745524 	 0.003720203306471455 	 7.969163400085388E-5 	 0.0029638371656699673 	 0.0027476611982745524 	 0.003720203306471455 	 7.969163400085388E-5 	 0.0029638371656699673 	 0.0027476611982745524 	 0.003720203306471455 	 7.969163400085388E-5 	 0.0029638371656699673 	 
-1.056 	 0.0033825251814709042 	 0.004681831707329009 	 7.654788990952518E-5 	 0.00365475200804727 	 0.0033825251814709042 	 0.004681831707329009 	 7.654788990952518E-5 	 0.00365475200804727 	 0.0033825251814709042 	 0.004681831707329009 	 7.654788990952518E-5 	 0.00365475200804727 	 0.0033825251814709042 	 0.004681831707329009 	 7.654788990952518E-5 	 0.00365475200804727 	 
-1.032 	 0.0042388735423483466 	 0.006247746978597752 	 1.0472303246124724E-4 	 0.004553323889850333 	 0.0042388735423483466 	 0.006247746978597752 	 1.0472303246124724E-4 	 0.004553323889850333 	 0.0042388735423483466 	 0.006247746978597752 	 1.0472303246124724E-4 	 0.004553323889850333 	 0.0042388735423483466 	 0.006247746978597752 	 1.0472303246124724E-4 	 0.004553323889850333 	 
-1.008 	 0.005420590441228041 	 0.007672101778901725 	 1.2114199399676193E-4 	 0.005825462982313598 	 0.005420590441228041 	 0.007672101778901725 	 1.2114199399676193E-4 	 0.005825462982313598 	 0.005420590441228041 	 0.007672101778901725 	 1.2114199399676193E-4 	 0.005825462982313598 	 0.005420590441228041 	 0.007672101778901725 	 1.2114199399676193E-4 	 0.005825462982313598 	 
-0.984 	 0.006783673544743928 	 0.009621680955152876 	 1.1304632651130588E-4 	 0.0073255764839600095 	 0.006783673544743928 	 0.009621680955152876 	 1.1304632651130588E-4 	 0.0073255764839600095 	 0.006783673544743928 	 0.009621680955152876 	 1.1304632651130588E-4 	 0.0073255764839600095 	 0.006783673544743928 	 0.009621680955152876 	 1.1304632651130588E-4 	 0.0073255764839600095 	 
-0.96 	 0.00848220542406189 	 0.011818738982913659 	 9.77659898089718E-5 	 0.00916264161163116 	 0.00848220542406189 	 0.011818738982913659 	 9.77659898089718E-5 	 0.00916264161163116 	 0.00848220542406189 	 0.011818738982913659 	 9.77659898089718E-5 	 0.00916264161163116 	 0.00848220542406189 	 0.011818738982913659 	 9.77659898089718E-5 	 0.00916264161163116 	 
-0.9359999999999999 	 0.010432816295424259 	 0.014270214205738535 	 9.339751040678818E-5 	 0.011282491096306888 	 0.010432816295424259 	 0.014270214205738535 	 9.339751040678818E-5 	 0.011282491096306888 	 0.010432816295424259 	 0.014270214205738535 	 9.339751040678818E-5 	 0.011282491096306888 	 0.010432816295424259 	 0.014270214205738535 	 9.339751040678818E-5 	 0.011282491096306888 	 
-0.9119999999999999 	 0.01272217404774797 	 0.01745564518205068 	 1.0830154443754674E-4 	 0.013762598507664259 	 0.01272217404774797 	 0.01745564518205068 	 1.0830154443754674E-4 	 0.013762598507664259 	 0.01272217404774797 	 0.01745564518205068 	 1.0830154443754674E-4 	 0.013762598507664259 	 0.01272217404774797 	 0.01745564518205068 	 1.0830154443754674E-4 	 0.013762598507664259 	 
-0.8879999999999999 	 0.015553602134422162 	 0.021408243866352164 	 1.1887884426799228E-4 	 0.016793027564305663 	 0.015553602134422162 	 0.021408243866352164 	 1.1887884426799228E-4 	 0.016793027564305663 	 0.015553602134422162 	 0.021408243866352164 	 1.1887884426799228E-4 	 0.016793027564305663 	 0.015553602134422162 	 0.021408243866352164 	 1.1887884426799228E-4 	 0.016793027564305663 	 
-0.8639999999999999 	 0.018861508032142597 	 0.02506467170336558 	 1.3932699999523007E-4 	 0.020380478520709455 	 0.018861508032142597 	 0.02506467170336558 	 1.3932699999523007E-4 	 0.020380478520709455 	 0.018861508032142597 	 0.02506467170336558 	 1.3932699999523007E-4 	 0.020380478520709455 	 0.018861508032142597 	 0.02506467170336558 	 1.3932699999523007E-4 	 0.020380478520709455 	 
-0.8399999999999999 	 0.022415836053656886 	 0.02929178260455044 	 1.421040201050716E-4 	 0.024247240122408628 	 0.022415836053656886 	 0.02929178260455044 	 1.421040201050716E-4 	 0.024247240122408628 	 0.022415836053656886 	 0.02929178260455044 	 1.421040201050716E-4 	 0.024247240122408628 	 0.022415836053656886 	 0.02929178260455044 	 1.421040201050716E-4 	 0.024247240122408628 	 
-0.8159999999999998 	 0.026187551099432244 	 0.032897346509338565 	 1.4314414207091013E-4 	 0.0283208098395252 	 0.026187551099432244 	 0.032897346509338565 	 1.4314414207091013E-4 	 0.0283208098395252 	 0.026187551099432244 	 0.032897346509338565 	 1.4314414207091013E-4 	 0.0283208098395252 	 0.026187551099432244 	 0.032897346509338565 	 1.4314414207091013E-4 	 0.0283208098395252 	 
-0.7919999999999998 	 0.029900945643091873 	 0.036992278793311406 	 1.5327871868759047E-4 	 0.03231792619579821 	 0.029900945643091873 	 0.036992278793311406 	 1.5327871868759047E-4 	 0.03231792619579821 	 0.029900945643091873 	 0.036992278793311406 	 1.5327871868759047E-4 	 0.03231792619579821 	 0.029900945643091873 	 0.036992278793311406 	 1.5327871868759047E-4 	 0.03231792619579821 	 
-0.7679999999999998 	 0.03377900683068243 	 0.04113281355564665 	 1.620662256055424E-4 	 0.03642693036118648 	 0.03377900683068243 	 0.04113281355564665 	 1.620662256055424E-4 	 0.03642693036118648 	 0.03377900683068243 	 0.04113281355564665 	 1.620662256055424E-4 	 0.03642693036118648 	 0.03377900683068243 	 0.04113281355564665 	 1.620662256055424E-4 	 0.03642693036118648 	 
-0.7439999999999998 	 0.03764972229314714 	 0.044433212051040095 	 1.6577883051052645E-4 	 0.04052531623520188 	 0.03764972229314714 	 0.044433212051040095 	 1.6577883051052645E-4 	 0.04052531623520188 	 0.03764972229314714 	 0.044433212051040095 	 1.6577883051052645E-4 	 0.04052531623520188 	 0.03764972229314714 	 0.044433212051040095 	 1.6577883051052645E-4 	 0.04052531623520188 	 
-0.7199999999999998 	 0.04115751844298735 	 0.047406906789399406 	 1.696945039010946E-4 	 0.044234427429212915 	 0.04115751844298735 	 0.047406906789399406 	 1.696945039010946E-4 	 0.044234427429212915 	 0.04115751844298735 	 0.047406906789399406 	 1.696945039010946E-4 	 0.044234427429212915 	 0.04115751844298735 	 0.047406906789399406 	 1.696945039010946E-4 	 0.044234427429212915 	 
-0.6959999999999997 	 0.044240845584788274 	 0.04908027585158581 	 1.6891207498457629E-4 	 0.04740914425093283 	 0.044240845584788274 	 0.04908027585158581 	 1.6891207498457629E-4 	 0.04740914425093283 	 0.044240845584788274 	 0.04908027585158581 	 1.6891207498457629E-4 	 0.04740914425093283 	 0.044240845584788274 	 0.04908027585158581 	 1.6891207498457629E-4 	 0.04740914425093283 	 
-0.6720000000000002 	 0.046364542155894375 	 0.049190857077376596 	 1.7378892743711018E-4 	 0.049562506332417655 	 0.046364542155894375 	 0.049190857077376596 	 1.7378892743711018E-4 	 0.049562506332417655 	 0.046364542155894375 	 0.049190857077376596 	 1.7378892743711018E-4 	 0.049562506332417655 	 0.046364542155894375 	 0.049190857077376596 	 1.7378892743711018E-4 	 0.049562506332417655 	 
-0.6480000000000001 	 0.04749745843408021 	 0.049308402440058755 	 1.8034361475663673E-4 	 0.05055781341857113 	 0.04749745843408021 	 0.049308402440058755 	 1.8034361475663673E-4 	 0.05055781341857113 	 0.04749745843408021 	 0.049308402440058755 	 1.8034361475663673E-4 	 0.05055781341857113 	 0.04749745843408021 	 0.049308402440058755 	 1.8034361475663673E-4 	 0.05055781341857113 	 
-0.6240000000000001 	 0.048068774821160266 	 0.04906722548227645 	 1.7790808677322864E-4 	 0.05082837127438485 	 0.048068774821160266 	 0.04906722548227645 	 1.7790808677322864E-4 	 0.05082837127438485 	 0.048068774821160266 	 0.04906722548227645 	 1.7790808677322864E-4 	 0.05082837127438485 	 0.048068774821160266 	 0.04906722548227645 	 1.7790808677322864E-4 	 0.05082837127438485 	 
-0.6000000000000001 	 0.04800633870531894 	 0.04727648965818165 	 1.5920130577515076E-4 	 0.05047985238965046 	 0.04800633870531894 	 0.04727648965818165 	 1.5920130577515076E-4 	 0.05047985238965046 	 0.04800633870531894 	 0.04727648965818165 	 1.5920130577515076E-4 	 0.05047985238965046 	 0.04800633870531894 	 0.04727648965818165 	 1.5920130577515076E-4 	 0.05047985238965046 	 
-0.5760000000000001 	 0.04696249897598736 	 0.044377876365406306 	 1.521746445715034E-4 	 0.04913587524643885 	 0.04696249897598736 	 0.044377876365406306 	 1.521746445715034E-4 	 0.04913587524643885 	 0.04696249897598736 	 0.044377876365406306 	 1.521746445715034E-4 	 0.04913587524643885 	 0.04696249897598736 	 0.044377876365406306 	 1.521746445715034E-4 	 0.04913587524643885 	 
-0.552 	 0.04510878179732145 	 0.04194101927123266 	 1.4723812282365115E-4 	 0.04685033232810603 	 0.04510878179732145 	 0.04194101927123266 	 1.4723812282365115E-4 	 0.04685033232810603 	 0.04510878179732145 	 0.04194101927123266 	 1.4723812282365115E-4 	 0.04685033232810603 	 0.04510878179732145 	 0.04194101927123266 	 1.4723812282365115E-4 	 0.04685033232810603 	 
-0.528 	 0.042686628034676016 	 0.03778727979529907 	 1.280088138535674E-4 	 0.04396387434344178 	 0.042686628034676016 	 0.03778727979529907 	 1.280088138535674E-4 	 0.04396387434344178 	 0.042686628034676016 	 0.03778727979529907 	 1.280088138535674E-4 	 0.04396387434344178 	 0.042686628034676016 	 0.03778727979529907 	 1.280088138535674E-4 	 0.04396387434344178 	 
-0.504 	 0.039459747510224276 	 0.033731597316284945 	 1.224818763557061E-4 	 0.04031162824175841 	 0.039459747510224276 	 0.033731597316284945 	 1.224818763557061E-4 	 0.04031162824175841 	 0.039459747510224276 	 0.033731597316284945 	 1.224818763557061E-4 	 0.04031162824175841 	 0.039459747510224276 	 0.033731597316284945 	 1.224818763557061E-4 	 0.04031162824175841 	 
-0.48 	 0.035917000116035915 	 0.029975483550535677 	 1.1319569326292983E-4 	 0.03627332797245679 	 0.035917000116035915 	 0.029975483550535677 	 1.1319569326292983E-4 	 0.03627332797245679 	 0.035917000116035915 	 0.029975483550535677 	 1.1319569326292983E-4 	 0.03627332797245679 	 0.035917000116035915 	 0.029975483550535677 	 1.1319569326292983E-4 	 0.03627332797245679 	 
-0.45599999999999996 	 0.03217720692176165 	 0.025547103485446313 	 1.0479234435605482E-4 	 0.032070055795846236 	 0.03217720692176165 	 0.025547103485446313 	 1.0479234435605482E-4 	 0.032070055795846236 	 0.03217720692176165 	 0.025547103485446313 	 1.0479234435605482E-4 	 0.032070055795846236 	 0.03217720692176165 	 0.025547103485446313 	 1.0479234435605482E-4 	 0.032070055795846236 	 
-0.43199999999999994 	 0.028218827582140754 	 0.021866644769183225 	 9.793457329496405E-5 	 0.027736567935501326 	 0.028218827582140754 	 0.021866644769183225 	 9.793457329496405E-5 	 0.027736567935501326 	 0.028218827582140754 	 0.021866644769183225 	 9.793457329496405E-5 	 0.027736567935501326 	 0.028218827582140754 	 0.021866644769183225 	 9.793457329496405E-5 	 0.027736567935501326 	 
-0.4079999999999999 	 0.02454156613977487 	 0.018779788918401933 	 1.0045921031367332E-4 	 0.023711274519310124 	 0.02454156613977487 	 0.018779788918401933 	 1.0045921031367332E-4 	 0.023711274519310124 	 0.02454156613977487 	 0.018779788918401933 	 1.0045921031367332E-4 	 0.023711274519310124 	 0.02454156613977487 	 0.018779788918401933 	 1.0045921031367332E-4 	 0.023711274519310124 	 
-0.3839999999999999 	 0.021189031479745397 	 0.016058593301762458 	 1.0493391208845064E-4 	 0.020126459315815765 	 0.021189031479745397 	 0.016058593301762458 	 1.0493391208845064E-4 	 0.020126459315815765 	 0.021189031479745397 	 0.016058593301762458 	 1.0493391208845064E-4 	 0.020126459315815765 	 0.021189031479745397 	 0.016058593301762458 	 1.0493391208845064E-4 	 0.020126459315815765 	 
-0.3599999999999999 	 0.01828328097636225 	 0.013702016824547029 	 8.902000319518222E-5 	 0.01708813298875454 	 0.01828328097636225 	 0.013702016824547029 	 8.902000319518222E-5 	 0.01708813298875454 	 0.01828328097636225 	 0.013702016824547029 	 8.902000319518222E-5 	 0.01708813298875454 	 0.01828328097636225 	 0.013702016824547029 	 8.902000319518222E-5 	 0.01708813298875454 	 
-0.33599999999999985 	 0.015765128591345795 	 0.011912806892814081 	 8.34988107777887E-5 	 0.014483994834660334 	 0.015765128591345795 	 0.011912806892814081 	 8.34988107777887E-5 	 0.014483994834660334 	 0.015765128591345795 	 0.011912806892814081 	 8.34988107777887E-5 	 0.014483994834660334 	 0.015765128591345795 	 0.011912806892814081 	 8.34988107777887E-5 	 0.014483994834660334 	 
-0.31199999999999983 	 0.013665185674965493 	 0.010235223498148153 	 7.636885048671874E-5 	 0.012340096363932516 	 0.013665185674965493 	 0.010235223498148153 	 7.636885048671874E-5 	 0.012340096363932516 	 0.013665185674965493 	 0.010235223498148153 	 7.636885048671874E-5 	 0.012340096363932516 	 0.013665185674965493 	 0.010235223498148153 	 7.636885048671874E-5 	 0.012340096363932516 	 
-0.2879999999999998 	 0.01186652337221055 	 0.009025305001565974 	 6.573906367257546E-5 	 0.010542895337435954 	 0.01186652337221055 	 0.009025305001565974 	 6.573906367257546E-5 	 0.010542895337435954 	 0.01186652337221055 	 0.009025305001565974 	 6.573906367257546E-5 	 0.010542895337435954 	 0.01186652337221055 	 0.009025305001565974 	 6.573906367257546E-5 	 0.010542895337435954 	 
-0.2639999999999998 	 0.010406704557868312 	 0.00786112275162798 	 6.839432776693078E-5 	 0.009096362758454974 	 0.010406704557868312 	 0.00786112275162798 	 6.839432776693078E-5 	 0.009096362758454974 	 0.010406704557868312 	 0.00786112275162798 	 6.839432776693078E-5 	 0.009096362758454974 	 0.010406704557868312 	 0.00786112275162798 	 6.839432776693078E-5 	 0.009096362758454974 	 
-0.23999999999999977 	 0.009087828910784149 	 0.006670257603716548 	 7.491833639441787E-5 	 0.007807911030835366 	 0.009087828910784149 	 0.006670257603716548 	 7.491833639441787E-5 	 0.007807911030835366 	 0.009087828910784149 	 0.006670257603716548 	 7.491833639441787E-5 	 0.007807911030835366 	 0.009087828910784149 	 0.006670257603716548 	 7.491833639441787E-5 	 0.007807911030835366 	 
-0.21599999999999975 	 0.007874818871249717 	 0.005596786980670318 	 7.886254357708333E-5 	 0.006627877017953587 	 0.007874818871249717 	 0.005596786980670318 	 7.886254357708333E-5 	 0.006627877017953587 	 0.007874818871249717 	 0.005596786980670318 	 7.886254357708333E-5 	 0.006627877017953587 	 0.007874818871249717 	 0.005596786980670318 	 7.886254357708333E-5 	 0.006627877017953587 	 
-0.19199999999999973 	 0.006756416167261012 	 0.004682506845372638 	 8.411157451154831E-5 	 0.005510715213930527 	 0.006756416167261012 	 0.004682506845372638 	 8.411157451154831E-5 	 0.005510715213930527 	 0.006756416167261012 	 0.004682506845372638 	 8.411157451154831E-5 	 0.005510715213930527 	 0.006756416167261012 	 0.004682506845372638 	 8.411157451154831E-5 	 0.005510715213930527 	 
-0.16800000000000015 	 0.005766692852655184 	 0.004016192176637343 	 8.828801635276923E-5 	 0.004529116275860807 	 0.005766692852655184 	 0.004016192176637343 	 8.828801635276923E-5 	 0.004529116275860807 	 0.005766692852655184 	 0.004016192176637343 	 8.828801635276923E-5 	 0.004529116275860807 	 0.005766692852655184 	 0.004016192176637343 	 8.828801635276923E-5 	 0.004529116275860807 	 
-0.14400000000000013 	 0.004970805654829615 	 0.003530542559864602 	 9.752238050568709E-5 	 0.0037494474786122054 	 0.004970805654829615 	 0.003530542559864602 	 9.752238050568709E-5 	 0.0037494474786122054 	 0.004970805654829615 	 0.003530542559864602 	 9.752238050568709E-5 	 0.0037494474786122054 	 0.004970805654829615 	 0.003530542559864602 	 9.752238050568709E-5 	 0.0037494474786122054 	 
-0.1200000000000001 	 0.004324001933513799 	 0.0030673443707692244 	 1.013152366235672E-4 	 0.00315019894279038 	 0.004324001933513799 	 0.0030673443707692244 	 1.013152366235672E-4 	 0.00315019894279038 	 0.004324001933513799 	 0.0030673443707692244 	 1.013152366235672E-4 	 0.00315019894279038 	 0.004324001933513799 	 0.0030673443707692244 	 1.013152366235672E-4 	 0.00315019894279038 	 
-0.09600000000000009 	 0.003804043467378329 	 0.0027746888451559864 	 1.1237373041309557E-4 	 0.0026789978122022714 	 0.003804043467378329 	 0.0027746888451559864 	 1.1237373041309557E-4 	 0.0026789978122022714 	 0.003804043467378329 	 0.0027746888451559864 	 1.1237373041309557E-4 	 0.0026789978122022714 	 0.003804043467378329 	 0.0027746888451559864 	 1.1237373041309557E-4 	 0.0026789978122022714 	 
-0.07200000000000006 	 0.003408532614814656 	 0.002486902441429497 	 1.1943492529964484E-4 	 0.0023265006843148786 	 0.003408532614814656 	 0.002486902441429497 	 1.1943492529964484E-4 	 0.0023265006843148786 	 0.003408532614814656 	 0.002486902441429497 	 1.1943492529964484E-4 	 0.0023265006843148786 	 0.003408532614814656 	 0.002486902441429497 	 1.1943492529964484E-4 	 0.0023265006843148786 	 
-0.04800000000000004 	 0.00305164346489668 	 0.0022575634224131277 	 1.3552195997448298E-4 	 0.0020217921351132753 	 0.00305164346489668 	 0.0022575634224131277 	 1.3552195997448298E-4 	 0.0020217921351132753 	 0.00305164346489668 	 0.0022575634224131277 	 1.3552195997448298E-4 	 0.0020217921351132753 	 0.00305164346489668 	 0.0022575634224131277 	 1.3552195997448298E-4 	 0.0020217921351132753 	 
-0.02400000000000002 	 0.002755982563408281 	 0.001950207968274177 	 1.6532761912721117E-4 	 0.0017734004174016407 	 0.002755982563408281 	 0.001950207968274177 	 1.6532761912721117E-4 	 0.0017734004174016407 	 0.002755982563408281 	 0.001950207968274177 	 1.6532761912721117E-4 	 0.0017734004174016407 	 0.002755982563408281 	 0.001950207968274177 	 1.6532761912721117E-4 	 0.0017734004174016407 	 
0.0 	 0.0024562296171349815 	 0.001708812693939212 	 2.0882559630174417E-4 	 0.0015093048034852381 	 0.0024562296171349815 	 0.001708812693939212 	 2.0882559630174417E-4 	 0.0015093048034852381 	 0.0024562296171349815 	 0.001708812693939212 	 2.0882559630174417E-4 	 0.0015093048034852381 	 0.0024562296171349815 	 0.001708812693939212 	 2.0882559630174417E-4 	 0.0015093048034852381 	 
0.02400000000000002 	 0.002179271952825606 	 0.0015480627168210938 	 2.5494611833704E-4 	 0.001262776784951531 	 0.002179271952825606 	 0.0015480627168210938 	 2.5494611833704E-4 	 0.001262776784951531 	 0.002179271952825606 	 0.0015480627168210938 	 2.5494611833704E-4 	 0.001262776784951531 	 0.002179271952825606 	 0.0015480627168210938 	 2.5494611833704E-4 	 0.001262776784951531 	 
0.04800000000000004 	 0.0019516542002466666 	 0.001370446497554373 	 3.512993832396357E-4 	 0.0010635943086618244 	 0.0019516542002466666 	 0.001370446497554373 	 3.512993832396357E-4 	 0.0010635943086618244 	 0.0019516542002466666 	 0.001370446497554373 	 3.512993832396357E-4 	 0.0010635943086618244 	 0.0019516542002466666 	 0.001370446497554373 	 3.512993832396357E-4 	 0.0010635943086618244 	 
0.07200000000000006 	 0.0017569228835169499 	 0.001237436344037049 	 4.798704088703483E-4 	 8.998083528975185E-4 	 0.0017569228835169499 	 0.001237436344037049 	 4.798704088703483E-4 	 8.998083528975185E-4 	 0.0017569228835169499 	 0.001237436344037049 	 4.798704088703483E-4 	 8.998083528975185E-4 	 0.0017569228835169499 	 0.001237436344037049 	 4.798704088703483E-4 	 8.998083528975185E-4 	 
0.09600000000000009 	 0.0015980158327748768 	 0.001191681930628797 	 6.837010073542123E-4 	 7.671236862586216E-4 	 0.0015980158327748768 	 0.001191681930628797 	 6.837010073542123E-4 	 7.671236862586216E-4 	 0.0015980158327748768 	 0.001191681930628797 	 6.837010073542123E-4 	 7.671236862586216E-4 	 0.0015980158327748768 	 0.001191681930628797 	 6.837010073542123E-4 	 7.671236862586216E-4 	 
0.1200000000000001 	 0.0014971884229465376 	 0.0011492287481319383 	 0.0010149761569763684 	 6.862729334332022E-4 	 0.0014971884229465376 	 0.0011492287481319383 	 0.0010149761569763684 	 6.862729334332022E-4 	 0.0014971884229465376 	 0.0011492287481319383 	 0.0010149761569763684 	 6.862729334332022E-4 	 0.0014971884229465376 	 0.0011492287481319383 	 0.0010149761569763684 	 6.862729334332022E-4 	 
0.14400000000000013 	 0.0014066303131384053 	 0.0010353505946721206 	 0.0015142436737147341 	 6.219054533803958E-4 	 0.0014066303131384053 	 0.0010353505946721206 	 0.0015142436737147341 	 6.219054533803958E-4 	 0.0014066303131384053 	 0.0010353505946721206 	 0.0015142436737147341 	 6.219054533803958E-4 	 0.0014066303131384053 	 0.0010353505946721206 	 0.0015142436737147341 	 6.219054533803958E-4 	 
0.16800000000000015 	 0.0013010730850389195 	 9.287505057356434E-4 	 0.0023641239877665223 	 5.419678621144761E-4 	 0.0013010730850389195 	 9.287505057356434E-4 	 0.0023641239877665223 	 5.419678621144761E-4 	 0.0013010730850389195 	 9.287505057356434E-4 	 0.0023641239877665223 	 5.419678621144761E-4 	 0.0013010730850389195 	 9.287505057356434E-4 	 0.0023641239877665223 	 5.419678621144761E-4 	 
0.19200000000000017 	 0.0012052627853019427 	 9.069691167186405E-4 	 0.003619822197219582 	 4.545985996541732E-4 	 0.0012052627853019427 	 9.069691167186405E-4 	 0.003619822197219582 	 4.545985996541732E-4 	 0.0012052627853019427 	 9.069691167186405E-4 	 0.003619822197219582 	 4.545985996541732E-4 	 0.0012052627853019427 	 9.069691167186405E-4 	 0.003619822197219582 	 4.545985996541732E-4 	 
0.2160000000000002 	 0.0011368040591718562 	 8.599371744505462E-4 	 0.00540179532131811 	 3.924338347204879E-4 	 0.0011368040591718562 	 8.599371744505462E-4 	 0.00540179532131811 	 3.924338347204879E-4 	 0.0011368040591718562 	 8.599371744505462E-4 	 0.00540179532131811 	 3.924338347204879E-4 	 0.0011368040591718562 	 8.599371744505462E-4 	 0.00540179532131811 	 3.924338347204879E-4 	 
0.2400000000000002 	 0.0010868506949187158 	 8.372475035229413E-4 	 0.007831510733702543 	 3.4894763861204433E-4 	 0.0010868506949187158 	 8.372475035229413E-4 	 0.007831510733702543 	 3.4894763861204433E-4 	 0.0010868506949187158 	 8.372475035229413E-4 	 0.007831510733702543 	 3.4894763861204433E-4 	 0.0010868506949187158 	 8.372475035229413E-4 	 0.007831510733702543 	 3.4894763861204433E-4 	 
0.26400000000000023 	 0.0010606170333423036 	 8.104663665159933E-4 	 0.010990849955712043 	 3.228198220117018E-4 	 0.0010606170333423036 	 8.104663665159933E-4 	 0.010990849955712043 	 3.228198220117018E-4 	 0.0010606170333423036 	 8.104663665159933E-4 	 0.010990849955712043 	 3.228198220117018E-4 	 0.0010606170333423036 	 8.104663665159933E-4 	 0.010990849955712043 	 3.228198220117018E-4 	 
0.28800000000000026 	 0.0010314539185853895 	 7.919298713689692E-4 	 0.014966954962940607 	 2.921716583758354E-4 	 0.0010314539185853895 	 7.919298713689692E-4 	 0.014966954962940607 	 2.921716583758354E-4 	 0.0010314539185853895 	 7.919298713689692E-4 	 0.014966954962940607 	 2.921716583758354E-4 	 0.0010314539185853895 	 7.919298713689692E-4 	 0.014966954962940607 	 2.921716583758354E-4 	 
0.3120000000000003 	 0.0010126490252097557 	 7.612506443365582E-4 	 0.019791822158128296 	 2.666962690216436E-4 	 0.0010126490252097557 	 7.612506443365582E-4 	 0.019791822158128296 	 2.666962690216436E-4 	 0.0010126490252097557 	 7.612506443365582E-4 	 0.019791822158128296 	 2.666962690216436E-4 	 0.0010126490252097557 	 7.612506443365582E-4 	 0.019791822158128296 	 2.666962690216436E-4 	 
0.33599999999999985 	 9.909627796867004E-4 	 7.211780944282041E-4 	 0.02549394530784909 	 2.3878808745684104E-4 	 9.909627796867004E-4 	 7.211780944282041E-4 	 0.02549394530784909 	 2.3878808745684104E-4 	 9.909627796867004E-4 	 7.211780944282041E-4 	 0.02549394530784909 	 2.3878808745684104E-4 	 9.909627796867004E-4 	 7.211780944282041E-4 	 0.02549394530784909 	 2.3878808745684104E-4 	 
0.3599999999999999 	 9.641327057617866E-4 	 6.840629468309547E-4 	 0.03129539147171506 	 2.0324904781159365E-4 	 9.641327057617866E-4 	 6.840629468309547E-4 	 0.03129539147171506 	 2.0324904781159365E-4 	 9.641327057617866E-4 	 6.840629468309547E-4 	 0.03129539147171506 	 2.0324904781159365E-4 	 9.641327057617866E-4 	 6.840629468309547E-4 	 0.03129539147171506 	 2.0324904781159365E-4 	 
0.3839999999999999 	 9.400611930779307E-4 	 6.786183021095065E-4 	 0.037366165204390206 	 1.709908375172823E-4 	 9.400611930779307E-4 	 6.786183021095065E-4 	 0.037366165204390206 	 1.709908375172823E-4 	 9.400611930779307E-4 	 6.786183021095065E-4 	 0.037366165204390206 	 1.709908375172823E-4 	 9.400611930779307E-4 	 6.786183021095065E-4 	 0.037366165204390206 	 1.709908375172823E-4 	 
0.4079999999999999 	 9.244354284412253E-4 	 6.750778122753266E-4 	 0.043091177479867813 	 1.5320264339339953E-4 	 9.244354284412253E-4 	 6.750778122753266E-4 	 0.043091177479867813 	 1.5320264339339953E-4 	 9.244354284412253E-4 	 6.750778122753266E-4 	 0.043091177479867813 	 1.5320264339339953E-4 	 9.244354284412253E-4 	 6.750778122753266E-4 	 0.043091177479867813 	 1.5320264339339953E-4 	 
0.43199999999999994 	 9.082327957107803E-4 	 6.4096126042385E-4 	 0.04837261760682428 	 1.4521658846418503E-4 	 9.082327957107803E-4 	 6.4096126042385E-4 	 0.04837261760682428 	 1.4521658846418503E-4 	 9.082327957107803E-4 	 6.4096126042385E-4 	 0.04837261760682428 	 1.4521658846418503E-4 	 9.082327957107803E-4 	 6.4096126042385E-4 	 0.04837261760682428 	 1.4521658846418503E-4 	 
0.45599999999999996 	 8.840710231762447E-4 	 6.169728301586312E-4 	 0.052637220078525775 	 1.3698176897856883E-4 	 8.840710231762447E-4 	 6.169728301586312E-4 	 0.052637220078525775 	 1.3698176897856883E-4 	 8.840710231762447E-4 	 6.169728301586312E-4 	 0.052637220078525775 	 1.3698176897856883E-4 	 8.840710231762447E-4 	 6.169728301586312E-4 	 0.052637220078525775 	 1.3698176897856883E-4 	 
0.48 	 8.566959533771727E-4 	 5.908368790085879E-4 	 0.05547960950726137 	 1.2786060347131365E-4 	 8.566959533771727E-4 	 5.908368790085879E-4 	 0.05547960950726137 	 1.2786060347131365E-4 	 8.566959533771727E-4 	 5.908368790085879E-4 	 0.05547960950726137 	 1.2786060347131365E-4 	 8.566959533771727E-4 	 5.908368790085879E-4 	 0.05547960950726137 	 1.2786060347131365E-4 	 
0.504 	 8.171432146051975E-4 	 5.455711058380653E-4 	 0.057437633997228524 	 1.188900176566264E-4 	 8.171432146051975E-4 	 5.455711058380653E-4 	 0.057437633997228524 	 1.188900176566264E-4 	 8.171432146051975E-4 	 5.455711058380653E-4 	 0.057437633997228524 	 1.188900176566264E-4 	 8.171432146051975E-4 	 5.455711058380653E-4 	 0.057437633997228524 	 1.188900176566264E-4 	 
0.528 	 7.709047088796688E-4 	 5.094389154497788E-4 	 0.057615466225599835 	 1.0751867742267012E-4 	 7.709047088796688E-4 	 5.094389154497788E-4 	 0.057615466225599835 	 1.0751867742267012E-4 	 7.709047088796688E-4 	 5.094389154497788E-4 	 0.057615466225599835 	 1.0751867742267012E-4 	 7.709047088796688E-4 	 5.094389154497788E-4 	 0.057615466225599835 	 1.0751867742267012E-4 	 
0.552 	 7.163382005010724E-4 	 4.7138443495130407E-4 	 0.05628233442340481 	 9.707394399404925E-5 	 7.163382005010724E-4 	 4.7138443495130407E-4 	 0.05628233442340481 	 9.707394399404925E-5 	 7.163382005010724E-4 	 4.7138443495130407E-4 	 0.05628233442340481 	 9.707394399404925E-5 	 7.163382005010724E-4 	 4.7138443495130407E-4 	 0.05628233442340481 	 9.707394399404925E-5 	 
0.5760000000000001 	 6.630130107364954E-4 	 4.4445798373042724E-4 	 0.054164254605240346 	 9.162082856197074E-5 	 6.630130107364954E-4 	 4.4445798373042724E-4 	 0.054164254605240346 	 9.162082856197074E-5 	 6.630130107364954E-4 	 4.4445798373042724E-4 	 0.054164254605240346 	 9.162082856197074E-5 	 6.630130107364954E-4 	 4.4445798373042724E-4 	 0.054164254605240346 	 9.162082856197074E-5 	 
0.6000000000000001 	 6.093031680924599E-4 	 3.916434723942958E-4 	 0.05053736281304373 	 9.052544831320557E-5 	 6.093031680924599E-4 	 3.916434723942958E-4 	 0.05053736281304373 	 9.052544831320557E-5 	 6.093031680924599E-4 	 3.916434723942958E-4 	 0.05053736281304373 	 9.052544831320557E-5 	 6.093031680924599E-4 	 3.916434723942958E-4 	 0.05053736281304373 	 9.052544831320557E-5 	 
0.6240000000000001 	 5.432438342718955E-4 	 3.324745518771078E-4 	 0.04509757457154002 	 8.226015728734819E-5 	 5.432438342718955E-4 	 3.324745518771078E-4 	 0.04509757457154002 	 8.226015728734819E-5 	 5.432438342718955E-4 	 3.324745518771078E-4 	 0.04509757457154002 	 8.226015728734819E-5 	 5.432438342718955E-4 	 3.324745518771078E-4 	 0.04509757457154002 	 8.226015728734819E-5 	 
0.6480000000000001 	 4.7268284337081143E-4 	 2.967594056537514E-4 	 0.0395925726420336 	 6.699429741177835E-5 	 4.7268284337081143E-4 	 2.967594056537514E-4 	 0.0395925726420336 	 6.699429741177835E-5 	 4.7268284337081143E-4 	 2.967594056537514E-4 	 0.0395925726420336 	 6.699429741177835E-5 	 4.7268284337081143E-4 	 2.967594056537514E-4 	 0.0395925726420336 	 6.699429741177835E-5 	 
0.6720000000000002 	 4.1158277339490234E-4 	 2.56124495091715E-4 	 0.03433116639548908 	 5.654013521448338E-5 	 4.1158277339490234E-4 	 2.56124495091715E-4 	 0.03433116639548908 	 5.654013521448338E-5 	 4.1158277339490234E-4 	 2.56124495091715E-4 	 0.03433116639548908 	 5.654013521448338E-5 	 4.1158277339490234E-4 	 2.56124495091715E-4 	 0.03433116639548908 	 5.654013521448338E-5 	 
0.6960000000000002 	 3.5759459988736394E-4 	 2.3812446869595164E-4 	 0.02949284598069149 	 4.875398249285125E-5 	 3.5759459988736394E-4 	 2.3812446869595164E-4 	 0.02949284598069149 	 4.875398249285125E-5 	 3.5759459988736394E-4 	 2.3812446869595164E-4 	 0.02949284598069149 	 4.875398249285125E-5 	 3.5759459988736394E-4 	 2.3812446869595164E-4 	 0.02949284598069149 	 4.875398249285125E-5 	 
0.7200000000000002 	 3.1568024586209754E-4 	 2.0124728509663003E-4 	 0.025593834751849284 	 4.884421809864239E-5 	 3.1568024586209754E-4 	 2.0124728509663003E-4 	 0.025593834751849284 	 4.884421809864239E-5 	 3.1568024586209754E-4 	 2.0124728509663003E-4 	 0.025593834751849284 	 4.884421809864239E-5 	 3.1568024586209754E-4 	 2.0124728509663003E-4 	 0.025593834751849284 	 4.884421809864239E-5 	 
0.7440000000000002 	 2.7484019309681365E-4 	 1.6659502473008212E-4 	 0.02213429313497517 	 4.298622297035153E-5 	 2.7484019309681365E-4 	 1.6659502473008212E-4 	 0.02213429313497517 	 4.298622297035153E-5 	 2.7484019309681365E-4 	 1.6659502473008212E-4 	 0.02213429313497517 	 4.298622297035153E-5 	 2.7484019309681365E-4 	 1.6659502473008212E-4 	 0.02213429313497517 	 4.298622297035153E-5 	 
0.7680000000000002 	 2.3653227833180668E-4 	 1.4446343378815283E-4 	 0.01918489426726128 	 3.409404831854684E-5 	 2.3653227833180668E-4 	 1.4446343378815283E-4 	 0.01918489426726128 	 3.409404831854684E-5 	 2.3653227833180668E-4 	 1.4446343378815283E-4 	 0.01918489426726128 	 3.409404831854684E-5 	 2.3653227833180668E-4 	 1.4446343378815283E-4 	 0.01918489426726128 	 3.409404831854684E-5 	 
0.7920000000000003 	 2.0632902400079543E-4 	 1.4189374247732033E-4 	 0.016507680416808706 	 2.7571899352261463E-5 	 2.0632902400079543E-4 	 1.4189374247732033E-4 	 0.016507680416808706 	 2.7571899352261463E-5 	 2.0632902400079543E-4 	 1.4189374247732033E-4 	 0.016507680416808706 	 2.7571899352261463E-5 	 2.0632902400079543E-4 	 1.4189374247732033E-4 	 0.016507680416808706 	 2.7571899352261463E-5 	 
0.8160000000000003 	 1.8358024420820094E-4 	 1.2050716244589754E-4 	 0.014686749909180861 	 2.7802471264477833E-5 	 1.8358024420820094E-4 	 1.2050716244589754E-4 	 0.014686749909180861 	 2.7802471264477833E-5 	 1.8358024420820094E-4 	 1.2050716244589754E-4 	 0.014686749909180861 	 2.7802471264477833E-5 	 1.8358024420820094E-4 	 1.2050716244589754E-4 	 0.014686749909180861 	 2.7802471264477833E-5 	 
0.8399999999999999 	 1.634506990772158E-4 	 9.928557266146075E-5 	 0.013384303311949694 	 2.6612167061599626E-5 	 1.634506990772158E-4 	 9.928557266146075E-5 	 0.013384303311949694 	 2.6612167061599626E-5 	 1.634506990772158E-4 	 9.928557266146075E-5 	 0.013384303311949694 	 2.6612167061599626E-5 	 1.634506990772158E-4 	 9.928557266146075E-5 	 0.013384303311949694 	 2.6612167061599626E-5 	 
0.8639999999999999 	 1.4292094415816126E-4 	 8.676336613075617E-5 	 0.011934755684767378 	 2.1418290348353373E-5 	 1.4292094415816126E-4 	 8.676336613075617E-5 	 0.011934755684767378 	 2.1418290348353373E-5 	 1.4292094415816126E-4 	 8.676336613075617E-5 	 0.011934755684767378 	 2.1418290348353373E-5 	 1.4292094415816126E-4 	 8.676336613075617E-5 	 0.011934755684767378 	 2.1418290348353373E-5 	 
0.8879999999999999 	 1.2361758954121513E-4 	 7.568019555827627E-5 	 0.01042449719819833 	 1.5971511813825747E-5 	 1.2361758954121513E-4 	 7.568019555827627E-5 	 0.01042449719819833 	 1.5971511813825747E-5 	 1.2361758954121513E-4 	 7.568019555827627E-5 	 0.01042449719819833 	 1.5971511813825747E-5 	 1.2361758954121513E-4 	 7.568019555827627E-5 	 0.01042449719819833 	 1.5971511813825747E-5 	 
0.9119999999999999 	 1.064362782360563E-4 	 6.609993884665818E-5 	 0.00905911699953624 	 1.2416129558621563E-5 	 1.064362782360563E-4 	 6.609993884665818E-5 	 0.00905911699953624 	 1.2416129558621563E-5 	 1.064362782360563E-4 	 6.609993884665818E-5 	 0.00905911699953624 	 1.2416129558621563E-5 	 1.064362782360563E-4 	 6.609993884665818E-5 	 0.00905911699953624 	 1.2416129558621563E-5 	 
0.9359999999999999 	 9.234601268035782E-5 	 5.736186422701E-5 	 0.008038697998475433 	 1.0375819320159096E-5 	 9.234601268035782E-5 	 5.736186422701E-5 	 0.008038697998475433 	 1.0375819320159096E-5 	 9.234601268035782E-5 	 5.736186422701E-5 	 0.008038697998475433 	 1.0375819320159096E-5 	 9.234601268035782E-5 	 5.736186422701E-5 	 0.008038697998475433 	 1.0375819320159096E-5 	 
0.96 	 8.073037576120861E-5 	 4.9971686387736185E-5 	 0.0071588225858651156 	 8.973177581526976E-6 	 8.073037576120861E-5 	 4.9971686387736185E-5 	 0.0071588225858651156 	 8.973177581526976E-6 	 8.073037576120861E-5 	 4.9971686387736185E-5 	 0.0071588225858651156 	 8.973177581526976E-6 	 8.073037576120861E-5 	 4.9971686387736185E-5 	 0.0071588225858651156 	 8.973177581526976E-6 	 
0.984 	 7.062103508720167E-5 	 4.359036305666138E-5 	 0.006173473334487332 	 8.099301214758433E-6 	 7.062103508720167E-5 	 4.359036305666138E-5 	 0.006173473334487332 	 8.099301214758433E-6 	 7.062103508720167E-5 	 4.359036305666138E-5 	 0.006173473334487332 	 8.099301214758433E-6 	 7.062103508720167E-5 	 4.359036305666138E-5 	 0.006173473334487332 	 8.099301214758433E-6 	 
1.008 	 6.0613058701455674E-5 	 3.7592534835001016E-5 	 0.005251049625115008 	 6.557779240122342E-6 	 6.0613058701455674E-5 	 3.7592534835001016E-5 	 0.005251049625115008 	 6.557779240122342E-6 	 6.0613058701455674E-5 	 3.7592534835001016E-5 	 0.005251049625115008 	 6.557779240122342E-6 	 6.0613058701455674E-5 	 3.7592534835001016E-5 	 0.005251049625115008 	 6.557779240122342E-6 	 
1.032 	 5.2716498978183596E-5 	 3.258031167052519E-5 	 0.004656817360169271 	 5.860420259563094E-6 	 5.2716498978183596E-5 	 3.258031167052519E-5 	 0.004656817360169271 	 5.860420259563094E-6 	 5.2716498978183596E-5 	 3.258031167052519E-5 	 0.004656817360169271 	 5.860420259563094E-6 	 5.2716498978183596E-5 	 3.258031167052519E-5 	 0.004656817360169271 	 5.860420259563094E-6 	 
1.056 	 4.569209614364048E-5 	 2.830623610940162E-5 	 0.0039658448328924265 	 4.982424557558016E-6 	 4.569209614364048E-5 	 2.830623610940162E-5 	 0.0039658448328924265 	 4.982424557558016E-6 	 4.569209614364048E-5 	 2.830623610940162E-5 	 0.0039658448328924265 	 4.982424557558016E-6 	 4.569209614364048E-5 	 2.830623610940162E-5 	 0.0039658448328924265 	 4.982424557558016E-6 	 
1.08 	 3.928799666825774E-5 	 2.4344595952827786E-5 	 0.0034750561211780674 	 4.283923489906461E-6 	 3.928799666825774E-5 	 2.4344595952827786E-5 	 0.0034750561211780674 	 4.283923489906461E-6 	 3.928799666825774E-5 	 2.4344595952827786E-5 	 0.0034750561211780674 	 4.283923489906461E-6 	 3.928799666825774E-5 	 2.4344595952827786E-5 	 0.0034750561211780674 	 4.283923489906461E-6 	 
1.104 	 3.4296128744747175E-5 	 2.1269207001294146E-5 	 0.0030129524469341877 	 3.783190612160231E-6 	 3.4296128744747175E-5 	 2.1269207001294146E-5 	 0.0030129524469341877 	 3.783190612160231E-6 	 3.4296128744747175E-5 	 2.1269207001294146E-5 	 0.0030129524469341877 	 3.783190612160231E-6 	 3.4296128744747175E-5 	 2.1269207001294146E-5 	 0.0030129524469341877 	 3.783190612160231E-6 	 
1.1280000000000001 	 2.9345424742335495E-5 	 1.8265946006685228E-5 	 0.0025435151905836098 	 3.1948834187293393E-6 	 2.9345424742335495E-5 	 1.8265946006685228E-5 	 0.0025435151905836098 	 3.1948834187293393E-6 	 2.9345424742335495E-5 	 1.8265946006685228E-5 	 0.0025435151905836098 	 3.1948834187293393E-6 	 2.9345424742335495E-5 	 1.8265946006685228E-5 	 0.0025435151905836098 	 3.1948834187293393E-6 	 
1.1520000000000001 	 2.5695055818859856E-5 	 1.5971315006993536E-5 	 0.002238295257635887 	 2.8860270893297964E-6 	 2.5695055818859856E-5 	 1.5971315006993536E-5 	 0.002238295257635887 	 2.8860270893297964E-6 	 2.5695055818859856E-5 	 1.5971315006993536E-5 	 0.002238295257635887 	 2.8860270893297964E-6 	 2.5695055818859856E-5 	 1.5971315006993536E-5 	 0.002238295257635887 	 2.8860270893297964E-6 	 
1.1760000000000002 	 2.2483067241624928E-5 	 1.3778311629741215E-5 	 0.0019195463572431798 	 2.768421191670154E-6 	 2.2483067241624928E-5 	 1.3778311629741215E-5 	 0.0019195463572431798 	 2.768421191670154E-6 	 2.2483067241624928E-5 	 1.3778311629741215E-5 	 0.0019195463572431798 	 2.768421191670154E-6 	 2.2483067241624928E-5 	 1.3778311629741215E-5 	 0.0019195463572431798 	 2.768421191670154E-6 	 
1.2000000000000002 	 1.9237590791554928E-5 	 1.1959551382149574E-5 	 0.0015830838284788837 	 2.108750181703401E-6 	 1.9237590791554928E-5 	 1.1959551382149574E-5 	 0.0015830838284788837 	 2.108750181703401E-6 	 1.9237590791554928E-5 	 1.1959551382149574E-5 	 0.0015830838284788837 	 2.108750181703401E-6 	 1.9237590791554928E-5 	 1.1959551382149574E-5 	 0.0015830838284788837 	 2.108750181703401E-6 	 
1.2240000000000002 	 1.6688541224939052E-5 	 1.0460717934744347E-5 	 0.0013776460435741388 	 1.9314461223978904E-6 	 1.6688541224939052E-5 	 1.0460717934744347E-5 	 0.0013776460435741388 	 1.9314461223978904E-6 	 1.6688541224939052E-5 	 1.0460717934744347E-5 	 0.0013776460435741388 	 1.9314461223978904E-6 	 1.6688541224939052E-5 	 1.0460717934744347E-5 	 0.0013776460435741388 	 1.9314461223978904E-6 	 
1.2480000000000002 	 1.4813686322640583E-5 	 9.252391555699785E-6 	 0.0011675347933779421 	 1.8251701285646923E-6 	 1.4813686322640583E-5 	 9.252391555699785E-6 	 0.0011675347933779421 	 1.8251701285646923E-6 	 1.4813686322640583E-5 	 9.252391555699785E-6 	 0.0011675347933779421 	 1.8251701285646923E-6 	 1.4813686322640583E-5 	 9.252391555699785E-6 	 0.0011675347933779421 	 1.8251701285646923E-6 	 
1.2720000000000002 	 1.273395854881403E-5 	 8.065476955132348E-6 	 0.0010906913464763283 	 1.4292065313979233E-6 	 1.273395854881403E-5 	 8.065476955132348E-6 	 0.0010906913464763283 	 1.4292065313979233E-6 	 1.273395854881403E-5 	 8.065476955132348E-6 	 0.0010906913464763283 	 1.4292065313979233E-6 	 1.273395854881403E-5 	 8.065476955132348E-6 	 0.0010906913464763283 	 1.4292065313979233E-6 	 
1.2960000000000003 	 1.1434808268144002E-5 	 7.053982621241497E-6 	 0.001003319260795879 	 1.3128323583470608E-6 	 1.1434808268144002E-5 	 7.053982621241497E-6 	 0.001003319260795879 	 1.3128323583470608E-6 	 1.1434808268144002E-5 	 7.053982621241497E-6 	 0.001003319260795879 	 1.3128323583470608E-6 	 1.1434808268144002E-5 	 7.053982621241497E-6 	 0.001003319260795879 	 1.3128323583470608E-6 	 
1.3200000000000003 	 1.0100610805712685E-5 	 6.335264457946264E-6 	 8.483504637414283E-4 	 1.0980613068727372E-6 	 1.0100610805712685E-5 	 6.335264457946264E-6 	 8.483504637414283E-4 	 1.0980613068727372E-6 	 1.0100610805712685E-5 	 6.335264457946264E-6 	 8.483504637414283E-4 	 1.0980613068727372E-6 	 1.0100610805712685E-5 	 6.335264457946264E-6 	 8.483504637414283E-4 	 1.0980613068727372E-6 	 
1.3440000000000003 	 8.553874268448534E-6 	 5.4141603613633605E-6 	 7.352991559400464E-4 	 9.46560811538434E-7 	 8.553874268448534E-6 	 5.4141603613633605E-6 	 7.352991559400464E-4 	 9.46560811538434E-7 	 8.553874268448534E-6 	 5.4141603613633605E-6 	 7.352991559400464E-4 	 9.46560811538434E-7 	 8.553874268448534E-6 	 5.4141603613633605E-6 	 7.352991559400464E-4 	 9.46560811538434E-7 	 
1.3680000000000003 	 7.531570148675546E-6 	 4.815679972455214E-6 	 6.389474752756643E-4 	 8.104365110789161E-7 	 7.531570148675546E-6 	 4.815679972455214E-6 	 6.389474752756643E-4 	 8.104365110789161E-7 	 7.531570148675546E-6 	 4.815679972455214E-6 	 6.389474752756643E-4 	 8.104365110789161E-7 	 7.531570148675546E-6 	 4.815679972455214E-6 	 6.389474752756643E-4 	 8.104365110789161E-7 	 
1.3920000000000003 	 6.502249133232116E-6 	 4.073305913653958E-6 	 5.948887486457863E-4 	 7.565945514682623E-7 	 6.502249133232116E-6 	 4.073305913653958E-6 	 5.948887486457863E-4 	 7.565945514682623E-7 	 6.502249133232116E-6 	 4.073305913653958E-6 	 5.948887486457863E-4 	 7.565945514682623E-7 	 6.502249133232116E-6 	 4.073305913653958E-6 	 5.948887486457863E-4 	 7.565945514682623E-7 	 
1.4160000000000004 	 5.8257256962859134E-6 	 3.624888132214323E-6 	 5.081369464232599E-4 	 6.310847282581455E-7 	 5.8257256962859134E-6 	 3.624888132214323E-6 	 5.081369464232599E-4 	 6.310847282581455E-7 	 5.8257256962859134E-6 	 3.624888132214323E-6 	 5.081369464232599E-4 	 6.310847282581455E-7 	 5.8257256962859134E-6 	 3.624888132214323E-6 	 5.081369464232599E-4 	 6.310847282581455E-7 	 
1.4400000000000004 	 5.055489571293829E-6 	 3.1661941609279355E-6 	 4.1752106104505287E-4 	 5.865291751115173E-7 	 5.055489571293829E-6 	 3.1661941609279355E-6 	 4.1752106104505287E-4 	 5.865291751115173E-7 	 5.055489571293829E-6 	 3.1661941609279355E-6 	 4.1752106104505287E-4 	 5.865291751115173E-7 	 5.055489571293829E-6 	 3.1661941609279355E-6 	 4.1752106104505287E-4 	 5.865291751115173E-7 	 
1.4640000000000004 	 4.320372439548159E-6 	 2.8120340464057457E-6 	 2.9612852275973626E-4 	 4.6483460162786346E-7 	 4.320372439548159E-6 	 2.8120340464057457E-6 	 2.9612852275973626E-4 	 4.6483460162786346E-7 	 4.320372439548159E-6 	 2.8120340464057457E-6 	 2.9612852275973626E-4 	 4.6483460162786346E-7 	 4.320372439548159E-6 	 2.8120340464057457E-6 	 2.9612852275973626E-4 	 4.6483460162786346E-7 	 
1.4880000000000004 	 3.6157009069118492E-6 	 2.40823666481607E-6 	 2.868872504001157E-4 	 3.8199912153682163E-7 	 3.6157009069118492E-6 	 2.40823666481607E-6 	 2.868872504001157E-4 	 3.8199912153682163E-7 	 3.6157009069118492E-6 	 2.40823666481607E-6 	 2.868872504001157E-4 	 3.8199912153682163E-7 	 3.6157009069118492E-6 	 2.40823666481607E-6 	 2.868872504001157E-4 	 3.8199912153682163E-7 	 
1.5120000000000005 	 3.4272524943048667E-6 	 2.2225758999363454E-6 	 3.0518541879352614E-4 	 3.650759793271345E-7 	 3.4272524943048667E-6 	 2.2225758999363454E-6 	 3.0518541879352614E-4 	 3.650759793271345E-7 	 3.4272524943048667E-6 	 2.2225758999363454E-6 	 3.0518541879352614E-4 	 3.650759793271345E-7 	 3.4272524943048667E-6 	 2.2225758999363454E-6 	 3.0518541879352614E-4 	 3.650759793271345E-7 	 
1.5360000000000005 	 3.2008260253881035E-6 	 2.02535363822215E-6 	 3.0092067947215734E-4 	 3.488300200611527E-7 	 3.2008260253881035E-6 	 2.02535363822215E-6 	 3.0092067947215734E-4 	 3.488300200611527E-7 	 3.2008260253881035E-6 	 2.02535363822215E-6 	 3.0092067947215734E-4 	 3.488300200611527E-7 	 3.2008260253881035E-6 	 2.02535363822215E-6 	 3.0092067947215734E-4 	 3.488300200611527E-7 	 
1.5600000000000005 	 2.9387093584027762E-6 	 1.8677044490142942E-6 	 2.6690908102334116E-4 	 3.25859827446493E-7 	 2.9387093584027762E-6 	 1.8677044490142942E-6 	 2.6690908102334116E-4 	 3.25859827446493E-7 	 2.9387093584027762E-6 	 1.8677044490142942E-6 	 2.6690908102334116E-4 	 3.25859827446493E-7 	 2.9387093584027762E-6 	 1.8677044490142942E-6 	 2.6690908102334116E-4 	 3.25859827446493E-7 	 
1.5840000000000005 	 2.5171264474107774E-6 	 1.5517547515510574E-6 	 2.606956860082263E-4 	 2.7945677945838607E-7 	 2.5171264474107774E-6 	 1.5517547515510574E-6 	 2.606956860082263E-4 	 2.7945677945838607E-7 	 2.5171264474107774E-6 	 1.5517547515510574E-6 	 2.606956860082263E-4 	 2.7945677945838607E-7 	 2.5171264474107774E-6 	 1.5517547515510574E-6 	 2.606956860082263E-4 	 2.7945677945838607E-7 	 
1.6080000000000005 	 2.3112756550923297E-6 	 1.3679740350955064E-6 	 2.5752198108589376E-4 	 2.611144209184998E-7 	 2.3112756550923297E-6 	 1.3679740350955064E-6 	 2.5752198108589376E-4 	 2.611144209184998E-7 	 2.3112756550923297E-6 	 1.3679740350955064E-6 	 2.5752198108589376E-4 	 2.611144209184998E-7 	 2.3112756550923297E-6 	 1.3679740350955064E-6 	 2.5752198108589376E-4 	 2.611144209184998E-7 	 
1.6319999999999997 	 1.975394907769089E-6 	 1.1210786678189396E-6 	 2.103148149173861E-4 	 2.311050816528455E-7 	 1.975394907769089E-6 	 1.1210786678189396E-6 	 2.103148149173861E-4 	 2.311050816528455E-7 	 1.975394907769089E-6 	 1.1210786678189396E-6 	 2.103148149173861E-4 	 2.311050816528455E-7 	 1.975394907769089E-6 	 1.1210786678189396E-6 	 2.103148149173861E-4 	 2.311050816528455E-7 	 
1.6559999999999997 	 1.596177443155104E-6 	 9.17587083962335E-7 	 1.3900995402485412E-4 	 1.7792984729915254E-7 	 1.596177443155104E-6 	 9.17587083962335E-7 	 1.3900995402485412E-4 	 1.7792984729915254E-7 	 1.596177443155104E-6 	 9.17587083962335E-7 	 1.3900995402485412E-4 	 1.7792984729915254E-7 	 1.596177443155104E-6 	 9.17587083962335E-7 	 1.3900995402485412E-4 	 1.7792984729915254E-7 	 
1.6799999999999997 	 1.1839002965275529E-6 	 7.200544212031948E-7 	 1.0495887648765717E-4 	 1.2742164952313545E-7 	 1.1839002965275529E-6 	 7.200544212031948E-7 	 1.0495887648765717E-4 	 1.2742164952313545E-7 	 1.1839002965275529E-6 	 7.200544212031948E-7 	 1.0495887648765717E-4 	 1.2742164952313545E-7 	 1.1839002965275529E-6 	 7.200544212031948E-7 	 1.0495887648765717E-4 	 1.2742164952313545E-7 	 
1.7039999999999997 	 9.5915518803624E-7 	 5.959107056148328E-7 	 8.536827532343214E-5 	 1.0150515101476618E-7 	 9.5915518803624E-7 	 5.959107056148328E-7 	 8.536827532343214E-5 	 1.0150515101476618E-7 	 9.5915518803624E-7 	 5.959107056148328E-7 	 8.536827532343214E-5 	 1.0150515101476618E-7 	 9.5915518803624E-7 	 5.959107056148328E-7 	 8.536827532343214E-5 	 1.0150515101476618E-7 	 
1.7279999999999998 	 8.400268588433258E-7 	 5.281369546582165E-7 	 7.468955114567554E-5 	 9.610654090326099E-8 	 8.400268588433258E-7 	 5.281369546582165E-7 	 7.468955114567554E-5 	 9.610654090326099E-8 	 8.400268588433258E-7 	 5.281369546582165E-7 	 7.468955114567554E-5 	 9.610654090326099E-8 	 8.400268588433258E-7 	 5.281369546582165E-7 	 7.468955114567554E-5 	 9.610654090326099E-8 	 
1.7519999999999998 	 7.095515292153733E-7 	 4.40132665464689E-7 	 6.828733390478261E-5 	 7.774912344806431E-8 	 7.095515292153733E-7 	 4.40132665464689E-7 	 6.828733390478261E-5 	 7.774912344806431E-8 	 7.095515292153733E-7 	 4.40132665464689E-7 	 6.828733390478261E-5 	 7.774912344806431E-8 	 7.095515292153733E-7 	 4.40132665464689E-7 	 6.828733390478261E-5 	 7.774912344806431E-8 	 
1.7759999999999998 	 6.376816726915449E-7 	 3.830995463109004E-7 	 6.418909658971011E-5 	 6.479042241242881E-8 	 6.376816726915449E-7 	 3.830995463109004E-7 	 6.418909658971011E-5 	 6.479042241242881E-8 	 6.376816726915449E-7 	 3.830995463109004E-7 	 6.418909658971011E-5 	 6.479042241242881E-8 	 6.376816726915449E-7 	 3.830995463109004E-7 	 6.418909658971011E-5 	 6.479042241242881E-8 	 
1.7999999999999998 	 5.536073930171279E-7 	 3.363603101869691E-7 	 4.9511530254368647E-5 	 6.69505212931689E-8 	 5.536073930171279E-7 	 3.363603101869691E-7 	 4.9511530254368647E-5 	 6.69505212931689E-8 	 5.536073930171279E-7 	 3.363603101869691E-7 	 4.9511530254368647E-5 	 6.69505212931689E-8 	 5.536073930171279E-7 	 3.363603101869691E-7 	 4.9511530254368647E-5 	 6.69505212931689E-8 	 
1.8239999999999998 	 4.487029266795333E-7 	 2.8738628257197487E-7 	 3.649279741091913E-5 	 4.319371769497326E-8 	 4.487029266795333E-7 	 2.8738628257197487E-7 	 3.649279741091913E-5 	 4.319371769497326E-8 	 4.487029266795333E-7 	 2.8738628257197487E-7 	 3.649279741091913E-5 	 4.319371769497326E-8 	 4.487029266795333E-7 	 2.8738628257197487E-7 	 3.649279741091913E-5 	 4.319371769497326E-8 	 
1.8479999999999999 	 3.7597211451974856E-7 	 2.3619083302535615E-7 	 4.3985628721617533E-5 	 4.427358641129437E-8 	 3.7597211451974856E-7 	 2.3619083302535615E-7 	 4.3985628721617533E-5 	 4.427358641129437E-8 	 3.7597211451974856E-7 	 2.3619083302535615E-7 	 4.3985628721617533E-5 	 4.427358641129437E-8 	 3.7597211451974856E-7 	 2.3619083302535615E-7 	 4.3985628721617533E-5 	 4.427358641129437E-8 	 
1.8719999999999999 	 3.529282997780239E-7 	 2.0411964026713508E-7 	 3.821837884902117E-5 	 3.9954047761052254E-8 	 3.529282997780239E-7 	 2.0411964026713508E-7 	 3.821837884902117E-5 	 3.9954047761052254E-8 	 3.529282997780239E-7 	 2.0411964026713508E-7 	 3.821837884902117E-5 	 3.9954047761052254E-8 	 3.529282997780239E-7 	 2.0411964026713508E-7 	 3.821837884902117E-5 	 3.9954047761052254E-8 	 
1.896 	 2.9851684287309375E-7 	 1.7681712805989913E-7 	 3.12604780290559E-5 	 3.347510118607147E-8 	 2.9851684287309375E-7 	 1.7681712805989913E-7 	 3.12604780290559E-5 	 3.347510118607147E-8 	 2.9851684287309375E-7 	 1.7681712805989913E-7 	 3.12604780290559E-5 	 3.347510118607147E-8 	 2.9851684287309375E-7 	 1.7681712805989913E-7 	 3.12604780290559E-5 	 3.347510118607147E-8 	 
1.92 	 2.3818583461754408E-7 	 1.3210826818485075E-7 	 2.0803303417478443E-5 	 3.0235537545974285E-8 	 2.3818583461754408E-7 	 1.3210826818485075E-7 	 2.0803303417478443E-5 	 3.0235537545974285E-8 	 2.3818583461754408E-7 	 1.3210826818485075E-7 	 2.0803303417478443E-5 	 3.0235537545974285E-8 	 2.3818583461754408E-7 	 1.3210826818485075E-7 	 2.0803303417478443E-5 	 3.0235537545974285E-8 	 
1.944 	 1.719485687572593E-7 	 1.0986736208491811E-7 	 9.53854195922411E-6 	 1.295809511306092E-8 	 1.719485687572593E-7 	 1.0986736208491811E-7 	 9.53854195922411E-6 	 1.295809511306092E-8 	 1.719485687572593E-7 	 1.0986736208491811E-7 	 9.53854195922411E-6 	 1.295809511306092E-8 	 1.719485687572593E-7 	 1.0986736208491811E-7 	 9.53854195922411E-6 	 1.295809511306092E-8 	 
1.968 	 1.3122678368558537E-7 	 8.804717317525613E-8 	 1.0950114339061099E-5 	 1.6197701267046438E-8 	 1.3122678368558537E-7 	 8.804717317525613E-8 	 1.0950114339061099E-5 	 1.6197701267046438E-8 	 1.3122678368558537E-7 	 8.804717317525613E-8 	 1.0950114339061099E-5 	 1.6197701267046438E-8 	 1.3122678368558537E-7 	 8.804717317525613E-8 	 1.0950114339061099E-5 	 1.6197701267046438E-8 	 
1.992 	 1.346981355405265E-7 	 9.451211112737336E-8 	 7.674562397918202E-6 	 1.511782191989906E-8 	 1.346981355405265E-7 	 9.451211112737336E-8 	 7.674562397918202E-6 	 1.511782191989906E-8 	 1.346981355405265E-7 	 9.451211112737336E-8 	 7.674562397918202E-6 	 1.511782191989906E-8 	 1.346981355405265E-7 	 9.451211112737336E-8 	 7.674562397918202E-6 	 1.511782191989906E-8 	 
2.016 	 1.0775627686024788E-7 	 7.380599491708506E-8 	 1.1370839573293953E-5 	 1.0798474597535507E-8 	 1.0775627686024788E-7 	 7.380599491708506E-8 	 1.1370839573293953E-5 	 1.0798474597535507E-8 	 1.0775627686024788E-7 	 7.380599491708506E-8 	 1.1370839573293953E-5 	 1.0798474597535507E-8 	 1.0775627686024788E-7 	 7.380599491708506E-8 	 1.1370839573293953E-5 	 1.0798474597535507E-8 	 
2.04 	 1.228434859512784E-7 	 7.857431657255172E-8 	 1.5836997782643938E-5 	 1.4037942571496143E-8 	 1.228434859512784E-7 	 7.857431657255172E-8 	 1.5836997782643938E-5 	 1.4037942571496143E-8 	 1.228434859512784E-7 	 7.857431657255172E-8 	 1.5836997782643938E-5 	 1.4037942571496143E-8 	 1.228434859512784E-7 	 7.857431657255172E-8 	 1.5836997782643938E-5 	 1.4037942571496143E-8 	 
2.064 	 1.237183905198089E-7 	 6.814667869122786E-8 	 1.3452113532903693E-5 	 1.8357289893231924E-8 	 1.237183905198089E-7 	 6.814667869122786E-8 	 1.3452113532903693E-5 	 1.8357289893231924E-8 	 1.237183905198089E-7 	 6.814667869122786E-8 	 1.3452113532903693E-5 	 1.8357289893231924E-8 	 1.237183905198089E-7 	 6.814667869122786E-8 	 1.3452113532903693E-5 	 1.8357289893231924E-8 	 
2.088 	 9.202185888362951E-8 	 5.397821981233502E-8 	 7.607790110690778E-6 	 6.479020983231445E-9 	 9.202185888362951E-8 	 5.397821981233502E-8 	 7.607790110690778E-6 	 6.479020983231445E-9 	 9.202185888362951E-8 	 5.397821981233502E-8 	 7.607790110690778E-6 	 6.479020983231445E-9 	 9.202185888362951E-8 	 5.397821981233502E-8 	 7.607790110690778E-6 	 6.479020983231445E-9 	 
2.112 	 6.869685193813682E-8 	 3.729718881033477E-8 	 9.494676557583514E-6 	 8.638726530928158E-9 	 6.869685193813682E-8 	 3.729718881033477E-8 	 9.494676557583514E-6 	 8.638726530928158E-9 	 6.869685193813682E-8 	 3.729718881033477E-8 	 9.494676557583514E-6 	 8.638726530928158E-9 	 6.869685193813682E-8 	 3.729718881033477E-8 	 9.494676557583514E-6 	 8.638726530928158E-9 	 
2.136 	 7.139959333413452E-8 	 4.392385580326573E-8 	 3.881504667657234E-6 	 8.63870527304227E-9 	 7.139959333413452E-8 	 4.392385580326573E-8 	 3.881504667657234E-6 	 8.63870527304227E-9 	 7.139959333413452E-8 	 4.392385580326573E-8 	 3.881504667657234E-6 	 8.63870527304227E-9 	 7.139959333413452E-8 	 4.392385580326573E-8 	 3.881504667657234E-6 	 8.63870527304227E-9 	 
2.16 	 3.625029908831236E-8 	 2.40430570547895E-8 	 3.407409861118885E-6 	 2.1596949193815444E-9 	 3.625029908831236E-8 	 2.40430570547895E-8 	 3.407409861118885E-6 	 2.1596949193815444E-9 	 3.625029908831236E-8 	 2.40430570547895E-8 	 3.407409861118885E-6 	 2.1596949193815444E-9 	 3.625029908831236E-8 	 2.40430570547895E-8 	 3.407409861118885E-6 	 2.1596949193815444E-9 	 
2.184 	 4.2818116778256205E-8 	 2.6669249970807227E-8 	 7.229623686475485E-6 	 4.31935795067872E-9 	 4.2818116778256205E-8 	 2.6669249970807227E-8 	 7.229623686475485E-6 	 4.31935795067872E-9 	 4.2818116778256205E-8 	 2.6669249970807227E-8 	 7.229623686475485E-6 	 4.31935795067872E-9 	 4.2818116778256205E-8 	 2.6669249970807227E-8 	 7.229623686475485E-6 	 4.31935795067872E-9 	 
2.208 	 4.706656210917397E-8 	 2.3860208721520535E-8 	 6.627243338332153E-6 	 7.558857812723725E-9 	 4.706656210917397E-8 	 2.3860208721520535E-8 	 6.627243338332153E-6 	 7.558857812723725E-9 	 4.706656210917397E-8 	 2.3860208721520535E-8 	 6.627243338332153E-6 	 7.558857812723725E-9 	 4.706656210917397E-8 	 2.3860208721520535E-8 	 6.627243338332153E-6 	 7.558857812723725E-9 	 
2.232 	 3.389038342149738E-8 	 1.6952854859857476E-8 	 3.665248030395345E-6 	 2.1596524023542317E-9 	 3.389038342149738E-8 	 1.6952854859857476E-8 	 3.665248030395345E-6 	 2.1596524023542317E-9 	 3.389038342149738E-8 	 1.6952854859857476E-8 	 3.665248030395345E-6 	 2.1596524023542317E-9 	 3.389038342149738E-8 	 1.6952854859857476E-8 	 3.665248030395345E-6 	 2.1596524023542317E-9 	 
2.2560000000000002 	 2.0857939048142776E-8 	 7.941571066210325E-9 	 4.483684694501255E-6 	 3.239510490987948E-9 	 2.0857939048142776E-8 	 7.941571066210325E-9 	 4.483684694501255E-6 	 3.239510490987948E-9 	 2.0857939048142776E-8 	 7.941571066210325E-9 	 4.483684694501255E-6 	 3.239510490987948E-9 	 2.0857939048142776E-8 	 7.941571066210325E-9 	 4.483684694501255E-6 	 3.239510490987948E-9 	 
2.2800000000000002 	 1.8418047734605574E-8 	 7.706405937284648E-9 	 1.2648360087236979E-6 	 2.1596524023542317E-9 	 1.8418047734605574E-8 	 7.706405937284648E-9 	 1.2648360087236979E-6 	 2.1596524023542317E-9 	 1.8418047734605574E-8 	 7.706405937284648E-9 	 1.2648360087236979E-6 	 2.1596524023542317E-9 	 1.8418047734605574E-8 	 7.706405937284648E-9 	 1.2648360087236979E-6 	 2.1596524023542317E-9 	 
2.3040000000000003 	 3.2772276219129544E-9 	 1.0413309607388347E-9 	 4.71729028056874E-9 	 0.0 	 3.2772276219129544E-9 	 1.0413309607388347E-9 	 4.71729028056874E-9 	 0.0 	 3.2772276219129544E-9 	 1.0413309607388347E-9 	 4.71729028056874E-9 	 0.0 	 3.2772276219129544E-9 	 1.0413309607388347E-9 	 4.71729028056874E-9 	 0.0 	 
2.3280000000000003 	 0.0 	 0.0 	 0.0 	 0.0 	 0.0 	 0.0 	 0.0 	 0.0 	 0.0 	 0.0 	 0.0 	 0.0 	 0.0 	 0.0 	 0.0 	 0.0 	 
2.3520000000000003 	 0.0 	 0.0 	 0.0 	 0.0 	 0.0 	 0.0 	 0.0 	 0.0 	 0.0 	 0.0 	 0.0 	 0.0 	 0.0 	 0.0 	 0.0 	 0.0 	 
2.3760000000000003 	 0.0 	 0.0 	 0.0 	 0.0 	 0.0 	 0.0 	 0.0 	 0.0 	 0.0 	 0.0 	 0.0 	 0.0 	 0.0 	 0.0 	 0.0 	 0.0 	 
2.4000000000000004 	 0.0 	 0.0 	 0.0 	 0.0 	 0.0 	 0.0 	 0.0 	 0.0 	 0.0 	 0.0 	 0.0 	 0.0 	 0.0 	 0.0 	 0.0 	 0.0 	 
2.4240000000000004 	 0.0 	 0.0 	 0.0 	 0.0 	 0.0 	 0.0 	 0.0 	 0.0 	 0.0 	 0.0 	 0.0 	 0.0 	 0.0 	 0.0 	 0.0 	 0.0 	 
2.4480000000000004 	 0.0 	 0.0 	 0.0 	 0.0 	 0.0 	 0.0 	 0.0 	 0.0 	 0.0 	 0.0 	 0.0 	 0.0 	 0.0 	 0.0 	 0.0 	 0.0 	 
2.4720000000000004 	 0.0 	 0.0 	 0.0 	 0.0 	 0.0 	 0.0 	 0.0 	 0.0 	 0.0 	 0.0 	 0.0 	 0.0 	 0.0 	 0.0 	 0.0 	 0.0 	 
2.4960000000000004 	 0.0 	 0.0 	 0.0 	 0.0 	 0.0 	 0.0 	 0.0 	 0.0 	 0.0 	 0.0 	 0.0 	 0.0 	 0.0 	 0.0 	 0.0 	 0.0 	 
2.5200000000000005 	 0.0 	 0.0 	 0.0 	 0.0 	 0.0 	 0.0 	 0.0 	 0.0 	 0.0 	 0.0 	 0.0 	 0.0 	 0.0 	 0.0 	 0.0 	 0.0 	 
2.5440000000000005 	 0.0 	 0.0 	 0.0 	 0.0 	 0.0 	 0.0 	 0.0 	 0.0 	 0.0 	 0.0 	 0.0 	 0.0 	 0.0 	 0.0 	 0.0 	 0.0 	 
2.5680000000000005 	 0.0 	 0.0 	 0.0 	 0.0 	 0.0 	 0.0 	 0.0 	 0.0 	 0.0 	 0.0 	 0.0 	 0.0 	 0.0 	 0.0 	 0.0 	 0.0 	 
2.5920000000000005 	 0.0 	 0.0 	 0.0 	 0.0 	 0.0 	 0.0 	 0.0 	 0.0 	 0.0 	 0.0 	 0.0 	 0.0 	 0.0 	 0.0 	 0.0 	 0.0 	 
2.6160000000000005 	 0.0 	 0.0 	 0.0 	 0.0 	 0.0 	 0.0 	 0.0 	 0.0 	 0.0 	 0.0 	 0.0 	 0.0 	 0.0 	 0.0 	 0.0 	 0.0 	 
2.6399999999999997 	 0.0 	 0.0 	 0.0 	 0.0 	 0.0 	 0.0 	 0.0 	 0.0 	 0.0 	 0.0 	 0.0 	 0.0 	 0.0 	 0.0 	 0.0 	 0.0 	 
2.6639999999999997 	 0.0 	 0.0 	 0.0 	 0.0 	 0.0 	 0.0 	 0.0 	 0.0 	 0.0 	 0.0 	 0.0 	 0.0 	 0.0 	 0.0 	 0.0 	 0.0 	 
2.6879999999999997 	 0.0 	 0.0 	 0.0 	 0.0 	 0.0 	 0.0 	 0.0 	 0.0 	 0.0 	 0.0 	 0.0 	 0.0 	 0.0 	 0.0 	 0.0 	 0.0 	 
2.7119999999999997 	 0.0 	 0.0 	 0.0 	 0.0 	 0.0 	 0.0 	 0.0 	 0.0 	 0.0 	 0.0 	 0.0 	 0.0 	 0.0 	 0.0 	 0.0 	 0.0 	 
2.7359999999999998 	 0.0 	 0.0 	 0.0 	 0.0 	 0.0 	 0.0 	 0.0 	 0.0 	 0.0 	 0.0 	 0.0 	 0.0 	 0.0 	 0.0 	 0.0 	 0.0 	 
2.76 	 0.0 	 0.0 	 0.0 	 0.0 	 0.0 	 0.0 	 0.0 	 0.0 	 0.0 	 0.0 	 0.0 	 0.0 	 0.0 	 0.0 	 0.0 	 0.0 	 
2.784 	 0.0 	 0.0 	 0.0 	 0.0 	 0.0 	 0.0 	 0.0 	 0.0 	 0.0 	 0.0 	 0.0 	 0.0 	 0.0 	 0.0 	 0.0 	 0.0 	 
2.808 	 0.0 	 0.0 	 0.0 	 0.0 	 0.0 	 0.0 	 0.0 	 0.0 	 0.0 	 0.0 	 0.0 	 0.0 	 0.0 	 0.0 	 0.0 	 0.0 	 
2.832 	 0.0 	 0.0 	 0.0 	 0.0 	 0.0 	 0.0 	 0.0 	 0.0 	 0.0 	 0.0 	 0.0 	 0.0 	 0.0 	 0.0 	 0.0 	 0.0 	 
2.856 	 0.0 	 0.0 	 0.0 	 0.0 	 0.0 	 0.0 	 0.0 	 0.0 	 0.0 	 0.0 	 0.0 	 0.0 	 0.0 	 0.0 	 0.0 	 0.0 	 
2.88 	 0.0 	 0.0 	 0.0 	 0.0 	 0.0 	 0.0 	 0.0 	 0.0 	 0.0 	 0.0 	 0.0 	 0.0 	 0.0 	 0.0 	 0.0 	 0.0 	 
2.904 	 0.0 	 0.0 	 0.0 	 0.0 	 0.0 	 0.0 	 0.0 	 0.0 	 0.0 	 0.0 	 0.0 	 0.0 	 0.0 	 0.0 	 0.0 	 0.0 	 
2.928 	 0.0 	 0.0 	 0.0 	 0.0 	 0.0 	 0.0 	 0.0 	 0.0 	 0.0 	 0.0 	 0.0 	 0.0 	 0.0 	 0.0 	 0.0 	 0.0 	 
2.952 	 0.0 	 0.0 	 0.0 	 0.0 	 0.0 	 0.0 	 0.0 	 0.0 	 0.0 	 0.0 	 0.0 	 0.0 	 0.0 	 0.0 	 0.0 	 0.0 	 
2.976 	 0.0 	 0.0 	 0.0 	 0.0 	 0.0 	 0.0 	 0.0 	 0.0 	 0.0 	 0.0 	 0.0 	 0.0 	 0.0 	 0.0 	 0.0 	 0.0 	 
