-3.0 	 0.0 	 0.0 	 0.0 	 0.0 	 0.0 	 0.0 	 0.0 	 0.0 	 0.0 	 0.0 	 0.0 	 0.0 	 0.0 	 0.0 	 0.0 	 0.0 	 
-2.976 	 1.765097586404833E-5 	 1.137275579965306E-5 	 1.8636606233631762E-5 	 1.760151612504479E-5 	 1.765097586404833E-5 	 1.137275579965306E-5 	 1.8636606233631762E-5 	 1.760151612504479E-5 	 1.765097586404833E-5 	 1.137275579965306E-5 	 1.8636606233631762E-5 	 1.760151612504479E-5 	 1.765097586404833E-5 	 1.137275579965306E-5 	 1.8636606233631762E-5 	 1.760151612504479E-5 	 
-2.952 	 1.4013191757462603E-5 	 5.865594542192265E-6 	 1.87738425804236E-5 	 1.2936452385454327E-5 	 1.4013191757462603E-5 	 5.865594542192265E-6 	 1.87738425804236E-5 	 1.2936452385454327E-5 	 1.4013191757462603E-5 	 5.865594542192265E-6 	 1.87738425804236E-5 	 1.2936452385454327E-5 	 1.4013191757462603E-5 	 5.865594542192265E-6 	 1.87738425804236E-5 	 1.2936452385454327E-5 	 
-2.928 	 1.0062492334649223E-5 	 1.2391716968769589E-5 	 9.01810260104724E-6 	 8.58951218205805E-6 	 1.0062492334649223E-5 	 1.2391716968769589E-5 	 9.01810260104724E-6 	 8.58951218205805E-6 	 1.0062492334649223E-5 	 1.2391716968769589E-5 	 9.01810260104724E-6 	 8.58951218205805E-6 	 1.0062492334649223E-5 	 1.2391716968769589E-5 	 9.01810260104724E-6 	 8.58951218205805E-6 	 
-2.904 	 1.2983151048537487E-5 	 2.7941331604281732E-5 	 2.9441686354094946E-6 	 1.1136703526118931E-5 	 1.2983151048537487E-5 	 2.7941331604281732E-5 	 2.9441686354094946E-6 	 1.1136703526118931E-5 	 1.2983151048537487E-5 	 2.7941331604281732E-5 	 2.9441686354094946E-6 	 1.1136703526118931E-5 	 1.2983151048537487E-5 	 2.7941331604281732E-5 	 2.9441686354094946E-6 	 1.1136703526118931E-5 	 
-2.88 	 2.04379926205418E-5 	 2.0643910036117988E-5 	 3.7576237378518287E-6 	 1.9096654536745053E-5 	 2.04379926205418E-5 	 2.0643910036117988E-5 	 3.7576237378518287E-6 	 1.9096654536745053E-5 	 2.04379926205418E-5 	 2.0643910036117988E-5 	 3.7576237378518287E-6 	 1.9096654536745053E-5 	 2.04379926205418E-5 	 2.0643910036117988E-5 	 3.7576237378518287E-6 	 1.9096654536745053E-5 	 
-2.856 	 2.1770268018384257E-5 	 2.2529948284580597E-5 	 7.814704584152563E-6 	 2.1072981523516205E-5 	 2.1770268018384257E-5 	 2.2529948284580597E-5 	 7.814704584152563E-6 	 2.1072981523516205E-5 	 2.1770268018384257E-5 	 2.2529948284580597E-5 	 7.814704584152563E-6 	 2.1072981523516205E-5 	 2.1770268018384257E-5 	 2.2529948284580597E-5 	 7.814704584152563E-6 	 2.1072981523516205E-5 	 
-2.832 	 2.2207772683259114E-5 	 1.7913900077660525E-5 	 7.309147457626925E-6 	 2.1408552031596764E-5 	 2.2207772683259114E-5 	 1.7913900077660525E-5 	 7.309147457626925E-6 	 2.1408552031596764E-5 	 2.2207772683259114E-5 	 1.7913900077660525E-5 	 7.309147457626925E-6 	 2.1408552031596764E-5 	 2.2207772683259114E-5 	 1.7913900077660525E-5 	 7.309147457626925E-6 	 2.1408552031596764E-5 	 
-2.808 	 2.1638077012592533E-5 	 3.218071054125587E-5 	 5.097647091478197E-6 	 2.0300551572708957E-5 	 2.1638077012592533E-5 	 3.218071054125587E-5 	 5.097647091478197E-6 	 2.0300551572708957E-5 	 2.1638077012592533E-5 	 3.218071054125587E-5 	 5.097647091478197E-6 	 2.0300551572708957E-5 	 2.1638077012592533E-5 	 3.218071054125587E-5 	 5.097647091478197E-6 	 2.0300551572708957E-5 	 
-2.784 	 2.649157557647555E-5 	 2.9109669668002053E-5 	 7.131958778496883E-6 	 2.5447962495250647E-5 	 2.649157557647555E-5 	 2.9109669668002053E-5 	 7.131958778496883E-6 	 2.5447962495250647E-5 	 2.649157557647555E-5 	 2.9109669668002053E-5 	 7.131958778496883E-6 	 2.5447962495250647E-5 	 2.649157557647555E-5 	 2.9109669668002053E-5 	 7.131958778496883E-6 	 2.5447962495250647E-5 	 
-2.76 	 2.8163704063820826E-5 	 2.666675522154298E-5 	 7.782864437977399E-6 	 2.7406137850270144E-5 	 2.8163704063820826E-5 	 2.666675522154298E-5 	 7.782864437977399E-6 	 2.7406137850270144E-5 	 2.8163704063820826E-5 	 2.666675522154298E-5 	 7.782864437977399E-6 	 2.7406137850270144E-5 	 2.8163704063820826E-5 	 2.666675522154298E-5 	 7.782864437977399E-6 	 2.7406137850270144E-5 	 
-2.7359999999999998 	 2.723445938969959E-5 	 1.8909024867772627E-5 	 1.2793979898657341E-5 	 2.6602631324161935E-5 	 2.723445938969959E-5 	 1.8909024867772627E-5 	 1.2793979898657341E-5 	 2.6602631324161935E-5 	 2.723445938969959E-5 	 1.8909024867772627E-5 	 1.2793979898657341E-5 	 2.6602631324161935E-5 	 2.723445938969959E-5 	 1.8909024867772627E-5 	 1.2793979898657341E-5 	 2.6602631324161935E-5 	 
-2.7119999999999997 	 2.423627836618362E-5 	 2.278471505598326E-5 	 1.2341493417886574E-5 	 2.2682792966350833E-5 	 2.423627836618362E-5 	 2.278471505598326E-5 	 1.2341493417886574E-5 	 2.2682792966350833E-5 	 2.423627836618362E-5 	 2.278471505598326E-5 	 1.2341493417886574E-5 	 2.2682792966350833E-5 	 2.423627836618362E-5 	 2.278471505598326E-5 	 1.2341493417886574E-5 	 2.2682792966350833E-5 	 
-2.688 	 2.252984966256236E-5 	 1.8339157082443802E-5 	 1.992101800489908E-5 	 2.0158957085492537E-5 	 2.252984966256236E-5 	 1.8339157082443802E-5 	 1.992101800489908E-5 	 2.0158957085492537E-5 	 2.252984966256236E-5 	 1.8339157082443802E-5 	 1.992101800489908E-5 	 2.0158957085492537E-5 	 2.252984966256236E-5 	 1.8339157082443802E-5 	 1.992101800489908E-5 	 2.0158957085492537E-5 	 
-2.664 	 2.2257263381015176E-5 	 2.7849509833857353E-5 	 1.6679718374720476E-5 	 1.9681314151567793E-5 	 2.2257263381015176E-5 	 2.7849509833857353E-5 	 1.6679718374720476E-5 	 1.9681314151567793E-5 	 2.2257263381015176E-5 	 2.7849509833857353E-5 	 1.6679718374720476E-5 	 1.9681314151567793E-5 	 2.2257263381015176E-5 	 2.7849509833857353E-5 	 1.6679718374720476E-5 	 1.9681314151567793E-5 	 
-2.64 	 2.658123719229523E-5 	 3.639157008303445E-5 	 1.0353802223550556E-5 	 2.4025364328819105E-5 	 2.658123719229523E-5 	 3.639157008303445E-5 	 1.0353802223550556E-5 	 2.4025364328819105E-5 	 2.658123719229523E-5 	 3.639157008303445E-5 	 1.0353802223550556E-5 	 2.4025364328819105E-5 	 2.658123719229523E-5 	 3.639157008303445E-5 	 1.0353802223550556E-5 	 2.4025364328819105E-5 	 
-2.616 	 3.0171010034665806E-5 	 2.291721300871349E-5 	 7.0094924280568355E-6 	 2.8973415933153708E-5 	 3.0171010034665806E-5 	 2.291721300871349E-5 	 7.0094924280568355E-6 	 2.8973415933153708E-5 	 3.0171010034665806E-5 	 2.291721300871349E-5 	 7.0094924280568355E-6 	 2.8973415933153708E-5 	 3.0171010034665806E-5 	 2.291721300871349E-5 	 7.0094924280568355E-6 	 2.8973415933153708E-5 	 
-2.592 	 2.8909296588387517E-5 	 2.8935980630753747E-5 	 4.148660653537546E-6 	 2.763434064978599E-5 	 2.8909296588387517E-5 	 2.8935980630753747E-5 	 4.148660653537546E-6 	 2.763434064978599E-5 	 2.8909296588387517E-5 	 2.8935980630753747E-5 	 4.148660653537546E-6 	 2.763434064978599E-5 	 2.8909296588387517E-5 	 2.8935980630753747E-5 	 4.148660653537546E-6 	 2.763434064978599E-5 	 
-2.568 	 2.937472130328087E-5 	 2.7148102489409258E-5 	 6.141523003127172E-6 	 2.696604811098343E-5 	 2.937472130328087E-5 	 2.7148102489409258E-5 	 6.141523003127172E-6 	 2.696604811098343E-5 	 2.937472130328087E-5 	 2.7148102489409258E-5 	 6.141523003127172E-6 	 2.696604811098343E-5 	 2.937472130328087E-5 	 2.7148102489409258E-5 	 6.141523003127172E-6 	 2.696604811098343E-5 	 
-2.544 	 2.7079498738146518E-5 	 2.1831643206059057E-5 	 1.3779935933274448E-5 	 2.5129578831958038E-5 	 2.7079498738146518E-5 	 2.1831643206059057E-5 	 1.3779935933274448E-5 	 2.5129578831958038E-5 	 2.7079498738146518E-5 	 2.1831643206059057E-5 	 1.3779935933274448E-5 	 2.5129578831958038E-5 	 2.7079498738146518E-5 	 2.1831643206059057E-5 	 1.3779935933274448E-5 	 2.5129578831958038E-5 	 
-2.52 	 2.4899306952455925E-5 	 2.0971972233202582E-5 	 1.8779299066606557E-5 	 2.302952725713221E-5 	 2.4899306952455925E-5 	 2.0971972233202582E-5 	 1.8779299066606557E-5 	 2.302952725713221E-5 	 2.4899306952455925E-5 	 2.0971972233202582E-5 	 1.8779299066606557E-5 	 2.302952725713221E-5 	 2.4899306952455925E-5 	 2.0971972233202582E-5 	 1.8779299066606557E-5 	 2.302952725713221E-5 	 
-2.496 	 2.300575297202059E-5 	 1.5837197380176176E-5 	 1.3492748963952585E-5 	 2.046054891831883E-5 	 2.300575297202059E-5 	 1.5837197380176176E-5 	 1.3492748963952585E-5 	 2.046054891831883E-5 	 2.300575297202059E-5 	 1.5837197380176176E-5 	 1.3492748963952585E-5 	 2.046054891831883E-5 	 2.300575297202059E-5 	 1.5837197380176176E-5 	 1.3492748963952585E-5 	 2.046054891831883E-5 	 
-2.472 	 1.9724804697335692E-5 	 1.2632631602022265E-5 	 1.8676106527677042E-5 	 1.7039899446772973E-5 	 1.9724804697335692E-5 	 1.2632631602022265E-5 	 1.8676106527677042E-5 	 1.7039899446772973E-5 	 1.9724804697335692E-5 	 1.2632631602022265E-5 	 1.8676106527677042E-5 	 1.7039899446772973E-5 	 1.9724804697335692E-5 	 1.2632631602022265E-5 	 1.8676106527677042E-5 	 1.7039899446772973E-5 	 
-2.448 	 1.8099050903528884E-5 	 1.721139900454832E-5 	 1.6226913990736215E-5 	 1.4758079380142257E-5 	 1.8099050903528884E-5 	 1.721139900454832E-5 	 1.6226913990736215E-5 	 1.4758079380142257E-5 	 1.8099050903528884E-5 	 1.721139900454832E-5 	 1.6226913990736215E-5 	 1.4758079380142257E-5 	 1.8099050903528884E-5 	 1.721139900454832E-5 	 1.6226913990736215E-5 	 1.4758079380142257E-5 	 
-2.424 	 2.084313080466099E-5 	 3.0511355057895723E-5 	 2.611990917603186E-5 	 1.642014172594194E-5 	 2.084313080466099E-5 	 3.0511355057895723E-5 	 2.611990917603186E-5 	 1.642014172594194E-5 	 2.084313080466099E-5 	 3.0511355057895723E-5 	 2.611990917603186E-5 	 1.642014172594194E-5 	 2.084313080466099E-5 	 3.0511355057895723E-5 	 2.611990917603186E-5 	 1.642014172594194E-5 	 
-2.4 	 2.892990858187663E-5 	 4.248384385107885E-5 	 3.058409044809908E-5 	 2.5119642206277172E-5 	 2.892990858187663E-5 	 4.248384385107885E-5 	 3.058409044809908E-5 	 2.5119642206277172E-5 	 2.892990858187663E-5 	 4.248384385107885E-5 	 3.058409044809908E-5 	 2.5119642206277172E-5 	 2.892990858187663E-5 	 4.248384385107885E-5 	 3.058409044809908E-5 	 2.5119642206277172E-5 	 
-2.376 	 3.786798123766889E-5 	 4.6876045070209185E-5 	 3.2593018590844594E-5 	 3.5581196930466567E-5 	 3.786798123766889E-5 	 4.6876045070209185E-5 	 3.2593018590844594E-5 	 3.5581196930466567E-5 	 3.786798123766889E-5 	 4.6876045070209185E-5 	 3.2593018590844594E-5 	 3.5581196930466567E-5 	 3.786798123766889E-5 	 4.6876045070209185E-5 	 3.2593018590844594E-5 	 3.5581196930466567E-5 	 
-2.352 	 4.1998937153014994E-5 	 3.309021302134608E-5 	 3.559685524169136E-5 	 4.165561153412183E-5 	 4.1998937153014994E-5 	 3.309021302134608E-5 	 3.559685524169136E-5 	 4.165561153412183E-5 	 4.1998937153014994E-5 	 3.309021302134608E-5 	 3.559685524169136E-5 	 4.165561153412183E-5 	 4.1998937153014994E-5 	 3.309021302134608E-5 	 3.559685524169136E-5 	 4.165561153412183E-5 	 
-2.328 	 4.3409472833932426E-5 	 6.391926501513197E-5 	 3.272707901691354E-5 	 4.216198011654005E-5 	 4.3409472833932426E-5 	 6.391926501513197E-5 	 3.272707901691354E-5 	 4.216198011654005E-5 	 4.3409472833932426E-5 	 6.391926501513197E-5 	 3.272707901691354E-5 	 4.216198011654005E-5 	 4.3409472833932426E-5 	 6.391926501513197E-5 	 3.272707901691354E-5 	 4.216198011654005E-5 	 
-2.304 	 5.5523212226884934E-5 	 7.773845531316634E-5 	 2.3186918597764113E-5 	 5.36766165773804E-5 	 5.5523212226884934E-5 	 7.773845531316634E-5 	 2.3186918597764113E-5 	 5.36766165773804E-5 	 5.5523212226884934E-5 	 7.773845531316634E-5 	 2.3186918597764113E-5 	 5.36766165773804E-5 	 5.5523212226884934E-5 	 7.773845531316634E-5 	 2.3186918597764113E-5 	 5.36766165773804E-5 	 
-2.2800000000000002 	 6.331916181028832E-5 	 5.061695463328538E-5 	 1.435738204983208E-5 	 6.452367032875816E-5 	 6.331916181028832E-5 	 5.061695463328538E-5 	 1.435738204983208E-5 	 6.452367032875816E-5 	 6.331916181028832E-5 	 5.061695463328538E-5 	 1.435738204983208E-5 	 6.452367032875816E-5 	 6.331916181028832E-5 	 5.061695463328538E-5 	 1.435738204983208E-5 	 6.452367032875816E-5 	 
-2.2560000000000002 	 5.908288543622111E-5 	 5.477880782048289E-5 	 2.453297386925338E-5 	 6.126856199641556E-5 	 5.908288543622111E-5 	 5.477880782048289E-5 	 2.453297386925338E-5 	 6.126856199641556E-5 	 5.908288543622111E-5 	 5.477880782048289E-5 	 2.453297386925338E-5 	 6.126856199641556E-5 	 5.908288543622111E-5 	 5.477880782048289E-5 	 2.453297386925338E-5 	 6.126856199641556E-5 	 
-2.232 	 5.937157360552267E-5 	 6.980501082423635E-5 	 4.342536021291276E-5 	 5.857929369303057E-5 	 5.937157360552267E-5 	 6.980501082423635E-5 	 4.342536021291276E-5 	 5.857929369303057E-5 	 5.937157360552267E-5 	 6.980501082423635E-5 	 4.342536021291276E-5 	 5.857929369303057E-5 	 5.937157360552267E-5 	 6.980501082423635E-5 	 4.342536021291276E-5 	 5.857929369303057E-5 	 
-2.208 	 6.029600036028179E-5 	 5.4733923174047053E-5 	 4.543748451690567E-5 	 5.9830361125876606E-5 	 6.029600036028179E-5 	 5.4733923174047053E-5 	 4.543748451690567E-5 	 5.9830361125876606E-5 	 6.029600036028179E-5 	 5.4733923174047053E-5 	 4.543748451690567E-5 	 5.9830361125876606E-5 	 6.029600036028179E-5 	 5.4733923174047053E-5 	 4.543748451690567E-5 	 5.9830361125876606E-5 	 
-2.184 	 6.221048739424451E-5 	 8.758152975723335E-5 	 3.244009858838922E-5 	 6.30348821050175E-5 	 6.221048739424451E-5 	 8.758152975723335E-5 	 3.244009858838922E-5 	 6.30348821050175E-5 	 6.221048739424451E-5 	 8.758152975723335E-5 	 3.244009858838922E-5 	 6.30348821050175E-5 	 6.221048739424451E-5 	 8.758152975723335E-5 	 3.244009858838922E-5 	 6.30348821050175E-5 	 
-2.16 	 7.438335213708145E-5 	 8.950745735077598E-5 	 2.820643882663415E-5 	 7.521285195383492E-5 	 7.438335213708145E-5 	 8.950745735077598E-5 	 2.820643882663415E-5 	 7.521285195383492E-5 	 7.438335213708145E-5 	 8.950745735077598E-5 	 2.820643882663415E-5 	 7.521285195383492E-5 	 7.438335213708145E-5 	 8.950745735077598E-5 	 2.820643882663415E-5 	 7.521285195383492E-5 	 
-2.136 	 8.138048020838769E-5 	 9.282178934464166E-5 	 3.5722436979628285E-5 	 8.440283814581281E-5 	 8.138048020838769E-5 	 9.282178934464166E-5 	 3.5722436979628285E-5 	 8.440283814581281E-5 	 8.138048020838769E-5 	 9.282178934464166E-5 	 3.5722436979628285E-5 	 8.440283814581281E-5 	 8.138048020838769E-5 	 9.282178934464166E-5 	 3.5722436979628285E-5 	 8.440283814581281E-5 	 
-2.112 	 8.548524467381775E-5 	 7.117686038697102E-5 	 4.4601448167651186E-5 	 9.006799253746838E-5 	 8.548524467381775E-5 	 7.117686038697102E-5 	 4.4601448167651186E-5 	 9.006799253746838E-5 	 8.548524467381775E-5 	 7.117686038697102E-5 	 4.4601448167651186E-5 	 9.006799253746838E-5 	 8.548524467381775E-5 	 7.117686038697102E-5 	 4.4601448167651186E-5 	 9.006799253746838E-5 	 
-2.088 	 7.894401611518389E-5 	 6.383551365814106E-5 	 4.326446489111579E-5 	 8.269565548772838E-5 	 7.894401611518389E-5 	 6.383551365814106E-5 	 4.326446489111579E-5 	 8.269565548772838E-5 	 7.894401611518389E-5 	 6.383551365814106E-5 	 4.326446489111579E-5 	 8.269565548772838E-5 	 7.894401611518389E-5 	 6.383551365814106E-5 	 4.326446489111579E-5 	 8.269565548772838E-5 	 
-2.064 	 7.665951376528757E-5 	 9.224183600366473E-5 	 3.665544685319233E-5 	 7.7106817947479E-5 	 7.665951376528757E-5 	 9.224183600366473E-5 	 3.665544685319233E-5 	 7.7106817947479E-5 	 7.665951376528757E-5 	 9.224183600366473E-5 	 3.665544685319233E-5 	 7.7106817947479E-5 	 7.665951376528757E-5 	 9.224183600366473E-5 	 3.665544685319233E-5 	 7.7106817947479E-5 	 
-2.04 	 8.356180667343367E-5 	 8.898725850920559E-5 	 3.8435608806228345E-5 	 8.286879464866186E-5 	 8.356180667343367E-5 	 8.898725850920559E-5 	 3.8435608806228345E-5 	 8.286879464866186E-5 	 8.356180667343367E-5 	 8.898725850920559E-5 	 3.8435608806228345E-5 	 8.286879464866186E-5 	 8.356180667343367E-5 	 8.898725850920559E-5 	 3.8435608806228345E-5 	 8.286879464866186E-5 	 
-2.016 	 9.08048418770931E-5 	 1.2378204881906144E-4 	 4.148171460956084E-5 	 9.227708630730089E-5 	 9.08048418770931E-5 	 1.2378204881906144E-4 	 4.148171460956084E-5 	 9.227708630730089E-5 	 9.08048418770931E-5 	 1.2378204881906144E-4 	 4.148171460956084E-5 	 9.227708630730089E-5 	 9.08048418770931E-5 	 1.2378204881906144E-4 	 4.148171460956084E-5 	 9.227708630730089E-5 	 
-1.992 	 1.0913711262518348E-4 	 1.309808987910945E-4 	 5.27485274219463E-5 	 1.1227323234556823E-4 	 1.0913711262518348E-4 	 1.309808987910945E-4 	 5.27485274219463E-5 	 1.1227323234556823E-4 	 1.0913711262518348E-4 	 1.309808987910945E-4 	 5.27485274219463E-5 	 1.1227323234556823E-4 	 1.0913711262518348E-4 	 1.309808987910945E-4 	 5.27485274219463E-5 	 1.1227323234556823E-4 	 
-1.968 	 1.1567824265600152E-4 	 9.798512540880505E-5 	 6.0585628555134736E-5 	 1.2233787130529026E-4 	 1.1567824265600152E-4 	 9.798512540880505E-5 	 6.0585628555134736E-5 	 1.2233787130529026E-4 	 1.1567824265600152E-4 	 9.798512540880505E-5 	 6.0585628555134736E-5 	 1.2233787130529026E-4 	 1.1567824265600152E-4 	 9.798512540880505E-5 	 6.0585628555134736E-5 	 1.2233787130529026E-4 	 
-1.944 	 1.076044258513585E-4 	 9.608242038011506E-5 	 5.472840777474909E-5 	 1.1465466051665651E-4 	 1.076044258513585E-4 	 9.608242038011506E-5 	 5.472840777474909E-5 	 1.1465466051665651E-4 	 1.076044258513585E-4 	 9.608242038011506E-5 	 5.472840777474909E-5 	 1.1465466051665651E-4 	 1.076044258513585E-4 	 9.608242038011506E-5 	 5.472840777474909E-5 	 1.1465466051665651E-4 	 
-1.92 	 1.0377948015444445E-4 	 1.0333110190376458E-4 	 4.4763289715396955E-5 	 1.0680042562582122E-4 	 1.0377948015444445E-4 	 1.0333110190376458E-4 	 4.4763289715396955E-5 	 1.0680042562582122E-4 	 1.0377948015444445E-4 	 1.0333110190376458E-4 	 4.4763289715396955E-5 	 1.0680042562582122E-4 	 1.0377948015444445E-4 	 1.0333110190376458E-4 	 4.4763289715396955E-5 	 1.0680042562582122E-4 	 
-1.896 	 1.0432534831936894E-4 	 1.3391574973236776E-4 	 3.9068039166991556E-5 	 1.0634804253166923E-4 	 1.0432534831936894E-4 	 1.3391574973236776E-4 	 3.9068039166991556E-5 	 1.0634804253166923E-4 	 1.0432534831936894E-4 	 1.3391574973236776E-4 	 3.9068039166991556E-5 	 1.0634804253166923E-4 	 1.0432534831936894E-4 	 1.3391574973236776E-4 	 3.9068039166991556E-5 	 1.0634804253166923E-4 	 
-1.8719999999999999 	 1.2468759201761633E-4 	 1.6855026412549977E-4 	 5.6356098516037146E-5 	 1.283998493624858E-4 	 1.2468759201761633E-4 	 1.6855026412549977E-4 	 5.6356098516037146E-5 	 1.283998493624858E-4 	 1.2468759201761633E-4 	 1.6855026412549977E-4 	 5.6356098516037146E-5 	 1.283998493624858E-4 	 1.2468759201761633E-4 	 1.6855026412549977E-4 	 5.6356098516037146E-5 	 1.283998493624858E-4 	 
-1.8479999999999999 	 1.5227799216440327E-4 	 1.9175236251727453E-4 	 8.947594583778191E-5 	 1.5931740674237006E-4 	 1.5227799216440327E-4 	 1.9175236251727453E-4 	 8.947594583778191E-5 	 1.5931740674237006E-4 	 1.5227799216440327E-4 	 1.9175236251727453E-4 	 8.947594583778191E-5 	 1.5931740674237006E-4 	 1.5227799216440327E-4 	 1.9175236251727453E-4 	 8.947594583778191E-5 	 1.5931740674237006E-4 	 
-1.824 	 1.7319257708820303E-4 	 1.714527324991132E-4 	 9.175420922757194E-5 	 1.8395184816637742E-4 	 1.7319257708820303E-4 	 1.714527324991132E-4 	 9.175420922757194E-5 	 1.8395184816637742E-4 	 1.7319257708820303E-4 	 1.714527324991132E-4 	 9.175420922757194E-5 	 1.8395184816637742E-4 	 1.7319257708820303E-4 	 1.714527324991132E-4 	 9.175420922757194E-5 	 1.8395184816637742E-4 	 
-1.8 	 1.742111785538148E-4 	 1.7992133202875078E-4 	 6.148531350163426E-5 	 1.844215827214034E-4 	 1.742111785538148E-4 	 1.7992133202875078E-4 	 6.148531350163426E-5 	 1.844215827214034E-4 	 1.742111785538148E-4 	 1.7992133202875078E-4 	 6.148531350163426E-5 	 1.844215827214034E-4 	 1.742111785538148E-4 	 1.7992133202875078E-4 	 6.148531350163426E-5 	 1.844215827214034E-4 	 
-1.776 	 1.8436797527497922E-4 	 2.2933439541101164E-4 	 6.144749185325506E-5 	 1.9258093496863323E-4 	 1.8436797527497922E-4 	 2.2933439541101164E-4 	 6.144749185325506E-5 	 1.9258093496863323E-4 	 1.8436797527497922E-4 	 2.2933439541101164E-4 	 6.144749185325506E-5 	 1.9258093496863323E-4 	 1.8436797527497922E-4 	 2.2933439541101164E-4 	 6.144749185325506E-5 	 1.9258093496863323E-4 	 
-1.752 	 2.2261534551469531E-4 	 3.535306044947513E-4 	 7.315289177233578E-5 	 2.3092930272151433E-4 	 2.2261534551469531E-4 	 3.535306044947513E-4 	 7.315289177233578E-5 	 2.3092930272151433E-4 	 2.2261534551469531E-4 	 3.535306044947513E-4 	 7.315289177233578E-5 	 2.3092930272151433E-4 	 2.2261534551469531E-4 	 3.535306044947513E-4 	 7.315289177233578E-5 	 2.3092930272151433E-4 	 
-1.728 	 2.904495788194733E-4 	 3.827635185470015E-4 	 9.121860016812767E-5 	 3.069752755403808E-4 	 2.904495788194733E-4 	 3.827635185470015E-4 	 9.121860016812767E-5 	 3.069752755403808E-4 	 2.904495788194733E-4 	 3.827635185470015E-4 	 9.121860016812767E-5 	 3.069752755403808E-4 	 2.904495788194733E-4 	 3.827635185470015E-4 	 9.121860016812767E-5 	 3.069752755403808E-4 	 
-1.704 	 3.5243632401324877E-4 	 4.605866554605408E-4 	 7.343838566989433E-5 	 3.7831219351334517E-4 	 3.5243632401324877E-4 	 4.605866554605408E-4 	 7.343838566989433E-5 	 3.7831219351334517E-4 	 3.5243632401324877E-4 	 4.605866554605408E-4 	 7.343838566989433E-5 	 3.7831219351334517E-4 	 3.5243632401324877E-4 	 4.605866554605408E-4 	 7.343838566989433E-5 	 3.7831219351334517E-4 	 
-1.68 	 4.158967045693799E-4 	 4.5964194973980763E-4 	 7.800631707408E-5 	 4.4645806876178663E-4 	 4.158967045693799E-4 	 4.5964194973980763E-4 	 7.800631707408E-5 	 4.4645806876178663E-4 	 4.158967045693799E-4 	 4.5964194973980763E-4 	 7.800631707408E-5 	 4.4645806876178663E-4 	 4.158967045693799E-4 	 4.5964194973980763E-4 	 7.800631707408E-5 	 4.4645806876178663E-4 	 
-1.656 	 4.4319929661859207E-4 	 4.784276806934723E-4 	 8.526504077055466E-5 	 4.7631259201592825E-4 	 4.4319929661859207E-4 	 4.784276806934723E-4 	 8.526504077055466E-5 	 4.7631259201592825E-4 	 4.4319929661859207E-4 	 4.784276806934723E-4 	 8.526504077055466E-5 	 4.7631259201592825E-4 	 4.4319929661859207E-4 	 4.784276806934723E-4 	 8.526504077055466E-5 	 4.7631259201592825E-4 	 
-1.632 	 4.8619627966694546E-4 	 6.261607239266458E-4 	 9.170129440968541E-5 	 5.16048698892219E-4 	 4.8619627966694546E-4 	 6.261607239266458E-4 	 9.170129440968541E-5 	 5.16048698892219E-4 	 4.8619627966694546E-4 	 6.261607239266458E-4 	 9.170129440968541E-5 	 5.16048698892219E-4 	 4.8619627966694546E-4 	 6.261607239266458E-4 	 9.170129440968541E-5 	 5.16048698892219E-4 	 
-1.6079999999999999 	 5.953384970811096E-4 	 8.568888767295966E-4 	 8.834675648111707E-5 	 6.250908857583057E-4 	 5.953384970811096E-4 	 8.568888767295966E-4 	 8.834675648111707E-5 	 6.250908857583057E-4 	 5.953384970811096E-4 	 8.568888767295966E-4 	 8.834675648111707E-5 	 6.250908857583057E-4 	 5.953384970811096E-4 	 8.568888767295966E-4 	 8.834675648111707E-5 	 6.250908857583057E-4 	 
-1.584 	 7.874429380026754E-4 	 0.001270599135930262 	 8.537170850621345E-5 	 8.294223099954074E-4 	 7.874429380026754E-4 	 0.001270599135930262 	 8.537170850621345E-5 	 8.294223099954074E-4 	 7.874429380026754E-4 	 0.001270599135930262 	 8.537170850621345E-5 	 8.294223099954074E-4 	 7.874429380026754E-4 	 0.001270599135930262 	 8.537170850621345E-5 	 8.294223099954074E-4 	 
-1.56 	 0.00107287498524216 	 0.00150747891652079 	 8.374132536200283E-5 	 0.0011413734099104133 	 0.00107287498524216 	 0.00150747891652079 	 8.374132536200283E-5 	 0.0011413734099104133 	 0.00107287498524216 	 0.00150747891652079 	 8.374132536200283E-5 	 0.0011413734099104133 	 0.00107287498524216 	 0.00150747891652079 	 8.374132536200283E-5 	 0.0011413734099104133 	 
-1.536 	 0.0013579006616870751 	 0.0018947397074370361 	 7.011813150247087E-5 	 0.001460746902141113 	 0.0013579006616870751 	 0.0018947397074370361 	 7.011813150247087E-5 	 0.001460746902141113 	 0.0013579006616870751 	 0.0018947397074370361 	 7.011813150247087E-5 	 0.001460746902141113 	 0.0013579006616870751 	 0.0018947397074370361 	 7.011813150247087E-5 	 0.001460746902141113 	 
-1.512 	 0.0017132051204095976 	 0.002472450584124514 	 6.644387765363415E-5 	 0.0018397124728641828 	 0.0017132051204095976 	 0.002472450584124514 	 6.644387765363415E-5 	 0.0018397124728641828 	 0.0017132051204095976 	 0.002472450584124514 	 6.644387765363415E-5 	 0.0018397124728641828 	 0.0017132051204095976 	 0.002472450584124514 	 6.644387765363415E-5 	 0.0018397124728641828 	 
-1.488 	 0.002191790931443443 	 0.003163355442637935 	 7.024417352957706E-5 	 0.0023490195150616885 	 0.002191790931443443 	 0.003163355442637935 	 7.024417352957706E-5 	 0.0023490195150616885 	 0.002191790931443443 	 0.003163355442637935 	 7.024417352957706E-5 	 0.0023490195150616885 	 0.002191790931443443 	 0.003163355442637935 	 7.024417352957706E-5 	 0.0023490195150616885 	 
-1.464 	 0.002747693786527255 	 0.0037202122803632626 	 7.969193799301341E-5 	 0.0029638750934545006 	 0.002747693786527255 	 0.0037202122803632626 	 7.969193799301341E-5 	 0.0029638750934545006 	 0.002747693786527255 	 0.0037202122803632626 	 7.969193799301341E-5 	 0.0029638750934545006 	 0.002747693786527255 	 0.0037202122803632626 	 7.969193799301341E-5 	 0.0029638750934545006 	 
-1.44 	 0.003382565299439399 	 0.0046818430008653406 	 7.654818190954065E-5 	 0.0036547987773665465 	 0.003382565299439399 	 0.0046818430008653406 	 7.654818190954065E-5 	 0.0036547987773665465 	 0.003382565299439399 	 0.0046818430008653406 	 7.654818190954065E-5 	 0.0036547987773665465 	 0.003382565299439399 	 0.0046818430008653406 	 7.654818190954065E-5 	 0.0036547987773665465 	 
-1.416 	 0.004238923816917227 	 0.006247762049442222 	 1.0472343193832146E-4 	 0.00455338215806068 	 0.004238923816917227 	 0.006247762049442222 	 1.0472343193832146E-4 	 0.00455338215806068 	 0.004238923816917227 	 0.006247762049442222 	 1.0472343193832146E-4 	 0.00455338215806068 	 0.004238923816917227 	 0.006247762049442222 	 1.0472343193832146E-4 	 0.00455338215806068 	 
-1.392 	 0.0054206547313855056 	 0.007672120285581503 	 1.2114245610570006E-4 	 0.0058255375298991935 	 0.0054206547313855056 	 0.007672120285581503 	 1.2114245610570006E-4 	 0.0058255375298991935 	 0.0054206547313855056 	 0.007672120285581503 	 1.2114245610570006E-4 	 0.0058255375298991935 	 0.0054206547313855056 	 0.007672120285581503 	 1.2114245610570006E-4 	 0.0058255375298991935 	 
-1.3679999999999999 	 0.0067837540015585705 	 0.009621704164616657 	 1.1304675773846484E-4 	 0.007325670228275549 	 0.0067837540015585705 	 0.009621704164616657 	 1.1304675773846484E-4 	 0.007325670228275549 	 0.0067837540015585705 	 0.009621704164616657 	 1.1304675773846484E-4 	 0.007325670228275549 	 0.0067837540015585705 	 0.009621704164616657 	 1.1304675773846484E-4 	 0.007325670228275549 	 
-1.3439999999999999 	 0.008482306026077163 	 0.011818767492131085 	 9.776636274767162E-5 	 0.009162758864596615 	 0.008482306026077163 	 0.011818767492131085 	 9.776636274767162E-5 	 0.009162758864596615 	 0.008482306026077163 	 0.011818767492131085 	 9.776636274767162E-5 	 0.009162758864596615 	 0.008482306026077163 	 0.011818767492131085 	 9.776636274767162E-5 	 0.009162758864596615 	 
-1.32 	 0.010432940032387917 	 0.014270248628415954 	 9.339786668146166E-5 	 0.011282635476671726 	 0.010432940032387917 	 0.014270248628415954 	 9.339786668146166E-5 	 0.011282635476671726 	 0.010432940032387917 	 0.014270248628415954 	 9.339786668146166E-5 	 0.011282635476671726 	 0.010432940032387917 	 0.014270248628415954 	 9.339786668146166E-5 	 0.011282635476671726 	 
-1.296 	 0.012722324937320183 	 0.017455687288639592 	 1.0830195756523307E-4 	 0.013762774625595725 	 0.012722324937320183 	 0.017455687288639592 	 1.0830195756523307E-4 	 0.013762774625595725 	 0.012722324937320183 	 0.017455687288639592 	 1.0830195756523307E-4 	 0.013762774625595725 	 0.012722324937320183 	 0.017455687288639592 	 1.0830195756523307E-4 	 0.013762774625595725 	 
-1.272 	 0.015553786605752584 	 0.0214082955074181 	 1.188792977439066E-4 	 0.01679324246218821 	 0.015553786605752584 	 0.0214082955074181 	 1.188792977439066E-4 	 0.01679324246218821 	 0.015553786605752584 	 0.0214082955074181 	 1.188792977439066E-4 	 0.01679324246218821 	 0.015553786605752584 	 0.0214082955074181 	 1.188792977439066E-4 	 0.01679324246218821 	 
-1.248 	 0.018861731736429896 	 0.02506473216448384 	 1.3932753147279531E-4 	 0.020380739326669707 	 0.018861731736429896 	 0.02506473216448384 	 1.3932753147279531E-4 	 0.020380739326669707 	 0.018861731736429896 	 0.02506473216448384 	 1.3932753147279531E-4 	 0.020380739326669707 	 0.018861731736429896 	 0.02506473216448384 	 1.3932753147279531E-4 	 0.020380739326669707 	 
-1.224 	 0.02241610191355632 	 0.029291853262325376 	 1.4210456217587353E-4 	 0.024247550410743474 	 0.02241610191355632 	 0.029291853262325376 	 1.4210456217587353E-4 	 0.024247550410743474 	 0.02241610191355632 	 0.029291853262325376 	 1.4210456217587353E-4 	 0.024247550410743474 	 0.02241610191355632 	 0.029291853262325376 	 1.4210456217587353E-4 	 0.024247550410743474 	 
-1.2 	 0.02618786169323232 	 0.032897425864471606 	 1.4314468810936723E-4 	 0.028321172256727416 	 0.02618786169323232 	 0.032897425864471606 	 1.4314468810936723E-4 	 0.028321172256727416 	 0.02618786169323232 	 0.032897425864471606 	 1.4314468810936723E-4 	 0.028321172256727416 	 0.02618786169323232 	 0.032897425864471606 	 1.4314468810936723E-4 	 0.028321172256727416 	 
-1.176 	 0.0299013002790904 	 0.03699236802625925 	 1.5327930338546105E-4 	 0.032318339763505476 	 0.0299013002790904 	 0.03699236802625925 	 1.5327930338546105E-4 	 0.032318339763505476 	 0.0299013002790904 	 0.03699236802625925 	 1.5327930338546105E-4 	 0.032318339763505476 	 0.0299013002790904 	 0.03699236802625925 	 1.5327930338546105E-4 	 0.032318339763505476 	 
-1.152 	 0.033779407461885194 	 0.041132912776411804 	 1.6206684382428677E-4 	 0.03642739651121049 	 0.033779407461885194 	 0.041132912776411804 	 1.6206684382428677E-4 	 0.03642739651121049 	 0.033779407461885194 	 0.041132912776411804 	 1.6206684382428677E-4 	 0.03642739651121049 	 0.033779407461885194 	 0.041132912776411804 	 1.6206684382428677E-4 	 0.03642739651121049 	 
-1.128 	 0.037650168832431184 	 0.044433319233041925 	 1.6577946289139458E-4 	 0.04052583483166194 	 0.037650168832431184 	 0.044433319233041925 	 1.6577946289139458E-4 	 0.04052583483166194 	 0.037650168832431184 	 0.044433319233041925 	 1.6577946289139458E-4 	 0.04052583483166194 	 0.037650168832431184 	 0.044433319233041925 	 1.6577946289139458E-4 	 0.04052583483166194 	 
-1.1039999999999999 	 0.04115800658599875 	 0.047407021144561586 	 1.6969515121871266E-4 	 0.04423499349061869 	 0.04115800658599875 	 0.047407021144561586 	 1.6969515121871266E-4 	 0.04423499349061869 	 0.04115800658599875 	 0.047407021144561586 	 1.6969515121871266E-4 	 0.04423499349061869 	 0.04115800658599875 	 0.047407021144561586 	 1.6969515121871266E-4 	 0.04423499349061869 	 
-1.08 	 0.04424137029717152 	 0.049080394243256664 	 1.6891271931753656E-4 	 0.04740975093871881 	 0.04424137029717152 	 0.049080394243256664 	 1.6891271931753656E-4 	 0.04740975093871881 	 0.04424137029717152 	 0.049080394243256664 	 1.6891271931753656E-4 	 0.04740975093871881 	 0.04424137029717152 	 0.049080394243256664 	 1.6891271931753656E-4 	 0.04740975093871881 	 
-1.056 	 0.04636509205608482 	 0.049190975735792 	 1.7378959037333953E-4 	 0.049563140576458754 	 0.04636509205608482 	 0.049190975735792 	 1.7378959037333953E-4 	 0.049563140576458754 	 0.04636509205608482 	 0.049190975735792 	 1.7378959037333953E-4 	 0.049563140576458754 	 0.04636509205608482 	 0.049190975735792 	 1.7378959037333953E-4 	 0.049563140576458754 	 
-1.032 	 0.04749802177106628 	 0.049308521382017634 	 1.8034430269641354E-4 	 0.05055846039940936 	 0.04749802177106628 	 0.049308521382017634 	 1.8034430269641354E-4 	 0.05055846039940936 	 0.04749802177106628 	 0.049308521382017634 	 1.8034430269641354E-4 	 0.05055846039940936 	 0.04749802177106628 	 0.049308521382017634 	 1.8034430269641354E-4 	 0.05055846039940936 	 
-1.008 	 0.048069344934164725 	 0.049067343842467144 	 1.7790876542242656E-4 	 0.05082902171751182 	 0.048069344934164725 	 0.049067343842467144 	 1.7790876542242656E-4 	 0.05082902171751182 	 0.048069344934164725 	 0.049067343842467144 	 1.7790876542242656E-4 	 0.05082902171751182 	 0.048069344934164725 	 0.049067343842467144 	 1.7790876542242656E-4 	 0.05082902171751182 	 
-0.984 	 0.048006908077808545 	 0.04727660369875102 	 1.5920191306535567E-4 	 0.05048049837283297 	 0.048006908077808545 	 0.04727660369875102 	 1.5920191306535567E-4 	 0.05048049837283297 	 0.048006908077808545 	 0.04727660369875102 	 1.5920191306535567E-4 	 0.05048049837283297 	 0.048006908077808545 	 0.04727660369875102 	 1.5920191306535567E-4 	 0.05048049837283297 	 
-0.96 	 0.04696305596816133 	 0.04437798341392714 	 1.5217522505776658E-4 	 0.04913650403094523 	 0.04696305596816133 	 0.04437798341392714 	 1.5217522505776658E-4 	 0.04913650403094523 	 0.04696305596816133 	 0.04437798341392714 	 1.5217522505776658E-4 	 0.04913650403094523 	 0.04696305596816133 	 0.04437798341392714 	 1.5217522505776658E-4 	 0.04913650403094523 	 
-0.9359999999999999 	 0.04510931680374118 	 0.041941120441555416 	 1.4723868447903048E-4 	 0.04685093186485874 	 0.04510931680374118 	 0.041941120441555416 	 1.4723868447903048E-4 	 0.04685093186485874 	 0.04510931680374118 	 0.041941120441555416 	 1.4723868447903048E-4 	 0.04685093186485874 	 0.04510931680374118 	 0.041941120441555416 	 1.4723868447903048E-4 	 0.04685093186485874 	 
-0.9119999999999999 	 0.04268713431347862 	 0.03778737094595205 	 1.2800930215671553E-4 	 0.04396443694261985 	 0.04268713431347862 	 0.03778737094595205 	 1.2800930215671553E-4 	 0.04396443694261985 	 0.04268713431347862 	 0.03778737094595205 	 1.2800930215671553E-4 	 0.04396443694261985 	 0.04268713431347862 	 0.03778737094595205 	 1.2800930215671553E-4 	 0.04396443694261985 	 
-0.8879999999999999 	 0.039460215517060145 	 0.03373167868380168 	 1.2248234357576708E-4 	 0.040312144103684916 	 0.039460215517060145 	 0.03373167868380168 	 1.2248234357576708E-4 	 0.040312144103684916 	 0.039460215517060145 	 0.03373167868380168 	 1.2248234357576708E-4 	 0.040312144103684916 	 0.039460215517060145 	 0.03373167868380168 	 1.2248234357576708E-4 	 0.040312144103684916 	 
-0.8639999999999999 	 0.035917426104610066 	 0.02997555585753723 	 1.1319612505986405E-4 	 0.03627379215685382 	 0.035917426104610066 	 0.02997555585753723 	 1.1319612505986405E-4 	 0.03627379215685382 	 0.035917426104610066 	 0.02997555585753723 	 1.1319612505986405E-4 	 0.03627379215685382 	 0.035917426104610066 	 0.02997555585753723 	 1.1319612505986405E-4 	 0.03627379215685382 	 
-0.8399999999999999 	 0.032177588555039834 	 0.02554716511028877 	 1.0479274409752659E-4 	 0.03207046619159277 	 0.032177588555039834 	 0.02554716511028877 	 1.0479274409752659E-4 	 0.03207046619159277 	 0.032177588555039834 	 0.02554716511028877 	 1.0479274409752659E-4 	 0.03207046619159277 	 0.032177588555039834 	 0.02554716511028877 	 1.0479274409752659E-4 	 0.03207046619159277 	 
-0.8159999999999998 	 0.028219162267612456 	 0.02186669751600596 	 9.79349468767434E-5 	 0.027736922876246566 	 0.028219162267612456 	 0.02186669751600596 	 9.79349468767434E-5 	 0.027736922876246566 	 0.028219162267612456 	 0.02186669751600596 	 9.79349468767434E-5 	 0.027736922876246566 	 0.028219162267612456 	 0.02186669751600596 	 9.79349468767434E-5 	 0.027736922876246566 	 
-0.7919999999999998 	 0.02454185721159973 	 0.018779834219096556 	 1.0045959352594737E-4 	 0.023711577948972655 	 0.02454185721159973 	 0.018779834219096556 	 1.0045959352594737E-4 	 0.023711577948972655 	 0.02454185721159973 	 0.018779834219096556 	 1.0045959352594737E-4 	 0.023711577948972655 	 0.02454185721159973 	 0.018779834219096556 	 1.0045959352594737E-4 	 0.023711577948972655 	 
-0.7679999999999998 	 0.021189282789300164 	 0.016058632038376295 	 1.0493431236994749E-4 	 0.020126716871129935 	 0.021189282789300164 	 0.016058632038376295 	 1.0493431236994749E-4 	 0.020126716871129935 	 0.021189282789300164 	 0.016058632038376295 	 1.0493431236994749E-4 	 0.020126716871129935 	 0.021189282789300164 	 0.016058632038376295 	 1.0493431236994749E-4 	 0.020126716871129935 	 
-0.7439999999999998 	 0.018283497822668145 	 0.013702049876616069 	 8.902034277139185E-5 	 0.017088351663057427 	 0.018283497822668145 	 0.013702049876616069 	 8.902034277139185E-5 	 0.017088351663057427 	 0.018283497822668145 	 0.013702049876616069 	 8.902034277139185E-5 	 0.017088351663057427 	 0.018283497822668145 	 0.013702049876616069 	 8.902034277139185E-5 	 0.017088351663057427 	 
-0.7199999999999998 	 0.015765315571456277 	 0.01191283562894256 	 8.349912929282639E-5 	 0.014484180184193578 	 0.015765315571456277 	 0.01191283562894256 	 8.349912929282639E-5 	 0.014484180184193578 	 0.015765315571456277 	 0.01191283562894256 	 8.349912929282639E-5 	 0.014484180184193578 	 0.015765315571456277 	 0.01191283562894256 	 8.349912929282639E-5 	 0.014484180184193578 	 
-0.6959999999999997 	 0.013665347748995684 	 0.010235248187602124 	 7.636914180376941E-5 	 0.01234025427831507 	 0.013665347748995684 	 0.010235248187602124 	 7.636914180376941E-5 	 0.01234025427831507 	 0.013665347748995684 	 0.010235248187602124 	 7.636914180376941E-5 	 0.01234025427831507 	 0.013665347748995684 	 0.010235248187602124 	 7.636914180376941E-5 	 0.01234025427831507 	 
-0.6720000000000002 	 0.011866664113457177 	 0.009025326772448891 	 6.5739314441181E-5 	 0.010543030253303583 	 0.011866664113457177 	 0.009025326772448891 	 6.5739314441181E-5 	 0.010543030253303583 	 0.011866664113457177 	 0.009025326772448891 	 6.5739314441181E-5 	 0.010543030253303583 	 0.011866664113457177 	 0.009025326772448891 	 6.5739314441181E-5 	 0.010543030253303583 	 
-0.6480000000000001 	 0.010406827985137345 	 0.007861141714265031 	 6.83945886643218E-5 	 0.009096479163259778 	 0.010406827985137345 	 0.007861141714265031 	 6.83945886643218E-5 	 0.009096479163259778 	 0.010406827985137345 	 0.007861141714265031 	 6.83945886643218E-5 	 0.009096479163259778 	 0.010406827985137345 	 0.007861141714265031 	 6.83945886643218E-5 	 0.009096479163259778 	 
-0.6240000000000001 	 0.009087936695712381 	 0.006670273693743123 	 7.491862217832926E-5 	 0.007808010947514549 	 0.009087936695712381 	 0.006670273693743123 	 7.491862217832926E-5 	 0.007808010947514549 	 0.009087936695712381 	 0.006670273693743123 	 7.491862217832926E-5 	 0.007808010947514549 	 0.009087936695712381 	 0.006670273693743123 	 7.491862217832926E-5 	 0.007808010947514549 	 
-0.6000000000000001 	 0.007874912269441432 	 0.005596800481266037 	 7.886284440658984E-5 	 0.006627961833912561 	 0.007874912269441432 	 0.005596800481266037 	 7.886284440658984E-5 	 0.006627961833912561 	 0.007874912269441432 	 0.005596800481266037 	 7.886284440658984E-5 	 0.006627961833912561 	 0.007874912269441432 	 0.005596800481266037 	 7.886284440658984E-5 	 0.006627961833912561 	 
-0.5760000000000001 	 0.006756496300793327 	 0.004682518140537541 	 8.411189536403802E-5 	 0.005510785733735623 	 0.006756496300793327 	 0.004682518140537541 	 8.411189536403802E-5 	 0.005510785733735623 	 0.006756496300793327 	 0.004682518140537541 	 8.411189536403802E-5 	 0.005510785733735623 	 0.006756496300793327 	 0.004682518140537541 	 8.411189536403802E-5 	 0.005510785733735623 	 
-0.552 	 0.005766761247712063 	 0.004016201864514886 	 8.828835313673769E-5 	 0.004529174234289909 	 0.005766761247712063 	 0.004016201864514886 	 8.828835313673769E-5 	 0.004529174234289909 	 0.005766761247712063 	 0.004016201864514886 	 8.828835313673769E-5 	 0.004529174234289909 	 0.005766761247712063 	 0.004016201864514886 	 8.828835313673769E-5 	 0.004529174234289909 	 
-0.528 	 0.004970864610377306 	 0.00353055107625587 	 9.752275251511347E-5 	 0.0037494954597353707 	 0.004970864610377306 	 0.00353055107625587 	 9.752275251511347E-5 	 0.0037494954597353707 	 0.004970864610377306 	 0.00353055107625587 	 9.752275251511347E-5 	 0.0037494954597353707 	 0.004970864610377306 	 0.00353055107625587 	 9.752275251511347E-5 	 0.0037494954597353707 	 
-0.504 	 0.004324053217736099 	 0.0030673517698316553 	 1.0131562310124408E-4 	 0.003150239255418929 	 0.004324053217736099 	 0.0030673517698316553 	 1.0131562310124408E-4 	 0.003150239255418929 	 0.004324053217736099 	 0.0030673517698316553 	 1.0131562310124408E-4 	 0.003150239255418929 	 0.004324053217736099 	 0.0030673517698316553 	 1.0131562310124408E-4 	 0.003150239255418929 	 
-0.48 	 0.003804088584705707 	 0.00277469553827339 	 1.1237415907456565E-4 	 0.0026790320949398533 	 0.003804088584705707 	 0.00277469553827339 	 1.1237415907456565E-4 	 0.0026790320949398533 	 0.003804088584705707 	 0.00277469553827339 	 1.1237415907456565E-4 	 0.0026790320949398533 	 0.003804088584705707 	 0.00277469553827339 	 1.1237415907456565E-4 	 0.0026790320949398533 	 
-0.45599999999999996 	 0.003408573041240689 	 0.0024869084403471927 	 1.1943538089678901E-4 	 0.002326530456199007 	 0.003408573041240689 	 0.0024869084403471927 	 1.1943538089678901E-4 	 0.002326530456199007 	 0.003408573041240689 	 0.0024869084403471927 	 1.1943538089678901E-4 	 0.002326530456199007 	 0.003408573041240689 	 0.0024869084403471927 	 1.1943538089678901E-4 	 0.002326530456199007 	 
-0.43199999999999994 	 0.00305167965848869 	 0.002257568868118169 	 1.3552247693732097E-4 	 0.002021818007687302 	 0.00305167965848869 	 0.002257568868118169 	 1.3552247693732097E-4 	 0.002021818007687302 	 0.00305167965848869 	 0.002257568868118169 	 1.3552247693732097E-4 	 0.002021818007687302 	 0.00305167965848869 	 0.002257568868118169 	 1.3552247693732097E-4 	 0.002021818007687302 	 
-0.4079999999999999 	 0.002756015250355375 	 0.0019502126725749551 	 1.653282497868858E-4 	 0.0017734231113437039 	 0.002756015250355375 	 0.0019502126725749551 	 1.653282497868858E-4 	 0.0017734231113437039 	 0.002756015250355375 	 0.0019502126725749551 	 1.653282497868858E-4 	 0.0017734231113437039 	 0.002756015250355375 	 0.0019502126725749551 	 1.653282497868858E-4 	 0.0017734231113437039 	 
-0.3839999999999999 	 0.0024562587489040328 	 0.001708816815945181 	 2.0882639288904948E-4 	 0.0015093241178349079 	 0.0024562587489040328 	 0.001708816815945181 	 2.0882639288904948E-4 	 0.0015093241178349079 	 0.0024562587489040328 	 0.001708816815945181 	 2.0882639288904948E-4 	 0.0015093241178349079 	 0.0024562587489040328 	 0.001708816815945181 	 2.0882639288904948E-4 	 0.0015093241178349079 	 
-0.3599999999999999 	 0.002179297799776879 	 0.0015480664510652165 	 2.549470908559506E-4 	 0.001262792944518719 	 0.002179297799776879 	 0.0015480664510652165 	 2.549470908559506E-4 	 0.001262792944518719 	 0.002179297799776879 	 0.0015480664510652165 	 2.549470908559506E-4 	 0.001262792944518719 	 0.002179297799776879 	 0.0015480664510652165 	 2.549470908559506E-4 	 0.001262792944518719 	 
-0.33599999999999985 	 0.001951677347569308 	 0.001370449803351821 	 3.513007233082576E-4 	 0.0010636079193204115 	 0.001951677347569308 	 0.001370449803351821 	 3.513007233082576E-4 	 0.0010636079193204115 	 0.001951677347569308 	 0.001370449803351821 	 3.513007233082576E-4 	 0.0010636079193204115 	 0.001951677347569308 	 0.001370449803351821 	 3.513007233082576E-4 	 0.0010636079193204115 	 
-0.31199999999999983 	 0.0017569437212559488 	 0.001237439328986783 	 4.798722393867346E-4 	 8.998198676115268E-4 	 0.0017569437212559488 	 0.001237439328986783 	 4.798722393867346E-4 	 8.998198676115268E-4 	 0.0017569437212559488 	 0.001237439328986783 	 4.798722393867346E-4 	 8.998198676115268E-4 	 0.0017569437212559488 	 0.001237439328986783 	 4.798722393867346E-4 	 8.998198676115268E-4 	 
-0.2879999999999998 	 0.0015980347858189472 	 0.0011916848052095212 	 6.837036154039569E-4 	 7.671335030266344E-4 	 0.0015980347858189472 	 0.0011916848052095212 	 6.837036154039569E-4 	 7.671335030266344E-4 	 0.0015980347858189472 	 0.0011916848052095212 	 6.837036154039569E-4 	 7.671335030266344E-4 	 0.0015980347858189472 	 0.0011916848052095212 	 6.837036154039569E-4 	 7.671335030266344E-4 	 
-0.2639999999999998 	 0.001497206180141166 	 0.001149231520306897 	 0.0010149800287101796 	 6.86281715566125E-4 	 0.001497206180141166 	 0.001149231520306897 	 0.0010149800287101796 	 6.86281715566125E-4 	 0.001497206180141166 	 0.001149231520306897 	 0.0010149800287101796 	 6.86281715566125E-4 	 0.001497206180141166 	 0.001149231520306897 	 0.0010149800287101796 	 6.86281715566125E-4 	 
-0.23999999999999977 	 0.0014066469962811933 	 0.0010353530921496652 	 0.0015142494499572495 	 6.21913411812225E-4 	 0.0014066469962811933 	 0.0010353530921496652 	 0.0015142494499572495 	 6.21913411812225E-4 	 0.0014066469962811933 	 0.0010353530921496652 	 0.0015142494499572495 	 6.21913411812225E-4 	 0.0014066469962811933 	 0.0010353530921496652 	 0.0015142494499572495 	 6.21913411812225E-4 	 
-0.21599999999999975 	 0.001301088516234915 	 9.287527460719551E-4 	 0.002364133005967309 	 5.419747975968084E-4 	 0.001301088516234915 	 9.287527460719551E-4 	 0.002364133005967309 	 5.419747975968084E-4 	 0.001301088516234915 	 9.287527460719551E-4 	 0.002364133005967309 	 5.419747975968084E-4 	 0.001301088516234915 	 9.287527460719551E-4 	 0.002364133005967309 	 5.419747975968084E-4 	 
-0.19199999999999973 	 0.0012052770801532313 	 9.069713045137839E-4 	 0.0036198360054138885 	 4.546044170850147E-4 	 0.0012052770801532313 	 9.069713045137839E-4 	 0.0036198360054138885 	 4.546044170850147E-4 	 0.0012052770801532313 	 9.069713045137839E-4 	 0.0036198360054138885 	 4.546044170850147E-4 	 0.0012052770801532313 	 9.069713045137839E-4 	 0.0036198360054138885 	 4.546044170850147E-4 	 
-0.16800000000000015 	 0.0011368175420779644 	 8.599392487950185E-4 	 0.005401815927037213 	 3.9243885663805454E-4 	 0.0011368175420779644 	 8.599392487950185E-4 	 0.005401815927037213 	 3.9243885663805454E-4 	 0.0011368175420779644 	 8.599392487950185E-4 	 0.005401815927037213 	 3.9243885663805454E-4 	 0.0011368175420779644 	 8.599392487950185E-4 	 0.005401815927037213 	 3.9243885663805454E-4 	 
-0.14400000000000013 	 0.0010868635853599092 	 8.372495231352833E-4 	 0.007831540607827854 	 3.489521040432104E-4 	 0.0010868635853599092 	 8.372495231352833E-4 	 0.007831540607827854 	 3.489521040432104E-4 	 0.0010868635853599092 	 8.372495231352833E-4 	 0.007831540607827854 	 3.489521040432104E-4 	 0.0010868635853599092 	 8.372495231352833E-4 	 0.007831540607827854 	 3.489521040432104E-4 	 
-0.1200000000000001 	 0.0010606296126428102 	 8.104683215267515E-4 	 0.010990891881470687 	 3.2282395308907475E-4 	 0.0010606296126428102 	 8.104683215267515E-4 	 0.010990891881470687 	 3.2282395308907475E-4 	 0.0010606296126428102 	 8.104683215267515E-4 	 0.010990891881470687 	 3.2282395308907475E-4 	 0.0010606296126428102 	 8.104683215267515E-4 	 0.010990891881470687 	 3.2282395308907475E-4 	 
-0.09600000000000009 	 0.001031466152000838 	 7.919317816659071E-4 	 0.014967012055971987 	 2.921753972532049E-4 	 0.001031466152000838 	 7.919317816659071E-4 	 0.014967012055971987 	 2.921753972532049E-4 	 0.001031466152000838 	 7.919317816659071E-4 	 0.014967012055971987 	 2.921753972532049E-4 	 0.001031466152000838 	 7.919317816659071E-4 	 0.014967012055971987 	 2.921753972532049E-4 	 
-0.07200000000000006 	 0.001012661035592387 	 7.612524806289212E-4 	 0.019791897656125473 	 2.666996818942347E-4 	 0.001012661035592387 	 7.612524806289212E-4 	 0.019791897656125473 	 2.666996818942347E-4 	 0.001012661035592387 	 7.612524806289212E-4 	 0.019791897656125473 	 2.666996818942347E-4 	 0.001012661035592387 	 7.612524806289212E-4 	 0.019791897656125473 	 2.666996818942347E-4 	 
-0.04800000000000004 	 9.909745328626391E-4 	 7.21179834057375E-4 	 0.025494042557197612 	 2.387911431925728E-4 	 9.909745328626391E-4 	 7.21179834057375E-4 	 0.025494042557197612 	 2.387911431925728E-4 	 9.909745328626391E-4 	 7.21179834057375E-4 	 0.025494042557197612 	 2.387911431925728E-4 	 9.909745328626391E-4 	 7.21179834057375E-4 	 0.025494042557197612 	 2.387911431925728E-4 	 
-0.02400000000000002 	 9.641441407233728E-4 	 6.840645969307931E-4 	 0.031295510851293055 	 2.0325164875950716E-4 	 9.641441407233728E-4 	 6.840645969307931E-4 	 0.031295510851293055 	 2.0325164875950716E-4 	 9.641441407233728E-4 	 6.840645969307931E-4 	 0.031295510851293055 	 2.0325164875950716E-4 	 9.641441407233728E-4 	 6.840645969307931E-4 	 0.031295510851293055 	 2.0325164875950716E-4 	 
0.0 	 9.400723425426955E-4 	 6.786199390757474E-4 	 0.03736630774157615 	 1.7099302566166407E-4 	 9.400723425426955E-4 	 6.786199390757474E-4 	 0.03736630774157615 	 1.7099302566166407E-4 	 9.400723425426955E-4 	 6.786199390757474E-4 	 0.03736630774157615 	 1.7099302566166407E-4 	 9.400723425426955E-4 	 6.786199390757474E-4 	 0.03736630774157615 	 1.7099302566166407E-4 	 
0.02400000000000002 	 9.244463925787865E-4 	 6.750794407011813E-4 	 0.04309134185571809 	 1.532046039048999E-4 	 9.244463925787865E-4 	 6.750794407011813E-4 	 0.04309134185571809 	 1.532046039048999E-4 	 9.244463925787865E-4 	 6.750794407011813E-4 	 0.04309134185571809 	 1.532046039048999E-4 	 9.244463925787865E-4 	 6.750794407011813E-4 	 0.04309134185571809 	 1.532046039048999E-4 	 
0.04800000000000004 	 9.08243567679274E-4 	 6.409628065535989E-4 	 0.048372802129286054 	 1.452184467793252E-4 	 9.08243567679274E-4 	 6.409628065535989E-4 	 0.048372802129286054 	 1.452184467793252E-4 	 9.08243567679274E-4 	 6.409628065535989E-4 	 0.048372802129286054 	 1.452184467793252E-4 	 9.08243567679274E-4 	 6.409628065535989E-4 	 0.048372802129286054 	 1.452184467793252E-4 	 
0.07200000000000006 	 8.840815085774027E-4 	 6.169743184233764E-4 	 0.05263742086876435 	 1.3698352191394565E-4 	 8.840815085774027E-4 	 6.169743184233764E-4 	 0.05263742086876435 	 1.3698352191394565E-4 	 8.840815085774027E-4 	 6.169743184233764E-4 	 0.05263742086876435 	 1.3698352191394565E-4 	 8.840815085774027E-4 	 6.169743184233764E-4 	 0.05263742086876435 	 1.3698352191394565E-4 	 
0.09600000000000009 	 8.567061141001305E-4 	 5.908383042280696E-4 	 0.0554798211400948 	 1.2786223968448855E-4 	 8.567061141001305E-4 	 5.908383042280696E-4 	 0.0554798211400948 	 1.2786223968448855E-4 	 8.567061141001305E-4 	 5.908383042280696E-4 	 0.0554798211400948 	 1.2786223968448855E-4 	 8.567061141001305E-4 	 5.908383042280696E-4 	 0.0554798211400948 	 1.2786223968448855E-4 	 
0.1200000000000001 	 8.171529062184097E-4 	 5.455724218672374E-4 	 0.05743785309915329 	 1.188915390745454E-4 	 8.171529062184097E-4 	 5.455724218672374E-4 	 0.05743785309915329 	 1.188915390745454E-4 	 8.171529062184097E-4 	 5.455724218672374E-4 	 0.05743785309915329 	 1.188915390745454E-4 	 8.171529062184097E-4 	 5.455724218672374E-4 	 0.05743785309915329 	 1.188915390745454E-4 	 
0.14400000000000013 	 7.709138520875281E-4 	 5.094401443207122E-4 	 0.05761568600588443 	 1.0752005332323504E-4 	 7.709138520875281E-4 	 5.094401443207122E-4 	 0.05761568600588443 	 1.0752005332323504E-4 	 7.709138520875281E-4 	 5.094401443207122E-4 	 0.05761568600588443 	 1.0752005332323504E-4 	 7.709138520875281E-4 	 5.094401443207122E-4 	 0.05761568600588443 	 1.0752005332323504E-4 	 
0.16800000000000015 	 7.163466965304639E-4 	 4.7138557202704173E-4 	 0.05628254911831726 	 9.707518623490994E-5 	 7.163466965304639E-4 	 4.7138557202704173E-4 	 0.05628254911831726 	 9.707518623490994E-5 	 7.163466965304639E-4 	 4.7138557202704173E-4 	 0.05628254911831726 	 9.707518623490994E-5 	 7.163466965304639E-4 	 4.7138557202704173E-4 	 0.05628254911831726 	 9.707518623490994E-5 	 
0.19200000000000017 	 6.630208743099056E-4 	 4.444590558540534E-4 	 0.05416446122051349 	 9.162200102012219E-5 	 6.630208743099056E-4 	 4.444590558540534E-4 	 0.05416446122051349 	 9.162200102012219E-5 	 6.630208743099056E-4 	 4.444590558540534E-4 	 0.05416446122051349 	 9.162200102012219E-5 	 6.630208743099056E-4 	 4.444590558540534E-4 	 0.05416446122051349 	 9.162200102012219E-5 	 
0.2160000000000002 	 6.09310394647767E-4 	 3.916444171185108E-4 	 0.050537555593154856 	 9.052660675393848E-5 	 6.09310394647767E-4 	 3.916444171185108E-4 	 0.050537555593154856 	 9.052660675393848E-5 	 6.09310394647767E-4 	 3.916444171185108E-4 	 0.050537555593154856 	 9.052660675393848E-5 	 6.09310394647767E-4 	 3.916444171185108E-4 	 0.050537555593154856 	 9.052660675393848E-5 	 
0.2400000000000002 	 5.432502773396804E-4 	 3.3247535387377614E-4 	 0.04509774660100403 	 8.226120995837796E-5 	 5.432502773396804E-4 	 3.3247535387377614E-4 	 0.04509774660100403 	 8.226120995837796E-5 	 5.432502773396804E-4 	 3.3247535387377614E-4 	 0.04509774660100403 	 8.226120995837796E-5 	 5.432502773396804E-4 	 3.3247535387377614E-4 	 0.04509774660100403 	 8.226120995837796E-5 	 
0.26400000000000023 	 4.726884495597978E-4 	 2.9676012149817705E-4 	 0.039592723672086 	 6.699515472786395E-5 	 4.726884495597978E-4 	 2.9676012149817705E-4 	 0.039592723672086 	 6.699515472786395E-5 	 4.726884495597978E-4 	 2.9676012149817705E-4 	 0.039592723672086 	 6.699515472786395E-5 	 4.726884495597978E-4 	 2.9676012149817705E-4 	 0.039592723672086 	 6.699515472786395E-5 	 
0.28800000000000026 	 4.115876549150242E-4 	 2.5612511291641944E-4 	 0.03433129735535134 	 5.654085875020617E-5 	 4.115876549150242E-4 	 2.5612511291641944E-4 	 0.03433129735535134 	 5.654085875020617E-5 	 4.115876549150242E-4 	 2.5612511291641944E-4 	 0.03433129735535134 	 5.654085875020617E-5 	 4.115876549150242E-4 	 2.5612511291641944E-4 	 0.03433129735535134 	 5.654085875020617E-5 	 
0.3120000000000003 	 3.575988410882782E-4 	 2.3812504310090823E-4 	 0.02949295848426922 	 4.875460639033271E-5 	 3.575988410882782E-4 	 2.3812504310090823E-4 	 0.02949295848426922 	 4.875460639033271E-5 	 3.575988410882782E-4 	 2.3812504310090823E-4 	 0.02949295848426922 	 4.875460639033271E-5 	 3.575988410882782E-4 	 2.3812504310090823E-4 	 0.02949295848426922 	 4.875460639033271E-5 	 
0.33599999999999985 	 3.1568398994365746E-4 	 2.0124777054627196E-4 	 0.025593932382236645 	 4.884484315085552E-5 	 3.1568398994365746E-4 	 2.0124777054627196E-4 	 0.025593932382236645 	 4.884484315085552E-5 	 3.1568398994365746E-4 	 2.0124777054627196E-4 	 0.025593932382236645 	 4.884484315085552E-5 	 3.1568398994365746E-4 	 2.0124777054627196E-4 	 0.025593932382236645 	 4.884484315085552E-5 	 
0.3599999999999999 	 2.748434528006196E-4 	 1.6659542659137958E-4 	 0.022134377568575437 	 4.2986773058670014E-5 	 2.748434528006196E-4 	 1.6659542659137958E-4 	 0.022134377568575437 	 4.2986773058670014E-5 	 2.748434528006196E-4 	 1.6659542659137958E-4 	 0.022134377568575437 	 4.2986773058670014E-5 	 2.748434528006196E-4 	 1.6659542659137958E-4 	 0.022134377568575437 	 4.2986773058670014E-5 	 
0.3839999999999999 	 2.365350836899285E-4 	 1.4446378226352317E-4 	 0.01918496745006788 	 3.4094484615025425E-5 	 2.365350836899285E-4 	 1.4446378226352317E-4 	 0.01918496745006788 	 3.4094484615025425E-5 	 2.365350836899285E-4 	 1.4446378226352317E-4 	 0.01918496745006788 	 3.4094484615025425E-5 	 2.365350836899285E-4 	 1.4446378226352317E-4 	 0.01918496745006788 	 3.4094484615025425E-5 	 
0.4079999999999999 	 2.0633147113742866E-4 	 1.4189408475406926E-4 	 0.016507743387100152 	 2.757225218576727E-5 	 2.0633147113742866E-4 	 1.4189408475406926E-4 	 0.016507743387100152 	 2.757225218576727E-5 	 2.0633147113742866E-4 	 1.4189408475406926E-4 	 0.016507743387100152 	 2.757225218576727E-5 	 2.0633147113742866E-4 	 1.4189408475406926E-4 	 0.016507743387100152 	 2.757225218576727E-5 	 
0.43199999999999994 	 1.8358242153610193E-4 	 1.2050745313383815E-4 	 0.014686805933340454 	 2.7802827048578198E-5 	 1.8358242153610193E-4 	 1.2050745313383815E-4 	 0.014686805933340454 	 2.7802827048578198E-5 	 1.8358242153610193E-4 	 1.2050745313383815E-4 	 0.014686805933340454 	 2.7802827048578198E-5 	 1.8358242153610193E-4 	 1.2050745313383815E-4 	 0.014686805933340454 	 2.7802827048578198E-5 	 
0.45599999999999996 	 1.634526376614522E-4 	 9.928581215858329E-5 	 0.0133843543677891 	 2.6612507613553684E-5 	 1.634526376614522E-4 	 9.928581215858329E-5 	 0.0133843543677891 	 2.6612507613553684E-5 	 1.634526376614522E-4 	 9.928581215858329E-5 	 0.0133843543677891 	 2.6612507613553684E-5 	 1.634526376614522E-4 	 9.928581215858329E-5 	 0.0133843543677891 	 2.6612507613553684E-5 	 
0.48 	 1.4292263925210066E-4 	 8.676357542175356E-5 	 0.011934801211154176 	 2.1418564435037626E-5 	 1.4292263925210066E-4 	 8.676357542175356E-5 	 0.011934801211154176 	 2.1418564435037626E-5 	 1.4292263925210066E-4 	 8.676357542175356E-5 	 0.011934801211154176 	 2.1418564435037626E-5 	 1.4292263925210066E-4 	 8.676357542175356E-5 	 0.011934801211154176 	 2.1418564435037626E-5 	 
0.504 	 1.236190556904074E-4 	 7.568037811439779E-5 	 0.01042453696354453 	 1.5971716198893106E-5 	 1.236190556904074E-4 	 7.568037811439779E-5 	 0.01042453696354453 	 1.5971716198893106E-5 	 1.236190556904074E-4 	 7.568037811439779E-5 	 0.01042453696354453 	 1.5971716198893106E-5 	 1.236190556904074E-4 	 7.568037811439779E-5 	 0.01042453696354453 	 1.5971716198893106E-5 	 
0.528 	 1.0643754060870037E-4 	 6.610009829323967E-5 	 0.00905915155649538 	 1.2416288445989632E-5 	 1.0643754060870037E-4 	 6.610009829323967E-5 	 0.00905915155649538 	 1.2416288445989632E-5 	 1.0643754060870037E-4 	 6.610009829323967E-5 	 0.00905915155649538 	 1.2416288445989632E-5 	 1.0643754060870037E-4 	 6.610009829323967E-5 	 0.00905915155649538 	 1.2416288445989632E-5 	 
0.552 	 9.234710793737102E-5 	 5.736200259556705E-5 	 0.008038728662938461 	 1.0375952097979717E-5 	 9.234710793737102E-5 	 5.736200259556705E-5 	 0.008038728662938461 	 1.0375952097979717E-5 	 9.234710793737102E-5 	 5.736200259556705E-5 	 0.008038728662938461 	 1.0375952097979717E-5 	 9.234710793737102E-5 	 5.736200259556705E-5 	 0.008038728662938461 	 1.0375952097979717E-5 	 
0.5760000000000001 	 8.0731333252579E-5 	 4.99718069296717E-5 	 0.007158849893950398 	 8.973292409949344E-6 	 8.0731333252579E-5 	 4.99718069296717E-5 	 0.007158849893950398 	 8.973292409949344E-6 	 8.0731333252579E-5 	 4.99718069296717E-5 	 0.007158849893950398 	 8.973292409949344E-6 	 8.0731333252579E-5 	 4.99718069296717E-5 	 0.007158849893950398 	 8.973292409949344E-6 	 
0.6000000000000001 	 7.062187267814592E-5 	 4.359046820553893E-5 	 0.006173496883853766 	 8.099404860314573E-6 	 7.062187267814592E-5 	 4.359046820553893E-5 	 0.006173496883853766 	 8.099404860314573E-6 	 7.062187267814592E-5 	 4.359046820553893E-5 	 0.006173496883853766 	 8.099404860314573E-6 	 7.062187267814592E-5 	 4.359046820553893E-5 	 0.006173496883853766 	 8.099404860314573E-6 	 
0.6240000000000001 	 6.06137775941908E-5 	 3.759262551588929E-5 	 0.005251069655798722 	 6.557863159050453E-6 	 6.06137775941908E-5 	 3.759262551588929E-5 	 0.005251069655798722 	 6.557863159050453E-6 	 6.06137775941908E-5 	 3.759262551588929E-5 	 0.005251069655798722 	 6.557863159050453E-6 	 6.06137775941908E-5 	 3.759262551588929E-5 	 0.005251069655798722 	 6.557863159050453E-6 	 
0.6480000000000001 	 5.2717124214872665E-5 	 3.2580390260905314E-5 	 0.004656835124091214 	 5.8604952544917805E-6 	 5.2717124214872665E-5 	 3.2580390260905314E-5 	 0.004656835124091214 	 5.8604952544917805E-6 	 5.2717124214872665E-5 	 3.2580390260905314E-5 	 0.004656835124091214 	 5.8604952544917805E-6 	 5.2717124214872665E-5 	 3.2580390260905314E-5 	 0.004656835124091214 	 5.8604952544917805E-6 	 
0.6720000000000002 	 4.569263806837872E-5 	 2.830630438983669E-5 	 0.003965859961026643 	 4.982488316905952E-6 	 4.569263806837872E-5 	 2.830630438983669E-5 	 0.003965859961026643 	 4.982488316905952E-6 	 4.569263806837872E-5 	 2.830630438983669E-5 	 0.003965859961026643 	 4.982488316905952E-6 	 4.569263806837872E-5 	 2.830630438983669E-5 	 0.003965859961026643 	 4.982488316905952E-6 	 
0.6960000000000002 	 3.9288462638066685E-5 	 2.4344654676975953E-5 	 0.003475069377146878 	 4.283978310639856E-6 	 3.9288462638066685E-5 	 2.4344654676975953E-5 	 0.003475069377146878 	 4.283978310639856E-6 	 3.9288462638066685E-5 	 2.4344654676975953E-5 	 0.003475069377146878 	 4.283978310639856E-6 	 3.9288462638066685E-5 	 2.4344654676975953E-5 	 0.003475069377146878 	 4.283978310639856E-6 	 
0.7200000000000002 	 3.429653550920233E-5 	 2.1269258306974706E-5 	 0.003012963940159699 	 3.7832390250892705E-6 	 3.429653550920233E-5 	 2.1269258306974706E-5 	 0.003012963940159699 	 3.7832390250892705E-6 	 3.429653550920233E-5 	 2.1269258306974706E-5 	 0.003012963940159699 	 3.7832390250892705E-6 	 3.429653550920233E-5 	 2.1269258306974706E-5 	 0.003012963940159699 	 3.7832390250892705E-6 	 
0.7440000000000002 	 2.9345772789655802E-5 	 1.8265990067885578E-5 	 0.0025435248930910973 	 3.194924303178498E-6 	 2.9345772789655802E-5 	 1.8265990067885578E-5 	 0.0025435248930910973 	 3.194924303178498E-6 	 2.9345772789655802E-5 	 1.8265990067885578E-5 	 0.0025435248930910973 	 3.194924303178498E-6 	 2.9345772789655802E-5 	 1.8265990067885578E-5 	 0.0025435248930910973 	 3.194924303178498E-6 	 
0.7680000000000002 	 2.5695360571488293E-5 	 1.5971353533074262E-5 	 0.0022383037958496853 	 2.8860640213903255E-6 	 2.5695360571488293E-5 	 1.5971353533074262E-5 	 0.0022383037958496853 	 2.8860640213903255E-6 	 2.5695360571488293E-5 	 1.5971353533074262E-5 	 0.0022383037958496853 	 2.8860640213903255E-6 	 2.5695360571488293E-5 	 1.5971353533074262E-5 	 0.0022383037958496853 	 2.8860640213903255E-6 	 
0.7920000000000003 	 2.24833338989105E-5 	 1.377834486584894E-5 	 0.0019195536795556128 	 2.7684566187454574E-6 	 2.24833338989105E-5 	 1.377834486584894E-5 	 0.0019195536795556128 	 2.7684566187454574E-6 	 2.24833338989105E-5 	 1.377834486584894E-5 	 0.0019195536795556128 	 2.7684566187454574E-6 	 2.24833338989105E-5 	 1.377834486584894E-5 	 0.0019195536795556128 	 2.7684566187454574E-6 	 
0.8160000000000003 	 1.923781895631938E-5 	 1.1959580231035328E-5 	 0.0015830898673194443 	 2.10877716706665E-6 	 1.923781895631938E-5 	 1.1959580231035328E-5 	 0.0015830898673194443 	 2.10877716706665E-6 	 1.923781895631938E-5 	 1.1959580231035328E-5 	 0.0015830898673194443 	 2.10877716706665E-6 	 1.923781895631938E-5 	 1.1959580231035328E-5 	 0.0015830898673194443 	 2.10877716706665E-6 	 
0.8399999999999999 	 1.668873915705638E-5 	 1.0460743168137052E-5 	 0.0013776512987505587 	 1.931470838827395E-6 	 1.668873915705638E-5 	 1.0460743168137052E-5 	 0.0013776512987505587 	 1.931470838827395E-6 	 1.668873915705638E-5 	 1.0460743168137052E-5 	 0.0013776512987505587 	 1.931470838827395E-6 	 1.668873915705638E-5 	 1.0460743168137052E-5 	 0.0013776512987505587 	 1.931470838827395E-6 	 
0.8639999999999999 	 1.4813862018302639E-5 	 9.25241387436195E-6 	 0.001167539247062794 	 1.8251934849960694E-6 	 1.4813862018302639E-5 	 9.25241387436195E-6 	 0.001167539247062794 	 1.8251934849960694E-6 	 1.4813862018302639E-5 	 9.25241387436195E-6 	 0.001167539247062794 	 1.8251934849960694E-6 	 1.4813862018302639E-5 	 9.25241387436195E-6 	 0.001167539247062794 	 1.8251934849960694E-6 	 
0.8879999999999999 	 1.2734109578154675E-5 	 8.065496410713564E-6 	 0.0010906955070337312 	 1.4292248207418874E-6 	 1.2734109578154675E-5 	 8.065496410713564E-6 	 0.0010906955070337312 	 1.4292248207418874E-6 	 1.2734109578154675E-5 	 8.065496410713564E-6 	 0.0010906955070337312 	 1.4292248207418874E-6 	 1.2734109578154675E-5 	 8.065496410713564E-6 	 0.0010906955070337312 	 1.4292248207418874E-6 	 
0.9119999999999999 	 1.1434943889093805E-5 	 7.053999636891353E-6 	 0.001003323088063228 	 1.312849158467996E-6 	 1.1434943889093805E-5 	 7.053999636891353E-6 	 0.001003323088063228 	 1.312849158467996E-6 	 1.1434943889093805E-5 	 7.053999636891353E-6 	 0.001003323088063228 	 1.312849158467996E-6 	 1.1434943889093805E-5 	 7.053999636891353E-6 	 0.001003323088063228 	 1.312849158467996E-6 	 
0.9359999999999999 	 1.010073060259943E-5 	 6.3352797399008064E-6 	 8.48353699863924E-4 	 1.0980753586003874E-6 	 1.010073060259943E-5 	 6.3352797399008064E-6 	 8.48353699863924E-4 	 1.0980753586003874E-6 	 1.010073060259943E-5 	 6.3352797399008064E-6 	 8.48353699863924E-4 	 1.0980753586003874E-6 	 1.010073060259943E-5 	 6.3352797399008064E-6 	 8.48353699863924E-4 	 1.0980753586003874E-6 	 
0.96 	 8.553975720482149E-6 	 5.414173421426295E-6 	 7.353019608163815E-4 	 9.4657292453672E-7 	 8.553975720482149E-6 	 5.414173421426295E-6 	 7.353019608163815E-4 	 9.4657292453672E-7 	 8.553975720482149E-6 	 5.414173421426295E-6 	 7.353019608163815E-4 	 9.4657292453672E-7 	 8.553975720482149E-6 	 5.414173421426295E-6 	 7.353019608163815E-4 	 9.4657292453672E-7 	 
0.984 	 7.531659475813625E-6 	 4.815691588860956E-6 	 6.389499126083312E-4 	 8.104468821147228E-7 	 7.531659475813625E-6 	 4.815691588860956E-6 	 6.389499126083312E-4 	 8.104468821147228E-7 	 7.531659475813625E-6 	 4.815691588860956E-6 	 6.389499126083312E-4 	 8.104468821147228E-7 	 7.531659475813625E-6 	 4.815691588860956E-6 	 6.389499126083312E-4 	 8.104468821147228E-7 	 
1.008 	 6.502326252251747E-6 	 4.073315739301525E-6 	 5.948910179117845E-4 	 7.56604233496499E-7 	 6.502326252251747E-6 	 4.073315739301525E-6 	 5.948910179117845E-4 	 7.56604233496499E-7 	 6.502326252251747E-6 	 4.073315739301525E-6 	 5.948910179117845E-4 	 7.56604233496499E-7 	 6.502326252251747E-6 	 4.073315739301525E-6 	 5.948910179117845E-4 	 7.56604233496499E-7 	 
1.032 	 5.825794791493607E-6 	 3.6248968761864217E-6 	 5.081388847653408E-4 	 6.310928041557936E-7 	 5.825794791493607E-6 	 3.6248968761864217E-6 	 5.081388847653408E-4 	 6.310928041557936E-7 	 5.825794791493607E-6 	 3.6248968761864217E-6 	 5.081388847653408E-4 	 6.310928041557936E-7 	 5.825794791493607E-6 	 3.6248968761864217E-6 	 5.081388847653408E-4 	 6.310928041557936E-7 	 
1.056 	 5.055549531223309E-6 	 3.166201798436292E-6 	 4.1752265372326295E-4 	 5.865366808383614E-7 	 5.055549531223309E-6 	 3.166201798436292E-6 	 4.1752265372326295E-4 	 5.865366808383614E-7 	 5.055549531223309E-6 	 3.166201798436292E-6 	 4.1752265372326295E-4 	 5.865366808383614E-7 	 5.055549531223309E-6 	 3.166201798436292E-6 	 4.1752265372326295E-4 	 5.865366808383614E-7 	 
1.08 	 4.320423680723351E-6 	 2.8120408296074185E-6 	 2.961296523732805E-4 	 4.648405500473038E-7 	 4.320423680723351E-6 	 2.8120408296074185E-6 	 2.961296523732805E-4 	 4.648405500473038E-7 	 4.320423680723351E-6 	 2.8120408296074185E-6 	 2.961296523732805E-4 	 4.648405500473038E-7 	 4.320423680723351E-6 	 2.8120408296074185E-6 	 2.961296523732805E-4 	 4.648405500473038E-7 	 
1.104 	 3.615743790428538E-6 	 2.4082424739758115E-6 	 2.8688834476184994E-4 	 3.820040099229116E-7 	 3.615743790428538E-6 	 2.4082424739758115E-6 	 2.8688834476184994E-4 	 3.820040099229116E-7 	 3.615743790428538E-6 	 2.4082424739758115E-6 	 2.8688834476184994E-4 	 3.820040099229116E-7 	 3.615743790428538E-6 	 2.4082424739758115E-6 	 2.8688834476184994E-4 	 3.820040099229116E-7 	 
1.1280000000000001 	 3.4272931427554218E-6 	 2.222581261244322E-6 	 3.0518658295555746E-4 	 3.650806511502841E-7 	 3.4272931427554218E-6 	 2.222581261244322E-6 	 3.0518658295555746E-4 	 3.650806511502841E-7 	 3.4272931427554218E-6 	 2.222581261244322E-6 	 3.0518658295555746E-4 	 3.650806511502841E-7 	 3.4272931427554218E-6 	 2.222581261244322E-6 	 3.0518658295555746E-4 	 3.650806511502841E-7 	 
1.1520000000000001 	 3.2008639883390808E-6 	 2.0253585237896644E-6 	 3.0092182736588983E-4 	 3.4883448398717163E-7 	 3.2008639883390808E-6 	 2.0253585237896644E-6 	 3.0092182736588983E-4 	 3.4883448398717163E-7 	 3.2008639883390808E-6 	 2.0253585237896644E-6 	 3.0092182736588983E-4 	 3.4883448398717163E-7 	 3.2008639883390808E-6 	 2.0253585237896644E-6 	 3.0092182736588983E-4 	 3.4883448398717163E-7 	 
1.1760000000000002 	 2.9387442125555556E-6 	 1.8677089542996974E-6 	 2.669100991762371E-4 	 3.258639974263646E-7 	 2.9387442125555556E-6 	 1.8677089542996974E-6 	 2.669100991762371E-4 	 3.258639974263646E-7 	 2.9387442125555556E-6 	 1.8677089542996974E-6 	 2.669100991762371E-4 	 3.258639974263646E-7 	 2.9387442125555556E-6 	 1.8677089542996974E-6 	 2.669100991762371E-4 	 3.258639974263646E-7 	 
1.2000000000000002 	 2.517156301438197E-6 	 1.5517584947011234E-6 	 2.6069668045947033E-4 	 2.7946035562533627E-7 	 2.517156301438197E-6 	 1.5517584947011234E-6 	 2.6069668045947033E-4 	 2.7946035562533627E-7 	 2.517156301438197E-6 	 1.5517584947011234E-6 	 2.6069668045947033E-4 	 2.7946035562533627E-7 	 2.517156301438197E-6 	 1.5517584947011234E-6 	 2.6069668045947033E-4 	 2.7946035562533627E-7 	 
1.2240000000000002 	 2.311303067655116E-6 	 1.367977334928869E-6 	 2.5752296343070494E-4 	 2.611177623610088E-7 	 2.311303067655116E-6 	 1.367977334928869E-6 	 2.5752296343070494E-4 	 2.611177623610088E-7 	 2.311303067655116E-6 	 1.367977334928869E-6 	 2.5752296343070494E-4 	 2.611177623610088E-7 	 2.311303067655116E-6 	 1.367977334928869E-6 	 2.5752296343070494E-4 	 2.611177623610088E-7 	 
1.2480000000000002 	 1.9754183366650833E-6 	 1.121081372090143E-6 	 2.103156171854732E-4 	 2.311080390702917E-7 	 1.9754183366650833E-6 	 1.121081372090143E-6 	 2.103156171854732E-4 	 2.311080390702917E-7 	 1.9754183366650833E-6 	 1.121081372090143E-6 	 2.103156171854732E-4 	 2.311080390702917E-7 	 1.9754183366650833E-6 	 1.121081372090143E-6 	 2.103156171854732E-4 	 2.311080390702917E-7 	 
1.2720000000000002 	 1.5961963743952106E-6 	 9.175892973701886E-7 	 1.3901048429301402E-4 	 1.779321242410131E-7 	 1.5961963743952106E-6 	 9.175892973701886E-7 	 1.3901048429301402E-4 	 1.779321242410131E-7 	 1.5961963743952106E-6 	 9.175892973701886E-7 	 1.3901048429301402E-4 	 1.779321242410131E-7 	 1.5961963743952106E-6 	 9.175892973701886E-7 	 1.3901048429301402E-4 	 1.779321242410131E-7 	 
1.2960000000000003 	 1.1839143380120206E-6 	 7.200561581218358E-7 	 1.0495927686438336E-4 	 1.274232801190818E-7 	 1.1839143380120206E-6 	 7.200561581218358E-7 	 1.0495927686438336E-4 	 1.274232801190818E-7 	 1.1839143380120206E-6 	 7.200561581218358E-7 	 1.0495927686438336E-4 	 1.274232801190818E-7 	 1.1839143380120206E-6 	 7.200561581218358E-7 	 1.0495927686438336E-4 	 1.274232801190818E-7 	 
1.3200000000000003 	 9.59166563962671E-7 	 5.959121430734227E-7 	 8.53686009697399E-5 	 1.0150644996112575E-7 	 9.59166563962671E-7 	 5.959121430734227E-7 	 8.53686009697399E-5 	 1.0150644996112575E-7 	 9.59166563962671E-7 	 5.959121430734227E-7 	 8.53686009697399E-5 	 1.0150644996112575E-7 	 9.59166563962671E-7 	 5.959121430734227E-7 	 8.53686009697399E-5 	 1.0150644996112575E-7 	 
1.3440000000000003 	 8.400368218648112E-7 	 5.281382286326475E-7 	 7.468983605686141E-5 	 9.610777076440784E-8 	 8.400368218648112E-7 	 5.281382286326475E-7 	 7.468983605686141E-5 	 9.610777076440784E-8 	 8.400368218648112E-7 	 5.281382286326475E-7 	 7.468983605686141E-5 	 9.610777076440784E-8 	 8.400368218648112E-7 	 5.281382286326475E-7 	 7.468983605686141E-5 	 9.610777076440784E-8 	 
1.3680000000000003 	 7.095599447523959E-7 	 4.401337271547622E-7 	 6.828759439403424E-5 	 7.775011839206324E-8 	 7.095599447523959E-7 	 4.401337271547622E-7 	 6.828759439403424E-5 	 7.775011839206324E-8 	 7.095599447523959E-7 	 4.401337271547622E-7 	 6.828759439403424E-5 	 7.775011839206324E-8 	 7.095599447523959E-7 	 4.401337271547622E-7 	 6.828759439403424E-5 	 7.775011839206324E-8 	 
1.3920000000000003 	 6.376892358261506E-7 	 3.83100470425417E-7 	 6.418934144580241E-5 	 6.479125152585297E-8 	 6.376892358261506E-7 	 3.83100470425417E-7 	 6.418934144580241E-5 	 6.479125152585297E-8 	 6.376892358261506E-7 	 3.83100470425417E-7 	 6.418934144580241E-5 	 6.479125152585297E-8 	 6.376892358261506E-7 	 3.83100470425417E-7 	 6.418934144580241E-5 	 6.479125152585297E-8 	 
1.4160000000000004 	 5.536139590004569E-7 	 3.3636112155688183E-7 	 4.951171912133307E-5 	 6.695137804905799E-8 	 5.536139590004569E-7 	 3.3636112155688183E-7 	 4.951171912133307E-5 	 6.695137804905799E-8 	 5.536139590004569E-7 	 3.3636112155688183E-7 	 4.951171912133307E-5 	 6.695137804905799E-8 	 5.536139590004569E-7 	 3.3636112155688183E-7 	 4.951171912133307E-5 	 6.695137804905799E-8 	 
1.4400000000000004 	 4.487082484580598E-7 	 2.873869758065092E-7 	 3.6492936616551334E-5 	 4.319427043857095E-8 	 4.487082484580598E-7 	 2.873869758065092E-7 	 3.6492936616551334E-5 	 4.319427043857095E-8 	 4.487082484580598E-7 	 2.873869758065092E-7 	 3.6492936616551334E-5 	 4.319427043857095E-8 	 4.487082484580598E-7 	 2.873869758065092E-7 	 3.6492936616551334E-5 	 4.319427043857095E-8 	 
1.4640000000000004 	 3.7597657368461387E-7 	 2.3619140276598775E-7 	 4.3985796509446595E-5 	 4.427415297381183E-8 	 3.7597657368461387E-7 	 2.3619140276598775E-7 	 4.3985796509446595E-5 	 4.427415297381183E-8 	 3.7597657368461387E-7 	 2.3619140276598775E-7 	 4.3985796509446595E-5 	 4.427415297381183E-8 	 3.7597657368461387E-7 	 2.3619140276598775E-7 	 4.3985796509446595E-5 	 4.427415297381183E-8 	 
1.4880000000000004 	 3.5293248563493604E-7 	 2.0412013264548557E-7 	 3.821852463706612E-5 	 3.9954559047074397E-8 	 3.5293248563493604E-7 	 2.0412013264548557E-7 	 3.821852463706612E-5 	 3.9954559047074397E-8 	 3.5293248563493604E-7 	 2.0412013264548557E-7 	 3.821852463706612E-5 	 3.9954559047074397E-8 	 3.5293248563493604E-7 	 2.0412013264548557E-7 	 3.821852463706612E-5 	 3.9954559047074397E-8 	 
1.5120000000000005 	 2.985203833905046E-7 	 1.7681755457900204E-7 	 3.126059727545288E-5 	 3.3475529561975424E-8 	 2.985203833905046E-7 	 1.7681755457900204E-7 	 3.126059727545288E-5 	 3.3475529561975424E-8 	 2.985203833905046E-7 	 1.7681755457900204E-7 	 3.126059727545288E-5 	 3.3475529561975424E-8 	 2.985203833905046E-7 	 1.7681755457900204E-7 	 3.126059727545288E-5 	 3.3475529561975424E-8 	 
1.5360000000000005 	 2.3818865958743977E-7 	 1.3210858685703287E-7 	 2.0803382773877777E-5 	 3.0235924465662916E-8 	 2.3818865958743977E-7 	 1.3210858685703287E-7 	 2.0803382773877777E-5 	 3.0235924465662916E-8 	 2.3818865958743977E-7 	 1.3210858685703287E-7 	 2.0803382773877777E-5 	 3.0235924465662916E-8 	 2.3818865958743977E-7 	 1.3210858685703287E-7 	 2.0803382773877777E-5 	 3.0235924465662916E-8 	 
1.5600000000000005 	 1.7195060812929472E-7 	 1.0986762710748256E-7 	 9.538578345000426E-6 	 1.2958260935881791E-8 	 1.7195060812929472E-7 	 1.0986762710748256E-7 	 9.538578345000426E-6 	 1.2958260935881791E-8 	 1.7195060812929472E-7 	 1.0986762710748256E-7 	 9.538578345000426E-6 	 1.2958260935881791E-8 	 1.7195060812929472E-7 	 1.0986762710748256E-7 	 9.538578345000426E-6 	 1.2958260935881791E-8 	 
1.5840000000000005 	 1.3122834008256428E-7 	 8.804738556305888E-8 	 1.095015610942943E-5 	 1.6197908546626675E-8 	 1.3122834008256428E-7 	 8.804738556305888E-8 	 1.095015610942943E-5 	 1.6197908546626675E-8 	 1.3122834008256428E-7 	 8.804738556305888E-8 	 1.095015610942943E-5 	 1.6197908546626675E-8 	 1.3122834008256428E-7 	 8.804738556305888E-8 	 1.095015610942943E-5 	 1.6197908546626675E-8 	 
1.6080000000000005 	 1.346997331089903E-7 	 9.451233910992966E-8 	 7.6745916733475E-6 	 1.5118015380423485E-8 	 1.346997331089903E-7 	 9.451233910992966E-8 	 7.6745916733475E-6 	 1.5118015380423485E-8 	 1.346997331089903E-7 	 9.451233910992966E-8 	 7.6745916733475E-6 	 1.5118015380423485E-8 	 1.346997331089903E-7 	 9.451233910992966E-8 	 7.6745916733475E-6 	 1.5118015380423485E-8 	 
1.6319999999999997 	 1.0775755488855166E-7 	 7.380617295225103E-8 	 1.1370882948563152E-5 	 1.0798612784013013E-8 	 1.0775755488855166E-7 	 7.380617295225103E-8 	 1.1370882948563152E-5 	 1.0798612784013013E-8 	 1.0775755488855166E-7 	 7.380617295225103E-8 	 1.1370882948563152E-5 	 1.0798612784013013E-8 	 1.0775755488855166E-7 	 7.380617295225103E-8 	 1.1370882948563152E-5 	 1.0798612784013013E-8 	 
1.6559999999999997 	 1.228449429193229E-7 	 7.857450610988549E-8 	 1.58370581945456E-5 	 1.4038122212964746E-8 	 1.228449429193229E-7 	 7.857450610988549E-8 	 1.58370581945456E-5 	 1.4038122212964746E-8 	 1.228449429193229E-7 	 7.857450610988549E-8 	 1.58370581945456E-5 	 1.4038122212964746E-8 	 1.228449429193229E-7 	 7.857450610988549E-8 	 1.58370581945456E-5 	 1.4038122212964746E-8 	 
1.6799999999999997 	 1.2371985786453713E-7 	 6.814684307496478E-8 	 1.3452164847412353E-5 	 1.8357524808747444E-8 	 1.2371985786453713E-7 	 6.814684307496478E-8 	 1.3452164847412353E-5 	 1.8357524808747444E-8 	 1.2371985786453713E-7 	 6.814684307496478E-8 	 1.3452164847412353E-5 	 1.8357524808747444E-8 	 1.2371985786453713E-7 	 6.814684307496478E-8 	 1.3452164847412353E-5 	 1.8357524808747444E-8 	 
1.7039999999999997 	 9.202295029606178E-8 	 5.39783500188492E-8 	 7.60781913141013E-6 	 6.479103894301825E-9 	 9.202295029606178E-8 	 5.39783500188492E-8 	 7.60781913141013E-6 	 6.479103894301825E-9 	 9.202295029606178E-8 	 5.39783500188492E-8 	 7.60781913141013E-6 	 6.479103894301825E-9 	 9.202295029606178E-8 	 5.39783500188492E-8 	 7.60781913141013E-6 	 6.479103894301825E-9 	 
1.7279999999999998 	 6.8697666707575E-8 	 3.729727877878798E-8 	 9.494712776030619E-6 	 8.638837079430048E-9 	 6.8697666707575E-8 	 3.729727877878798E-8 	 9.494712776030619E-6 	 8.638837079430048E-9 	 6.8697666707575E-8 	 3.729727877878798E-8 	 9.494712776030619E-6 	 8.638837079430048E-9 	 6.8697666707575E-8 	 3.729727877878798E-8 	 9.494712776030619E-6 	 8.638837079430048E-9 	 
1.7519999999999998 	 7.140044015906036E-8 	 4.392396175659604E-8 	 3.881519474066978E-6 	 8.638815821272125E-9 	 7.140044015906036E-8 	 4.392396175659604E-8 	 3.881519474066978E-6 	 8.638815821272125E-9 	 7.140044015906036E-8 	 4.392396175659604E-8 	 3.881519474066978E-6 	 8.638815821272125E-9 	 7.140044015906036E-8 	 4.392396175659604E-8 	 3.881519474066978E-6 	 8.638815821272125E-9 	 
1.7759999999999998 	 3.625072902993252E-8 	 2.4043115051564126E-8 	 3.407422859043888E-6 	 2.1597225566770437E-9 	 3.625072902993252E-8 	 2.4043115051564126E-8 	 3.407422859043888E-6 	 2.1597225566770437E-9 	 3.625072902993252E-8 	 2.4043115051564126E-8 	 3.407422859043888E-6 	 2.1597225566770437E-9 	 3.625072902993252E-8 	 2.4043115051564126E-8 	 3.407422859043888E-6 	 2.1597225566770437E-9 	 
1.7999999999999998 	 4.281862461656272E-8 	 2.6669314302496684E-8 	 7.229651264639048E-6 	 4.319413224861653E-9 	 4.281862461656272E-8 	 2.6669314302496684E-8 	 7.229651264639048E-6 	 4.319413224861653E-9 	 4.281862461656272E-8 	 2.6669314302496684E-8 	 7.229651264639048E-6 	 4.319413224861653E-9 	 4.281862461656272E-8 	 2.6669314302496684E-8 	 7.229651264639048E-6 	 4.319413224861653E-9 	 
1.8239999999999998 	 4.7067120335574236E-8 	 2.386026627722756E-8 	 6.62726861865222E-6 	 7.558954542305822E-9 	 4.7067120335574236E-8 	 2.386026627722756E-8 	 6.62726861865222E-6 	 7.558954542305822E-9 	 4.7067120335574236E-8 	 2.386026627722756E-8 	 6.62726861865222E-6 	 7.558954542305822E-9 	 4.7067120335574236E-8 	 2.386026627722756E-8 	 6.62726861865222E-6 	 7.558954542305822E-9 	 
1.8479999999999999 	 3.3890785373666675E-8 	 1.6952895753613223E-8 	 3.665262011871292E-6 	 2.1596800391056473E-9 	 3.3890785373666675E-8 	 1.6952895753613223E-8 	 3.665262011871292E-6 	 2.1596800391056473E-9 	 3.3890785373666675E-8 	 1.6952895753613223E-8 	 3.665262011871292E-6 	 2.1596800391056473E-9 	 3.3890785373666675E-8 	 1.6952895753613223E-8 	 3.665262011871292E-6 	 2.1596800391056473E-9 	 
1.8719999999999999 	 2.08581864308219E-8 	 7.941590222905178E-9 	 4.483701797990348E-6 	 3.23955194652313E-9 	 2.08581864308219E-8 	 7.941590222905178E-9 	 4.483701797990348E-6 	 3.23955194652313E-9 	 2.08581864308219E-8 	 7.941590222905178E-9 	 4.483701797990348E-6 	 3.23955194652313E-9 	 2.08581864308219E-8 	 7.941590222905178E-9 	 4.483701797990348E-6 	 3.23955194652313E-9 	 
1.896 	 1.8418266179293822E-8 	 7.706424526713078E-9 	 1.2648408335743181E-6 	 2.1596800391056473E-9 	 1.8418266179293822E-8 	 7.706424526713078E-9 	 1.2648408335743181E-6 	 2.1596800391056473E-9 	 1.8418266179293822E-8 	 7.706424526713078E-9 	 1.2648408335743181E-6 	 2.1596800391056473E-9 	 1.8418266179293822E-8 	 7.706424526713078E-9 	 1.2648408335743181E-6 	 2.1596800391056473E-9 	 
1.92 	 3.2772664910144192E-9 	 1.0413334726422464E-9 	 4.717308275171028E-9 	 0.0 	 3.2772664910144192E-9 	 1.0413334726422464E-9 	 4.717308275171028E-9 	 0.0 	 3.2772664910144192E-9 	 1.0413334726422464E-9 	 4.717308275171028E-9 	 0.0 	 3.2772664910144192E-9 	 1.0413334726422464E-9 	 4.717308275171028E-9 	 0.0 	 
1.944 	 0.0 	 0.0 	 0.0 	 0.0 	 0.0 	 0.0 	 0.0 	 0.0 	 0.0 	 0.0 	 0.0 	 0.0 	 0.0 	 0.0 	 0.0 	 0.0 	 
1.968 	 0.0 	 0.0 	 0.0 	 0.0 	 0.0 	 0.0 	 0.0 	 0.0 	 0.0 	 0.0 	 0.0 	 0.0 	 0.0 	 0.0 	 0.0 	 0.0 	 
1.992 	 0.0 	 0.0 	 0.0 	 0.0 	 0.0 	 0.0 	 0.0 	 0.0 	 0.0 	 0.0 	 0.0 	 0.0 	 0.0 	 0.0 	 0.0 	 0.0 	 
2.016 	 0.0 	 0.0 	 0.0 	 0.0 	 0.0 	 0.0 	 0.0 	 0.0 	 0.0 	 0.0 	 0.0 	 0.0 	 0.0 	 0.0 	 0.0 	 0.0 	 
2.04 	 0.0 	 0.0 	 0.0 	 0.0 	 0.0 	 0.0 	 0.0 	 0.0 	 0.0 	 0.0 	 0.0 	 0.0 	 0.0 	 0.0 	 0.0 	 0.0 	 
2.064 	 0.0 	 0.0 	 0.0 	 0.0 	 0.0 	 0.0 	 0.0 	 0.0 	 0.0 	 0.0 	 0.0 	 0.0 	 0.0 	 0.0 	 0.0 	 0.0 	 
2.088 	 0.0 	 0.0 	 0.0 	 0.0 	 0.0 	 0.0 	 0.0 	 0.0 	 0.0 	 0.0 	 0.0 	 0.0 	 0.0 	 0.0 	 0.0 	 0.0 	 
2.112 	 0.0 	 0.0 	 0.0 	 0.0 	 0.0 	 0.0 	 0.0 	 0.0 	 0.0 	 0.0 	 0.0 	 0.0 	 0.0 	 0.0 	 0.0 	 0.0 	 
2.136 	 0.0 	 0.0 	 0.0 	 0.0 	 0.0 	 0.0 	 0.0 	 0.0 	 0.0 	 0.0 	 0.0 	 0.0 	 0.0 	 0.0 	 0.0 	 0.0 	 
2.16 	 0.0 	 0.0 	 0.0 	 0.0 	 0.0 	 0.0 	 0.0 	 0.0 	 0.0 	 0.0 	 0.0 	 0.0 	 0.0 	 0.0 	 0.0 	 0.0 	 
2.184 	 0.0 	 0.0 	 0.0 	 0.0 	 0.0 	 0.0 	 0.0 	 0.0 	 0.0 	 0.0 	 0.0 	 0.0 	 0.0 	 0.0 	 0.0 	 0.0 	 
2.208 	 0.0 	 0.0 	 0.0 	 0.0 	 0.0 	 0.0 	 0.0 	 0.0 	 0.0 	 0.0 	 0.0 	 0.0 	 0.0 	 0.0 	 0.0 	 0.0 	 
2.232 	 0.0 	 0.0 	 0.0 	 0.0 	 0.0 	 0.0 	 0.0 	 0.0 	 0.0 	 0.0 	 0.0 	 0.0 	 0.0 	 0.0 	 0.0 	 0.0 	 
2.2560000000000002 	 0.0 	 0.0 	 0.0 	 0.0 	 0.0 	 0.0 	 0.0 	 0.0 	 0.0 	 0.0 	 0.0 	 0.0 	 0.0 	 0.0 	 0.0 	 0.0 	 
2.2800000000000002 	 0.0 	 0.0 	 0.0 	 0.0 	 0.0 	 0.0 	 0.0 	 0.0 	 0.0 	 0.0 	 0.0 	 0.0 	 0.0 	 0.0 	 0.0 	 0.0 	 
2.3040000000000003 	 0.0 	 0.0 	 0.0 	 0.0 	 0.0 	 0.0 	 0.0 	 0.0 	 0.0 	 0.0 	 0.0 	 0.0 	 0.0 	 0.0 	 0.0 	 0.0 	 
2.3280000000000003 	 0.0 	 0.0 	 0.0 	 0.0 	 0.0 	 0.0 	 0.0 	 0.0 	 0.0 	 0.0 	 0.0 	 0.0 	 0.0 	 0.0 	 0.0 	 0.0 	 
2.3520000000000003 	 0.0 	 0.0 	 0.0 	 0.0 	 0.0 	 0.0 	 0.0 	 0.0 	 0.0 	 0.0 	 0.0 	 0.0 	 0.0 	 0.0 	 0.0 	 0.0 	 
2.3760000000000003 	 0.0 	 0.0 	 0.0 	 0.0 	 0.0 	 0.0 	 0.0 	 0.0 	 0.0 	 0.0 	 0.0 	 0.0 	 0.0 	 0.0 	 0.0 	 0.0 	 
2.4000000000000004 	 0.0 	 0.0 	 0.0 	 0.0 	 0.0 	 0.0 	 0.0 	 0.0 	 0.0 	 0.0 	 0.0 	 0.0 	 0.0 	 0.0 	 0.0 	 0.0 	 
2.4240000000000004 	 0.0 	 0.0 	 0.0 	 0.0 	 0.0 	 0.0 	 0.0 	 0.0 	 0.0 	 0.0 	 0.0 	 0.0 	 0.0 	 0.0 	 0.0 	 0.0 	 
2.4480000000000004 	 0.0 	 0.0 	 0.0 	 0.0 	 0.0 	 0.0 	 0.0 	 0.0 	 0.0 	 0.0 	 0.0 	 0.0 	 0.0 	 0.0 	 0.0 	 0.0 	 
2.4720000000000004 	 0.0 	 0.0 	 0.0 	 0.0 	 0.0 	 0.0 	 0.0 	 0.0 	 0.0 	 0.0 	 0.0 	 0.0 	 0.0 	 0.0 	 0.0 	 0.0 	 
2.4960000000000004 	 0.0 	 0.0 	 0.0 	 0.0 	 0.0 	 0.0 	 0.0 	 0.0 	 0.0 	 0.0 	 0.0 	 0.0 	 0.0 	 0.0 	 0.0 	 0.0 	 
2.5200000000000005 	 0.0 	 0.0 	 0.0 	 0.0 	 0.0 	 0.0 	 0.0 	 0.0 	 0.0 	 0.0 	 0.0 	 0.0 	 0.0 	 0.0 	 0.0 	 0.0 	 
2.5440000000000005 	 0.0 	 0.0 	 0.0 	 0.0 	 0.0 	 0.0 	 0.0 	 0.0 	 0.0 	 0.0 	 0.0 	 0.0 	 0.0 	 0.0 	 0.0 	 0.0 	 
2.5680000000000005 	 0.0 	 0.0 	 0.0 	 0.0 	 0.0 	 0.0 	 0.0 	 0.0 	 0.0 	 0.0 	 0.0 	 0.0 	 0.0 	 0.0 	 0.0 	 0.0 	 
2.5920000000000005 	 0.0 	 0.0 	 0.0 	 0.0 	 0.0 	 0.0 	 0.0 	 0.0 	 0.0 	 0.0 	 0.0 	 0.0 	 0.0 	 0.0 	 0.0 	 0.0 	 
2.6160000000000005 	 0.0 	 0.0 	 0.0 	 0.0 	 0.0 	 0.0 	 0.0 	 0.0 	 0.0 	 0.0 	 0.0 	 0.0 	 0.0 	 0.0 	 0.0 	 0.0 	 
2.6399999999999997 	 0.0 	 0.0 	 0.0 	 0.0 	 0.0 	 0.0 	 0.0 	 0.0 	 0.0 	 0.0 	 0.0 	 0.0 	 0.0 	 0.0 	 0.0 	 0.0 	 
2.6639999999999997 	 0.0 	 0.0 	 0.0 	 0.0 	 0.0 	 0.0 	 0.0 	 0.0 	 0.0 	 0.0 	 0.0 	 0.0 	 0.0 	 0.0 	 0.0 	 0.0 	 
2.6879999999999997 	 0.0 	 0.0 	 0.0 	 0.0 	 0.0 	 0.0 	 0.0 	 0.0 	 0.0 	 0.0 	 0.0 	 0.0 	 0.0 	 0.0 	 0.0 	 0.0 	 
2.7119999999999997 	 0.0 	 0.0 	 0.0 	 0.0 	 0.0 	 0.0 	 0.0 	 0.0 	 0.0 	 0.0 	 0.0 	 0.0 	 0.0 	 0.0 	 0.0 	 0.0 	 
2.7359999999999998 	 0.0 	 0.0 	 0.0 	 0.0 	 0.0 	 0.0 	 0.0 	 0.0 	 0.0 	 0.0 	 0.0 	 0.0 	 0.0 	 0.0 	 0.0 	 0.0 	 
2.76 	 0.0 	 0.0 	 0.0 	 0.0 	 0.0 	 0.0 	 0.0 	 0.0 	 0.0 	 0.0 	 0.0 	 0.0 	 0.0 	 0.0 	 0.0 	 0.0 	 
2.784 	 0.0 	 0.0 	 0.0 	 0.0 	 0.0 	 0.0 	 0.0 	 0.0 	 0.0 	 0.0 	 0.0 	 0.0 	 0.0 	 0.0 	 0.0 	 0.0 	 
2.808 	 0.0 	 0.0 	 0.0 	 0.0 	 0.0 	 0.0 	 0.0 	 0.0 	 0.0 	 0.0 	 0.0 	 0.0 	 0.0 	 0.0 	 0.0 	 0.0 	 
2.832 	 0.0 	 0.0 	 0.0 	 0.0 	 0.0 	 0.0 	 0.0 	 0.0 	 0.0 	 0.0 	 0.0 	 0.0 	 0.0 	 0.0 	 0.0 	 0.0 	 
2.856 	 0.0 	 0.0 	 0.0 	 0.0 	 0.0 	 0.0 	 0.0 	 0.0 	 0.0 	 0.0 	 0.0 	 0.0 	 0.0 	 0.0 	 0.0 	 0.0 	 
2.88 	 0.0 	 0.0 	 0.0 	 0.0 	 0.0 	 0.0 	 0.0 	 0.0 	 0.0 	 0.0 	 0.0 	 0.0 	 0.0 	 0.0 	 0.0 	 0.0 	 
2.904 	 0.0 	 0.0 	 0.0 	 0.0 	 0.0 	 0.0 	 0.0 	 0.0 	 0.0 	 0.0 	 0.0 	 0.0 	 0.0 	 0.0 	 0.0 	 0.0 	 
2.928 	 0.0 	 0.0 	 0.0 	 0.0 	 0.0 	 0.0 	 0.0 	 0.0 	 0.0 	 0.0 	 0.0 	 0.0 	 0.0 	 0.0 	 0.0 	 0.0 	 
2.952 	 0.0 	 0.0 	 0.0 	 0.0 	 0.0 	 0.0 	 0.0 	 0.0 	 0.0 	 0.0 	 0.0 	 0.0 	 0.0 	 0.0 	 0.0 	 0.0 	 
2.976 	 0.0 	 0.0 	 0.0 	 0.0 	 0.0 	 0.0 	 0.0 	 0.0 	 0.0 	 0.0 	 0.0 	 0.0 	 0.0 	 0.0 	 0.0 	 0.0 	 
