-3.0 	 0.0 	 0.0 	 0.0 	 0.0 	 0.0 	 0.0 	 0.0 	 0.0 	 0.0 	 0.0 	 0.0 	 0.0 	 0.0 	 0.0 	 0.0 	 0.0 	 
-2.976 	 5.829238293543179E-7 	 2.1411000544478213E-4 	 5.829238293543179E-7 	 2.1411000544478213E-4 	 5.829238293543179E-7 	 2.1411000544478213E-4 	 5.829238293543179E-7 	 2.1411000544478213E-4 	 5.829238293543179E-7 	 2.1411000544478213E-4 	 5.829238293543179E-7 	 2.1411000544478213E-4 	 5.829238293543179E-7 	 2.1411000544478213E-4 	 5.829238293543179E-7 	 2.1411000544478213E-4 	 
-2.952 	 5.829238293543179E-7 	 1.4227131803878787E-4 	 5.829238293543179E-7 	 1.4227131803878787E-4 	 5.829238293543179E-7 	 1.4227131803878787E-4 	 5.829238293543179E-7 	 1.4227131803878787E-4 	 5.829238293543179E-7 	 1.4227131803878787E-4 	 5.829238293543179E-7 	 1.4227131803878787E-4 	 5.829238293543179E-7 	 1.4227131803878787E-4 	 5.829238293543179E-7 	 1.4227131803878787E-4 	 
-2.928 	 1.0363280685624008E-6 	 9.767310118904E-5 	 1.0363280685624008E-6 	 9.767310118904E-5 	 1.0363280685624008E-6 	 9.767310118904E-5 	 1.0363280685624008E-6 	 9.767310118904E-5 	 1.0363280685624008E-6 	 9.767310118904E-5 	 1.0363280685624008E-6 	 9.767310118904E-5 	 1.0363280685624008E-6 	 9.767310118904E-5 	 1.0363280685624008E-6 	 9.767310118904E-5 	 
-2.904 	 1.9430794311810598E-6 	 9.766563415306985E-5 	 1.9430794311810598E-6 	 9.766563415306985E-5 	 1.9430794311810598E-6 	 9.766563415306985E-5 	 1.9430794311810598E-6 	 9.766563415306985E-5 	 1.9430794311810598E-6 	 9.766563415306985E-5 	 1.9430794311810598E-6 	 9.766563415306985E-5 	 1.9430794311810598E-6 	 9.766563415306985E-5 	 1.9430794311810598E-6 	 9.766563415306985E-5 	 
-2.88 	 3.238465718635099E-6 	 1.3160632803721744E-4 	 3.238465718635099E-6 	 1.3160632803721744E-4 	 3.238465718635099E-6 	 1.3160632803721744E-4 	 3.238465718635099E-6 	 1.3160632803721744E-4 	 3.238465718635099E-6 	 1.3160632803721744E-4 	 3.238465718635099E-6 	 1.3160632803721744E-4 	 3.238465718635099E-6 	 1.3160632803721744E-4 	 3.238465718635099E-6 	 1.3160632803721744E-4 	 
-2.856 	 8.290472239705855E-6 	 1.848073521185074E-4 	 8.290472239705855E-6 	 1.848073521185074E-4 	 8.290472239705855E-6 	 1.848073521185074E-4 	 8.290472239705855E-6 	 1.848073521185074E-4 	 8.290472239705855E-6 	 1.848073521185074E-4 	 8.290472239705855E-6 	 1.848073521185074E-4 	 8.290472239705855E-6 	 1.848073521185074E-4 	 8.290472239705855E-6 	 1.848073521185074E-4 	 
-2.832 	 3.0700674051259904E-5 	 2.791179253934255E-4 	 3.0700674051259904E-5 	 2.791179253934255E-4 	 3.0700674051259904E-5 	 2.791179253934255E-4 	 3.0700674051259904E-5 	 2.791179253934255E-4 	 3.0700674051259904E-5 	 2.791179253934255E-4 	 3.0700674051259904E-5 	 2.791179253934255E-4 	 3.0700674051259904E-5 	 2.791179253934255E-4 	 3.0700674051259904E-5 	 2.791179253934255E-4 	 
-2.808 	 2.5208217153855614E-4 	 2.994357458125554E-4 	 2.5208217153855614E-4 	 2.994357458125554E-4 	 2.5208217153855614E-4 	 2.994357458125554E-4 	 2.5208217153855614E-4 	 2.994357458125554E-4 	 2.5208217153855614E-4 	 2.994357458125554E-4 	 2.5208217153855614E-4 	 2.994357458125554E-4 	 2.5208217153855614E-4 	 2.994357458125554E-4 	 2.5208217153855614E-4 	 2.994357458125554E-4 	 
-2.784 	 9.132492365150148E-6 	 2.1063051587807928E-4 	 9.132492365150148E-6 	 2.1063051587807928E-4 	 9.132492365150148E-6 	 2.1063051587807928E-4 	 9.132492365150148E-6 	 2.1063051587807928E-4 	 9.132492365150148E-6 	 2.1063051587807928E-4 	 9.132492365150148E-6 	 2.1063051587807928E-4 	 9.132492365150148E-6 	 2.1063051587807928E-4 	 9.132492365150148E-6 	 2.1063051587807928E-4 	 
-2.76 	 2.9081422153343188E-5 	 1.501167429079332E-4 	 2.9081422153343188E-5 	 1.501167429079332E-4 	 2.9081422153343188E-5 	 1.501167429079332E-4 	 2.9081422153343188E-5 	 1.501167429079332E-4 	 2.9081422153343188E-5 	 1.501167429079332E-4 	 2.9081422153343188E-5 	 1.501167429079332E-4 	 2.9081422153343188E-5 	 1.501167429079332E-4 	 2.9081422153343188E-5 	 1.501167429079332E-4 	 
-2.7359999999999998 	 2.492323407447564E-4 	 1.6533595820311837E-4 	 2.492323407447564E-4 	 1.6533595820311837E-4 	 2.492323407447564E-4 	 1.6533595820311837E-4 	 2.492323407447564E-4 	 1.6533595820311837E-4 	 2.492323407447564E-4 	 1.6533595820311837E-4 	 2.492323407447564E-4 	 1.6533595820311837E-4 	 2.492323407447564E-4 	 1.6533595820311837E-4 	 2.492323407447564E-4 	 1.6533595820311837E-4 	 
-2.7119999999999997 	 1.7487905266621223E-6 	 2.2878394259781E-4 	 1.7487905266621223E-6 	 2.2878394259781E-4 	 1.7487905266621223E-6 	 2.2878394259781E-4 	 1.7487905266621223E-6 	 2.2878394259781E-4 	 1.7487905266621223E-6 	 2.2878394259781E-4 	 1.7487905266621223E-6 	 2.2878394259781E-4 	 1.7487905266621223E-6 	 2.2878394259781E-4 	 1.7487905266621223E-6 	 2.2878394259781E-4 	 
-2.688 	 3.2386561046267884E-7 	 3.6311724865978654E-4 	 3.2386561046267884E-7 	 3.6311724865978654E-4 	 3.2386561046267884E-7 	 3.6311724865978654E-4 	 3.2386561046267884E-7 	 3.6311724865978654E-4 	 3.2386561046267884E-7 	 3.6311724865978654E-4 	 3.2386561046267884E-7 	 3.6311724865978654E-4 	 3.2386561046267884E-7 	 3.6311724865978654E-4 	 3.2386561046267884E-7 	 3.6311724865978654E-4 	 
-2.664 	 3.8861588623621187E-7 	 4.191895581731089E-4 	 3.8861588623621187E-7 	 4.191895581731089E-4 	 3.8861588623621187E-7 	 4.191895581731089E-4 	 3.8861588623621187E-7 	 4.191895581731089E-4 	 3.8861588623621187E-7 	 4.191895581731089E-4 	 3.8861588623621187E-7 	 4.191895581731089E-4 	 3.8861588623621187E-7 	 4.191895581731089E-4 	 3.8861588623621187E-7 	 4.191895581731089E-4 	 
-2.64 	 6.476931437270199E-7 	 3.6552578668302006E-4 	 6.476931437270199E-7 	 3.6552578668302006E-4 	 6.476931437270199E-7 	 3.6552578668302006E-4 	 6.476931437270199E-7 	 3.6552578668302006E-4 	 6.476931437270199E-7 	 3.6552578668302006E-4 	 6.476931437270199E-7 	 3.6552578668302006E-4 	 6.476931437270199E-7 	 3.6552578668302006E-4 	 6.476931437270199E-7 	 3.6552578668302006E-4 	 
-2.616 	 6.477121823261888E-7 	 3.1667251974472723E-4 	 6.477121823261888E-7 	 3.1667251974472723E-4 	 6.477121823261888E-7 	 3.1667251974472723E-4 	 6.477121823261888E-7 	 3.1667251974472723E-4 	 6.477121823261888E-7 	 3.1667251974472723E-4 	 6.477121823261888E-7 	 3.1667251974472723E-4 	 6.477121823261888E-7 	 3.1667251974472723E-4 	 6.477121823261888E-7 	 3.1667251974472723E-4 	 
-2.592 	 1.2954053260532087E-6 	 2.8969148037502195E-4 	 1.2954053260532087E-6 	 2.8969148037502195E-4 	 1.2954053260532087E-6 	 2.8969148037502195E-4 	 1.2954053260532087E-6 	 2.8969148037502195E-4 	 1.2954053260532087E-6 	 2.8969148037502195E-4 	 1.2954053260532087E-6 	 2.8969148037502195E-4 	 1.2954053260532087E-6 	 2.8969148037502195E-4 	 1.2954053260532087E-6 	 2.8969148037502195E-4 	 
-2.568 	 2.202156688671868E-6 	 3.3935976766027407E-4 	 2.202156688671868E-6 	 3.3935976766027407E-4 	 2.202156688671868E-6 	 3.3935976766027407E-4 	 2.202156688671868E-6 	 3.3935976766027407E-4 	 2.202156688671868E-6 	 3.3935976766027407E-4 	 2.202156688671868E-6 	 3.3935976766027407E-4 	 2.202156688671868E-6 	 3.3935976766027407E-4 	 2.202156688671868E-6 	 3.3935976766027407E-4 	 
-2.544 	 3.7566202336167156E-6 	 4.512828192544375E-4 	 3.7566202336167156E-6 	 4.512828192544375E-4 	 3.7566202336167156E-6 	 4.512828192544375E-4 	 3.7566202336167156E-6 	 4.512828192544375E-4 	 3.7566202336167156E-6 	 4.512828192544375E-4 	 3.7566202336167156E-6 	 4.512828192544375E-4 	 3.7566202336167156E-6 	 4.512828192544375E-4 	 3.7566202336167156E-6 	 4.512828192544375E-4 	 
-2.52 	 9.391550584041787E-6 	 6.61694653804378E-4 	 9.391550584041787E-6 	 6.61694653804378E-4 	 9.391550584041787E-6 	 6.61694653804378E-4 	 9.391550584041787E-6 	 6.61694653804378E-4 	 9.391550584041787E-6 	 6.61694653804378E-4 	 9.391550584041787E-6 	 6.61694653804378E-4 	 9.391550584041787E-6 	 6.61694653804378E-4 	 9.391550584041787E-6 	 6.61694653804378E-4 	 
-2.496 	 3.212557992886019E-5 	 7.98483034213914E-4 	 3.212557992886019E-5 	 7.98483034213914E-4 	 3.212557992886019E-5 	 7.98483034213914E-4 	 3.212557992886019E-5 	 7.98483034213914E-4 	 3.212557992886019E-5 	 7.98483034213914E-4 	 3.212557992886019E-5 	 7.98483034213914E-4 	 3.212557992886019E-5 	 7.98483034213914E-4 	 3.212557992886019E-5 	 7.98483034213914E-4 	 
-2.472 	 2.570046584694806E-4 	 6.97805715745619E-4 	 2.570046584694806E-4 	 6.97805715745619E-4 	 2.570046584694806E-4 	 6.97805715745619E-4 	 2.570046584694806E-4 	 6.97805715745619E-4 	 2.570046584694806E-4 	 6.97805715745619E-4 	 2.570046584694806E-4 	 6.97805715745619E-4 	 2.570046584694806E-4 	 6.97805715745619E-4 	 2.570046584694806E-4 	 6.97805715745619E-4 	 
-2.448 	 3.095973227015155E-5 	 5.747086251741327E-4 	 3.095973227015155E-5 	 5.747086251741327E-4 	 3.095973227015155E-5 	 5.747086251741327E-4 	 3.095973227015155E-5 	 5.747086251741327E-4 	 3.095973227015155E-5 	 5.747086251741327E-4 	 3.095973227015155E-5 	 5.747086251741327E-4 	 3.095973227015155E-5 	 5.747086251741327E-4 	 3.095973227015155E-5 	 5.747086251741327E-4 	 
-2.424 	 2.49944784164257E-4 	 6.13669983252904E-4 	 2.49944784164257E-4 	 6.13669983252904E-4 	 2.49944784164257E-4 	 6.13669983252904E-4 	 2.49944784164257E-4 	 6.13669983252904E-4 	 2.49944784164257E-4 	 6.13669983252904E-4 	 2.49944784164257E-4 	 6.13669983252904E-4 	 2.49944784164257E-4 	 6.13669983252904E-4 	 2.49944784164257E-4 	 6.13669983252904E-4 	 
-2.4 	 2.590772574908081E-6 	 7.118666226212002E-4 	 2.590772574908081E-6 	 7.118666226212002E-4 	 2.590772574908081E-6 	 7.118666226212002E-4 	 2.590772574908081E-6 	 7.118666226212002E-4 	 2.590772574908081E-6 	 7.118666226212002E-4 	 2.590772574908081E-6 	 7.118666226212002E-4 	 2.590772574908081E-6 	 7.118666226212002E-4 	 2.590772574908081E-6 	 7.118666226212002E-4 	 
-2.376 	 2.1373873742991663E-6 	 8.634782450937248E-4 	 2.1373873742991663E-6 	 8.634782450937248E-4 	 2.1373873742991663E-6 	 8.634782450937248E-4 	 2.1373873742991663E-6 	 8.634782450937248E-4 	 2.1373873742991663E-6 	 8.634782450937248E-4 	 2.1373873742991663E-6 	 8.634782450937248E-4 	 2.1373873742991663E-6 	 8.634782450937248E-4 	 2.1373873742991663E-6 	 8.634782450937248E-4 	 
-2.352 	 3.627100643470481E-6 	 9.84846548467113E-4 	 3.627100643470481E-6 	 9.84846548467113E-4 	 3.627100643470481E-6 	 9.84846548467113E-4 	 3.627100643470481E-6 	 9.84846548467113E-4 	 3.627100643470481E-6 	 9.84846548467113E-4 	 3.627100643470481E-6 	 9.84846548467113E-4 	 3.627100643470481E-6 	 9.84846548467113E-4 	 3.627100643470481E-6 	 9.84846548467113E-4 	 
-2.328 	 8.420010868451258E-6 	 0.0010259411172693915 	 8.420010868451258E-6 	 0.0010259411172693915 	 8.420010868451258E-6 	 0.0010259411172693915 	 8.420010868451258E-6 	 0.0010259411172693915 	 8.420010868451258E-6 	 0.0010259411172693915 	 8.420010868451258E-6 	 0.0010259411172693915 	 8.420010868451258E-6 	 0.0010259411172693915 	 8.420010868451258E-6 	 0.0010259411172693915 	 
-2.304 	 3.057111638391533E-5 	 9.449477725260228E-4 	 3.057111638391533E-5 	 9.449477725260228E-4 	 3.057111638391533E-5 	 9.449477725260228E-4 	 3.057111638391533E-5 	 9.449477725260228E-4 	 3.057111638391533E-5 	 9.449477725260228E-4 	 3.057111638391533E-5 	 9.449477725260228E-4 	 3.057111638391533E-5 	 9.449477725260228E-4 	 3.057111638391533E-5 	 9.449477725260228E-4 	 
-2.2800000000000002 	 2.517583249666927E-4 	 7.760892745404586E-4 	 2.517583249666927E-4 	 7.760892745404586E-4 	 2.517583249666927E-4 	 7.760892745404586E-4 	 2.517583249666927E-4 	 7.760892745404586E-4 	 2.517583249666927E-4 	 7.760892745404586E-4 	 2.517583249666927E-4 	 7.760892745404586E-4 	 2.517583249666927E-4 	 7.760892745404586E-4 	 2.517583249666927E-4 	 7.760892745404586E-4 	 
-2.2560000000000002 	 5.829238293543179E-6 	 7.707098736217198E-4 	 5.829238293543179E-6 	 7.707098736217198E-4 	 5.829238293543179E-6 	 7.707098736217198E-4 	 5.829238293543179E-6 	 7.707098736217198E-4 	 5.829238293543179E-6 	 7.707098736217198E-4 	 5.829238293543179E-6 	 7.707098736217198E-4 	 5.829238293543179E-6 	 7.707098736217198E-4 	 5.829238293543179E-6 	 7.707098736217198E-4 	 
-2.232 	 9.974474413396108E-6 	 0.001082682076768225 	 9.974474413396108E-6 	 0.001082682076768225 	 9.974474413396108E-6 	 0.001082682076768225 	 9.974474413396108E-6 	 0.001082682076768225 	 9.974474413396108E-6 	 0.001082682076768225 	 9.974474413396108E-6 	 0.001082682076768225 	 9.974474413396108E-6 	 0.001082682076768225 	 9.974474413396108E-6 	 0.001082682076768225 	 
-2.208 	 3.361527415943235E-5 	 0.0016134852570409074 	 3.361527415943235E-5 	 0.0016134852570409074 	 3.361527415943235E-5 	 0.0016134852570409074 	 3.361527415943235E-5 	 0.0016134852570409074 	 3.361527415943235E-5 	 0.0016134852570409074 	 3.361527415943235E-5 	 0.0016134852570409074 	 3.361527415943235E-5 	 0.0016134852570409074 	 3.361527415943235E-5 	 0.0016134852570409074 	 
-2.184 	 2.598545083018796E-4 	 0.00224391063752442 	 2.598545083018796E-4 	 0.00224391063752442 	 2.598545083018796E-4 	 0.00224391063752442 	 2.598545083018796E-4 	 0.00224391063752442 	 2.598545083018796E-4 	 0.00224391063752442 	 2.598545083018796E-4 	 0.00224391063752442 	 2.598545083018796E-4 	 0.00224391063752442 	 2.598545083018796E-4 	 0.00224391063752442 	 
-2.16 	 3.6011738791222316E-5 	 0.0029940405227299517 	 3.6011738791222316E-5 	 0.0029940405227299517 	 3.6011738791222316E-5 	 0.0029940405227299517 	 3.6011738791222316E-5 	 0.0029940405227299517 	 3.6011738791222316E-5 	 0.0029940405227299517 	 3.6011738791222316E-5 	 0.0029940405227299517 	 3.6011738791222316E-5 	 0.0029940405227299517 	 3.6011738791222316E-5 	 0.0029940405227299517 	 
-2.136 	 2.616032797899426E-4 	 0.003387192607732886 	 2.616032797899426E-4 	 0.003387192607732886 	 2.616032797899426E-4 	 0.003387192607732886 	 2.616032797899426E-4 	 0.003387192607732886 	 2.616032797899426E-4 	 0.003387192607732886 	 2.616032797899426E-4 	 0.003387192607732886 	 2.616032797899426E-4 	 0.003387192607732886 	 2.616032797899426E-4 	 0.003387192607732886 	 
-2.112 	 4.151714955150115E-5 	 0.0032398819877906665 	 4.151714955150115E-5 	 0.0032398819877906665 	 4.151714955150115E-5 	 0.0032398819877906665 	 4.151714955150115E-5 	 0.0032398819877906665 	 4.151714955150115E-5 	 0.0032398819877906665 	 4.151714955150115E-5 	 0.0032398819877906665 	 4.151714955150115E-5 	 0.0032398819877906665 	 4.151714955150115E-5 	 0.0032398819877906665 	 
-2.088 	 2.8673375472795175E-4 	 0.0032246773674300616 	 2.8673375472795175E-4 	 0.0032246773674300616 	 2.8673375472795175E-4 	 0.0032246773674300616 	 2.8673375472795175E-4 	 0.0032246773674300616 	 2.8673375472795175E-4 	 0.0032246773674300616 	 2.8673375472795175E-4 	 0.0032246773674300616 	 2.8673375472795175E-4 	 0.0032246773674300616 	 2.8673375472795175E-4 	 0.0032246773674300616 	 
-2.064 	 2.8213513340749E-4 	 0.003647024175827693 	 2.8213513340749E-4 	 0.003647024175827693 	 2.8213513340749E-4 	 0.003647024175827693 	 2.8213513340749E-4 	 0.003647024175827693 	 2.8213513340749E-4 	 0.003647024175827693 	 2.8213513340749E-4 	 0.003647024175827693 	 2.8213513340749E-4 	 0.003647024175827693 	 2.8213513340749E-4 	 0.003647024175827693 	 
-2.04 	 2.553206372571913E-4 	 0.004142419839048829 	 2.553206372571913E-4 	 0.004142419839048829 	 2.553206372571913E-4 	 0.004142419839048829 	 2.553206372571913E-4 	 0.004142419839048829 	 2.553206372571913E-4 	 0.004142419839048829 	 2.553206372571913E-4 	 0.004142419839048829 	 2.553206372571913E-4 	 0.004142419839048829 	 2.553206372571913E-4 	 0.004142419839048829 	 
-2.016 	 1.1917553844577167E-5 	 0.004536148032665752 	 1.1917553844577167E-5 	 0.004536148032665752 	 1.1917553844577167E-5 	 0.004536148032665752 	 1.1917553844577167E-5 	 0.004536148032665752 	 1.1917553844577167E-5 	 0.004536148032665752 	 1.1917553844577167E-5 	 0.004536148032665752 	 1.1917553844577167E-5 	 0.004536148032665752 	 1.1917553844577167E-5 	 0.004536148032665752 	 
-1.992 	 3.685373987806743E-5 	 0.00528255499375093 	 3.685373987806743E-5 	 0.00528255499375093 	 3.685373987806743E-5 	 0.00528255499375093 	 3.685373987806743E-5 	 0.00528255499375093 	 3.685373987806743E-5 	 0.00528255499375093 	 3.685373987806743E-5 	 0.00528255499375093 	 3.685373987806743E-5 	 0.00528255499375093 	 3.685373987806743E-5 	 0.00528255499375093 	 
-1.968 	 2.785080518026186E-4 	 0.0063111732349963355 	 2.785080518026186E-4 	 0.0063111732349963355 	 2.785080518026186E-4 	 0.0063111732349963355 	 2.785080518026186E-4 	 0.0063111732349963355 	 2.785080518026186E-4 	 0.0063111732349963355 	 2.785080518026186E-4 	 0.0063111732349963355 	 2.785080518026186E-4 	 0.0063111732349963355 	 2.785080518026186E-4 	 0.0063111732349963355 	 
-1.944 	 2.5149924770920186E-4 	 0.007213795667148736 	 2.5149924770920186E-4 	 0.007213795667148736 	 2.5149924770920186E-4 	 0.007213795667148736 	 2.5149924770920186E-4 	 0.007213795667148736 	 2.5149924770920186E-4 	 0.007213795667148736 	 2.5149924770920186E-4 	 0.007213795667148736 	 2.5149924770920186E-4 	 0.007213795667148736 	 2.5149924770920186E-4 	 0.007213795667148736 	 
-1.92 	 3.3032350330078015E-6 	 0.008538886730508106 	 3.3032350330078015E-6 	 0.008538886730508106 	 3.3032350330078015E-6 	 0.008538886730508106 	 3.3032350330078015E-6 	 0.008538886730508106 	 3.3032350330078015E-6 	 0.008538886730508106 	 3.3032350330078015E-6 	 0.008538886730508106 	 3.3032350330078015E-6 	 0.008538886730508106 	 3.3032350330078015E-6 	 0.008538886730508106 	 
-1.896 	 3.0441577755169936E-6 	 0.010115954541140445 	 3.0441577755169936E-6 	 0.010115954541140445 	 3.0441577755169936E-6 	 0.010115954541140445 	 3.0441577755169936E-6 	 0.010115954541140445 	 3.0441577755169936E-6 	 0.010115954541140445 	 3.0441577755169936E-6 	 0.010115954541140445 	 3.0441577755169936E-6 	 0.010115954541140445 	 3.0441577755169936E-6 	 0.010115954541140445 	 
-1.8719999999999999 	 7.901856353469642E-6 	 0.011127650173191533 	 7.901856353469642E-6 	 0.011127650173191533 	 7.901856353469642E-6 	 0.011127650173191533 	 7.901856353469642E-6 	 0.011127650173191533 	 7.901856353469642E-6 	 0.011127650173191533 	 7.901856353469642E-6 	 0.011127650173191533 	 7.901856353469642E-6 	 0.011127650173191533 	 7.901856353469642E-6 	 0.011127650173191533 	 
-1.8479999999999999 	 2.95348073539521E-5 	 0.011953280742285468 	 2.95348073539521E-5 	 0.011953280742285468 	 2.95348073539521E-5 	 0.011953280742285468 	 2.95348073539521E-5 	 0.011953280742285468 	 2.95348073539521E-5 	 0.011953280742285468 	 2.95348073539521E-5 	 0.011953280742285468 	 2.95348073539521E-5 	 0.011953280742285468 	 2.95348073539521E-5 	 0.011953280742285468 	 
-1.824 	 2.5007432279300243E-4 	 0.013119185174677755 	 2.5007432279300243E-4 	 0.013119185174677755 	 2.5007432279300243E-4 	 0.013119185174677755 	 2.5007432279300243E-4 	 0.013119185174677755 	 2.5007432279300243E-4 	 0.013119185174677755 	 2.5007432279300243E-4 	 0.013119185174677755 	 2.5007432279300243E-4 	 0.013119185174677755 	 2.5007432279300243E-4 	 0.013119185174677755 	 
-1.8 	 3.1736964042623975E-6 	 0.014883751303698532 	 3.1736964042623975E-6 	 0.014883751303698532 	 3.1736964042623975E-6 	 0.014883751303698532 	 3.1736964042623975E-6 	 0.014883751303698532 	 3.1736964042623975E-6 	 0.014883751303698532 	 3.1736964042623975E-6 	 0.014883751303698532 	 3.1736964042623975E-6 	 0.014883751303698532 	 3.1736964042623975E-6 	 0.014883751303698532 	 
-1.776 	 3.1736964042623975E-6 	 0.01700507206718369 	 3.1736964042623975E-6 	 0.01700507206718369 	 3.1736964042623975E-6 	 0.01700507206718369 	 3.1736964042623975E-6 	 0.01700507206718369 	 3.1736964042623975E-6 	 0.01700507206718369 	 3.1736964042623975E-6 	 0.01700507206718369 	 3.1736964042623975E-6 	 0.01700507206718369 	 3.1736964042623975E-6 	 0.01700507206718369 	 
-1.752 	 7.707548410351535E-6 	 0.019306727000397327 	 7.707548410351535E-6 	 0.019306727000397327 	 7.707548410351535E-6 	 0.019306727000397327 	 7.707548410351535E-6 	 0.019306727000397327 	 7.707548410351535E-6 	 0.019306727000397327 	 7.707548410351535E-6 	 0.019306727000397327 	 7.707548410351535E-6 	 0.019306727000397327 	 7.707548410351535E-6 	 0.019306727000397327 	 
-1.728 	 2.9275730096461288E-5 	 0.021974925265260032 	 2.9275730096461288E-5 	 0.021974925265260032 	 2.9275730096461288E-5 	 0.021974925265260032 	 2.9275730096461288E-5 	 0.021974925265260032 	 2.9275730096461288E-5 	 0.021974925265260032 	 2.9275730096461288E-5 	 0.021974925265260032 	 2.9275730096461288E-5 	 0.021974925265260032 	 2.9275730096461288E-5 	 0.021974925265260032 	 
-1.704 	 2.4981524553551165E-4 	 0.02480322856288567 	 2.4981524553551165E-4 	 0.02480322856288567 	 2.4981524553551165E-4 	 0.02480322856288567 	 2.4981524553551165E-4 	 0.02480322856288567 	 2.4981524553551165E-4 	 0.02480322856288567 	 2.4981524553551165E-4 	 0.02480322856288567 	 2.4981524553551165E-4 	 0.02480322856288567 	 2.4981524553551165E-4 	 0.02480322856288567 	 
-1.68 	 2.137387374299166E-6 	 0.027419970341179514 	 2.137387374299166E-6 	 0.027419970341179514 	 2.137387374299166E-6 	 0.027419970341179514 	 2.137387374299166E-6 	 0.027419970341179514 	 2.137387374299166E-6 	 0.027419970341179514 	 2.137387374299166E-6 	 0.027419970341179514 	 2.137387374299166E-6 	 0.027419970341179514 	 2.137387374299166E-6 	 0.027419970341179514 	 
-1.656 	 1.2306169730813378E-6 	 0.029280882191984946 	 1.2306169730813378E-6 	 0.029280882191984946 	 1.2306169730813378E-6 	 0.029280882191984946 	 1.2306169730813378E-6 	 0.029280882191984946 	 1.2306169730813378E-6 	 0.029280882191984946 	 1.2306169730813378E-6 	 0.029280882191984946 	 1.2306169730813378E-6 	 0.029280882191984946 	 1.2306169730813378E-6 	 0.029280882191984946 	 
-1.632 	 2.3316953174172716E-6 	 0.030938601845157027 	 2.3316953174172716E-6 	 0.030938601845157027 	 2.3316953174172716E-6 	 0.030938601845157027 	 2.3316953174172716E-6 	 0.030938601845157027 	 2.3316953174172716E-6 	 0.030938601845157027 	 2.3316953174172716E-6 	 0.030938601845157027 	 2.3316953174172716E-6 	 0.030938601845157027 	 2.3316953174172716E-6 	 0.030938601845157027 	 
-1.6079999999999999 	 4.015697491107524E-6 	 0.03269921573082161 	 4.015697491107524E-6 	 0.03269921573082161 	 4.015697491107524E-6 	 0.03269921573082161 	 4.015697491107524E-6 	 0.03269921573082161 	 4.015697491107524E-6 	 0.03269921573082161 	 4.015697491107524E-6 	 0.03269921573082161 	 4.015697491107524E-6 	 0.03269921573082161 	 4.015697491107524E-6 	 0.03269921573082161 	 
-1.584 	 9.844935784650702E-6 	 0.03508351314943396 	 9.844935784650702E-6 	 0.03508351314943396 	 9.844935784650702E-6 	 0.03508351314943396 	 9.844935784650702E-6 	 0.03508351314943396 	 9.844935784650702E-6 	 0.03508351314943396 	 9.844935784650702E-6 	 0.03508351314943396 	 9.844935784650702E-6 	 0.03508351314943396 	 9.844935784650702E-6 	 0.03508351314943396 	 
-1.56 	 3.342096621631422E-5 	 0.03802955547109363 	 3.342096621631422E-5 	 0.03802955547109363 	 3.342096621631422E-5 	 0.03802955547109363 	 3.342096621631422E-5 	 0.03802955547109363 	 3.342096621631422E-5 	 0.03802955547109363 	 3.342096621631422E-5 	 0.03802955547109363 	 3.342096621631422E-5 	 0.03802955547109363 	 3.342096621631422E-5 	 0.03802955547109363 	 
-1.536 	 2.5940110406267144E-4 	 0.040314870316104354 	 2.5940110406267144E-4 	 0.040314870316104354 	 2.5940110406267144E-4 	 0.040314870316104354 	 2.5940110406267144E-4 	 0.040314870316104354 	 2.5940110406267144E-4 	 0.040314870316104354 	 2.5940110406267144E-4 	 0.040314870316104354 	 2.5940110406267144E-4 	 0.040314870316104354 	 2.5940110406267144E-4 	 0.040314870316104354 	 
-1.512 	 3.782527959365796E-5 	 0.04206060176380399 	 3.782527959365796E-5 	 0.04206060176380399 	 3.782527959365796E-5 	 0.04206060176380399 	 3.782527959365796E-5 	 0.04206060176380399 	 3.782527959365796E-5 	 0.04206060176380399 	 3.782527959365796E-5 	 0.04206060176380399 	 3.782527959365796E-5 	 0.04206060176380399 	 3.782527959365796E-5 	 0.04206060176380399 	 
-1.488 	 2.7805466660200967E-4 	 0.04302325858614119 	 2.7805466660200967E-4 	 0.04302325858614119 	 2.7805466660200967E-4 	 0.04302325858614119 	 2.7805466660200967E-4 	 0.04302325858614119 	 2.7805466660200967E-4 	 0.04302325858614119 	 2.7805466660200967E-4 	 0.04302325858614119 	 2.7805466660200967E-4 	 0.04302325858614119 	 2.7805466660200967E-4 	 0.04302325858614119 	 
-1.464 	 2.505277079936113E-4 	 0.04355599429868272 	 2.505277079936113E-4 	 0.04355599429868272 	 2.505277079936113E-4 	 0.04355599429868272 	 2.505277079936113E-4 	 0.04355599429868272 	 2.505277079936113E-4 	 0.04355599429868272 	 2.505277079936113E-4 	 0.04355599429868272 	 2.505277079936113E-4 	 0.04355599429868272 	 2.505277079936113E-4 	 0.04355599429868272 	 
-1.44 	 1.4249249161994437E-6 	 0.043107512801769075 	 1.4249249161994437E-6 	 0.043107512801769075 	 1.4249249161994437E-6 	 0.043107512801769075 	 1.4249249161994437E-6 	 0.043107512801769075 	 1.4249249161994437E-6 	 0.043107512801769075 	 1.4249249161994437E-6 	 0.043107512801769075 	 1.4249249161994437E-6 	 0.043107512801769075 	 1.4249249161994437E-6 	 0.043107512801769075 	 
-1.416 	 0.0 	 0.04100532364437805 	 0.0 	 0.04100532364437805 	 0.0 	 0.04100532364437805 	 0.0 	 0.04100532364437805 	 0.0 	 0.04100532364437805 	 0.0 	 0.04100532364437805 	 0.0 	 0.04100532364437805 	 0.0 	 0.04100532364437805 	 
-1.392 	 0.0 	 0.03888317415265234 	 0.0 	 0.03888317415265234 	 0.0 	 0.03888317415265234 	 0.0 	 0.03888317415265234 	 0.0 	 0.03888317415265234 	 0.0 	 0.03888317415265234 	 0.0 	 0.03888317415265234 	 0.0 	 0.03888317415265234 	 
-1.3679999999999999 	 6.478835297187092E-8 	 0.03685722244608126 	 6.478835297187092E-8 	 0.03685722244608126 	 6.478835297187092E-8 	 0.03685722244608126 	 6.478835297187092E-8 	 0.03685722244608126 	 6.478835297187092E-8 	 0.03685722244608126 	 6.478835297187092E-8 	 0.03685722244608126 	 6.478835297187092E-8 	 0.03685722244608126 	 6.478835297187092E-8 	 0.03685722244608126 	 
-1.3439999999999999 	 0.0 	 0.0342306447526971 	 0.0 	 0.0342306447526971 	 0.0 	 0.0342306447526971 	 0.0 	 0.0342306447526971 	 0.0 	 0.0342306447526971 	 0.0 	 0.0342306447526971 	 0.0 	 0.0342306447526971 	 0.0 	 0.0342306447526971 	 
-1.32 	 0.0 	 0.030784565504118313 	 0.0 	 0.030784565504118313 	 0.0 	 0.030784565504118313 	 0.0 	 0.030784565504118313 	 0.0 	 0.030784565504118313 	 0.0 	 0.030784565504118313 	 0.0 	 0.030784565504118313 	 0.0 	 0.030784565504118313 	 
-1.296 	 0.0 	 0.026957347964508074 	 0.0 	 0.026957347964508074 	 0.0 	 0.026957347964508074 	 0.0 	 0.026957347964508074 	 0.0 	 0.026957347964508074 	 0.0 	 0.026957347964508074 	 0.0 	 0.026957347964508074 	 0.0 	 0.026957347964508074 	 
-1.272 	 0.0 	 0.02325696123507983 	 0.0 	 0.02325696123507983 	 0.0 	 0.02325696123507983 	 0.0 	 0.02325696123507983 	 0.0 	 0.02325696123507983 	 0.0 	 0.02325696123507983 	 0.0 	 0.02325696123507983 	 0.0 	 0.02325696123507983 	 
-1.248 	 0.0 	 0.01975371804543165 	 0.0 	 0.01975371804543165 	 0.0 	 0.01975371804543165 	 0.0 	 0.01975371804543165 	 0.0 	 0.01975371804543165 	 0.0 	 0.01975371804543165 	 0.0 	 0.01975371804543165 	 0.0 	 0.01975371804543165 	 
-1.224 	 6.476931437270199E-8 	 0.016762000371129026 	 6.476931437270199E-8 	 0.016762000371129026 	 6.476931437270199E-8 	 0.016762000371129026 	 6.476931437270199E-8 	 0.016762000371129026 	 6.476931437270199E-8 	 0.016762000371129026 	 6.476931437270199E-8 	 0.016762000371129026 	 6.476931437270199E-8 	 0.016762000371129026 	 6.476931437270199E-8 	 0.016762000371129026 	 
-1.2 	 0.0 	 0.014411722184851757 	 0.0 	 0.014411722184851757 	 0.0 	 0.014411722184851757 	 0.0 	 0.014411722184851757 	 0.0 	 0.014411722184851757 	 0.0 	 0.014411722184851757 	 0.0 	 0.014411722184851757 	 0.0 	 0.014411722184851757 	 
-1.176 	 6.478835297187092E-8 	 0.012514875256767262 	 6.478835297187092E-8 	 0.012514875256767262 	 6.478835297187092E-8 	 0.012514875256767262 	 6.478835297187092E-8 	 0.012514875256767262 	 6.478835297187092E-8 	 0.012514875256767262 	 6.478835297187092E-8 	 0.012514875256767262 	 6.478835297187092E-8 	 0.012514875256767262 	 6.478835297187092E-8 	 0.012514875256767262 	 
-1.152 	 0.0 	 0.010631358589459503 	 0.0 	 0.010631358589459503 	 0.0 	 0.010631358589459503 	 0.0 	 0.010631358589459503 	 0.0 	 0.010631358589459503 	 0.0 	 0.010631358589459503 	 0.0 	 0.010631358589459503 	 0.0 	 0.010631358589459503 	 
-1.128 	 0.0 	 0.00862622049883388 	 0.0 	 0.00862622049883388 	 0.0 	 0.00862622049883388 	 0.0 	 0.00862622049883388 	 0.0 	 0.00862622049883388 	 0.0 	 0.00862622049883388 	 0.0 	 0.00862622049883388 	 0.0 	 0.00862622049883388 	 
-1.1039999999999999 	 6.476931437270199E-8 	 0.006889873655828925 	 6.476931437270199E-8 	 0.006889873655828925 	 6.476931437270199E-8 	 0.006889873655828925 	 6.476931437270199E-8 	 0.006889873655828925 	 6.476931437270199E-8 	 0.006889873655828925 	 6.476931437270199E-8 	 0.006889873655828925 	 6.476931437270199E-8 	 0.006889873655828925 	 6.476931437270199E-8 	 0.006889873655828925 	 
-1.08 	 6.476931437270199E-8 	 0.005637069408545455 	 6.476931437270199E-8 	 0.005637069408545455 	 6.476931437270199E-8 	 0.005637069408545455 	 6.476931437270199E-8 	 0.005637069408545455 	 6.476931437270199E-8 	 0.005637069408545455 	 6.476931437270199E-8 	 0.005637069408545455 	 6.476931437270199E-8 	 0.005637069408545455 	 6.476931437270199E-8 	 0.005637069408545455 	 
-1.056 	 1.2955766734457288E-7 	 0.004938114431651219 	 1.2955766734457288E-7 	 0.004938114431651219 	 1.2955766734457288E-7 	 0.004938114431651219 	 1.2955766734457288E-7 	 0.004938114431651219 	 1.2955766734457288E-7 	 0.004938114431651219 	 1.2955766734457288E-7 	 0.004938114431651219 	 1.2955766734457288E-7 	 0.004938114431651219 	 1.2955766734457288E-7 	 0.004938114431651219 	 
-1.032 	 1.2953862874540398E-7 	 0.004668756074459262 	 1.2953862874540398E-7 	 0.004668756074459262 	 1.2953862874540398E-7 	 0.004668756074459262 	 1.2953862874540398E-7 	 0.004668756074459262 	 1.2953862874540398E-7 	 0.004668756074459262 	 1.2953862874540398E-7 	 0.004668756074459262 	 1.2953862874540398E-7 	 0.004668756074459262 	 1.2953862874540398E-7 	 0.004668756074459262 	 
-1.008 	 6.476931437270199E-8 	 0.0043027709735323 	 6.476931437270199E-8 	 0.0043027709735323 	 6.476931437270199E-8 	 0.0043027709735323 	 6.476931437270199E-8 	 0.0043027709735323 	 6.476931437270199E-8 	 0.0043027709735323 	 6.476931437270199E-8 	 0.0043027709735323 	 6.476931437270199E-8 	 0.0043027709735323 	 6.476931437270199E-8 	 0.0043027709735323 	 
-0.984 	 6.478835297187092E-8 	 0.003696936639648179 	 6.478835297187092E-8 	 0.003696936639648179 	 6.478835297187092E-8 	 0.003696936639648179 	 6.478835297187092E-8 	 0.003696936639648179 	 6.478835297187092E-8 	 0.003696936639648179 	 6.478835297187092E-8 	 0.003696936639648179 	 6.478835297187092E-8 	 0.003696936639648179 	 6.478835297187092E-8 	 0.003696936639648179 	 
-0.96 	 3.238846490618478E-7 	 0.0029765420197395095 	 3.238846490618478E-7 	 0.0029765420197395095 	 3.238846490618478E-7 	 0.0029765420197395095 	 3.238846490618478E-7 	 0.0029765420197395095 	 3.238846490618478E-7 	 0.0029765420197395095 	 3.238846490618478E-7 	 0.0029765420197395095 	 3.238846490618478E-7 	 0.0029765420197395095 	 3.238846490618478E-7 	 0.0029765420197395095 	 
-0.9359999999999999 	 3.2388464906184774E-7 	 0.0023772906560063085 	 3.2388464906184774E-7 	 0.0023772906560063085 	 3.2388464906184774E-7 	 0.0023772906560063085 	 3.2388464906184774E-7 	 0.0023772906560063085 	 3.2388464906184774E-7 	 0.0023772906560063085 	 3.2388464906184774E-7 	 0.0023772906560063085 	 3.2388464906184774E-7 	 0.0023772906560063085 	 3.2388464906184774E-7 	 0.0023772906560063085 	 
-0.9119999999999999 	 3.2386561046267884E-7 	 0.002199669111396445 	 3.2386561046267884E-7 	 0.002199669111396445 	 3.2386561046267884E-7 	 0.002199669111396445 	 3.2386561046267884E-7 	 0.002199669111396445 	 3.2386561046267884E-7 	 0.002199669111396445 	 3.2386561046267884E-7 	 0.002199669111396445 	 3.2386561046267884E-7 	 0.002199669111396445 	 3.2386561046267884E-7 	 0.002199669111396445 	 
-0.8879999999999999 	 4.534042392080828E-7 	 0.002240833154402101 	 4.534042392080828E-7 	 0.002240833154402101 	 4.534042392080828E-7 	 0.002240833154402101 	 4.534042392080828E-7 	 0.002240833154402101 	 4.534042392080828E-7 	 0.002240833154402101 	 4.534042392080828E-7 	 0.002240833154402101 	 4.534042392080828E-7 	 0.002240833154402101 	 4.534042392080828E-7 	 0.002240833154402101 	 
-0.8639999999999999 	 6.477502595245266E-7 	 0.0021264297523481013 	 6.477502595245266E-7 	 0.0021264297523481013 	 6.477502595245266E-7 	 0.0021264297523481013 	 6.477502595245266E-7 	 0.0021264297523481013 	 6.477502595245266E-7 	 0.0021264297523481013 	 6.477502595245266E-7 	 0.0021264297523481013 	 6.477502595245266E-7 	 0.0021264297523481013 	 6.477502595245266E-7 	 0.0021264297523481013 	 
-0.8399999999999999 	 1.1011354601334405E-6 	 0.0020342380764536098 	 1.1011354601334405E-6 	 0.0020342380764536098 	 1.1011354601334405E-6 	 0.0020342380764536098 	 1.1011354601334405E-6 	 0.0020342380764536098 	 1.1011354601334405E-6 	 0.0020342380764536098 	 1.1011354601334405E-6 	 0.0020342380764536098 	 1.1011354601334405E-6 	 0.0020342380764536098 	 1.1011354601334405E-6 	 0.0020342380764536098 	 
-0.8159999999999998 	 2.0726942143231393E-6 	 0.001941822524377021 	 2.0726942143231393E-6 	 0.001941822524377021 	 2.0726942143231393E-6 	 0.001941822524377021 	 2.0726942143231393E-6 	 0.001941822524377021 	 2.0726942143231393E-6 	 0.001941822524377021 	 2.0726942143231393E-6 	 0.001941822524377021 	 2.0726942143231393E-6 	 0.001941822524377021 	 2.0726942143231393E-6 	 0.001941822524377021 	 
-0.7919999999999998 	 3.3033111874044767E-6 	 0.001694524160474995 	 3.3033111874044767E-6 	 0.001694524160474995 	 3.3033111874044767E-6 	 0.001694524160474995 	 3.3033111874044767E-6 	 0.001694524160474995 	 3.3033111874044767E-6 	 0.001694524160474995 	 3.3033111874044767E-6 	 0.001694524160474995 	 3.3033111874044767E-6 	 0.001694524160474995 	 3.3033111874044767E-6 	 0.001694524160474995 	 
-0.7679999999999998 	 8.161047842555462E-6 	 0.0014061562426544952 	 8.161047842555462E-6 	 0.0014061562426544952 	 8.161047842555462E-6 	 0.0014061562426544952 	 8.161047842555462E-6 	 0.0014061562426544952 	 8.161047842555462E-6 	 0.0014061562426544952 	 8.161047842555462E-6 	 0.0014061562426544952 	 8.161047842555462E-6 	 0.0014061562426544952 	 8.161047842555462E-6 	 0.0014061562426544952 	 
-0.7439999999999998 	 3.044192044995497E-5 	 0.001143444963740329 	 3.044192044995497E-5 	 0.001143444963740329 	 3.044192044995497E-5 	 0.001143444963740329 	 3.044192044995497E-5 	 0.001143444963740329 	 3.044192044995497E-5 	 0.001143444963740329 	 3.044192044995497E-5 	 0.001143444963740329 	 3.044192044995497E-5 	 0.001143444963740329 	 3.044192044995497E-5 	 0.001143444963740329 	 
-0.7199999999999998 	 2.5104630039637384E-4 	 9.595533540713231E-4 	 2.5104630039637384E-4 	 9.595533540713231E-4 	 2.5104630039637384E-4 	 9.595533540713231E-4 	 2.5104630039637384E-4 	 9.595533540713231E-4 	 2.5104630039637384E-4 	 9.595533540713231E-4 	 2.5104630039637384E-4 	 9.595533540713231E-4 	 2.5104630039637384E-4 	 9.595533540713231E-4 	 2.5104630039637384E-4 	 9.595533540713231E-4 	 
-0.6959999999999997 	 4.728902454574833E-6 	 8.518917465500078E-4 	 4.728902454574833E-6 	 8.518917465500078E-4 	 4.728902454574833E-6 	 8.518917465500078E-4 	 4.728902454574833E-6 	 8.518917465500078E-4 	 4.728902454574833E-6 	 8.518917465500078E-4 	 4.728902454574833E-6 	 8.518917465500078E-4 	 4.728902454574833E-6 	 8.518917465500078E-4 	 4.728902454574833E-6 	 8.518917465500078E-4 	 
-0.6720000000000002 	 3.2391320696060116E-6 	 8.104814659047579E-4 	 3.2391320696060116E-6 	 8.104814659047579E-4 	 3.2391320696060116E-6 	 8.104814659047579E-4 	 3.2391320696060116E-6 	 8.104814659047579E-4 	 3.2391320696060116E-6 	 8.104814659047579E-4 	 3.2391320696060116E-6 	 8.104814659047579E-4 	 3.2391320696060116E-6 	 8.104814659047579E-4 	 3.2391320696060116E-6 	 8.104814659047579E-4 	 
-0.6480000000000001 	 7.191031214898448E-6 	 6.877322567441774E-4 	 7.191031214898448E-6 	 6.877322567441774E-4 	 7.191031214898448E-6 	 6.877322567441774E-4 	 7.191031214898448E-6 	 6.877322567441774E-4 	 7.191031214898448E-6 	 6.877322567441774E-4 	 7.191031214898448E-6 	 6.877322567441774E-4 	 7.191031214898448E-6 	 6.877322567441774E-4 	 7.191031214898448E-6 	 6.877322567441774E-4 	 
-0.6240000000000001 	 9.458318951327226E-6 	 5.383654840568075E-4 	 9.458318951327226E-6 	 5.383654840568075E-4 	 9.458318951327226E-6 	 5.383654840568075E-4 	 9.458318951327226E-6 	 5.383654840568075E-4 	 9.458318951327226E-6 	 5.383654840568075E-4 	 9.458318951327226E-6 	 5.383654840568075E-4 	 9.458318951327226E-6 	 5.383654840568075E-4 	 9.458318951327226E-6 	 5.383654840568075E-4 	 
-0.6000000000000001 	 1.509429642470659E-5 	 4.943282967321283E-4 	 1.509429642470659E-5 	 4.943282967321283E-4 	 1.509429642470659E-5 	 4.943282967321283E-4 	 1.509429642470659E-5 	 4.943282967321283E-4 	 1.509429642470659E-5 	 4.943282967321283E-4 	 1.509429642470659E-5 	 4.943282967321283E-4 	 1.509429642470659E-5 	 4.943282967321283E-4 	 1.509429642470659E-5 	 4.943282967321283E-4 	 
-0.5760000000000001 	 2.2089858341937624E-5 	 5.091418634757146E-4 	 2.2089858341937624E-5 	 5.091418634757146E-4 	 2.2089858341937624E-5 	 5.091418634757146E-4 	 2.2089858341937624E-5 	 5.091418634757146E-4 	 2.2089858341937624E-5 	 5.091418634757146E-4 	 2.2089858341937624E-5 	 5.091418634757146E-4 	 2.2089858341937624E-5 	 5.091418634757146E-4 	 2.2089858341937624E-5 	 5.091418634757146E-4 	 
-0.552 	 4.469419674921726E-5 	 4.953879890391914E-4 	 4.469419674921726E-5 	 4.953879890391914E-4 	 4.469419674921726E-5 	 4.953879890391914E-4 	 4.469419674921726E-5 	 4.953879890391914E-4 	 4.469419674921726E-5 	 4.953879890391914E-4 	 4.469419674921726E-5 	 4.953879890391914E-4 	 4.469419674921726E-5 	 4.953879890391914E-4 	 4.469419674921726E-5 	 4.953879890391914E-4 	 
-0.528 	 2.6737165168194265E-4 	 4.190259825008022E-4 	 2.6737165168194265E-4 	 4.190259825008022E-4 	 2.6737165168194265E-4 	 4.190259825008022E-4 	 2.6737165168194265E-4 	 4.190259825008022E-4 	 2.6737165168194265E-4 	 4.190259825008022E-4 	 2.6737165168194265E-4 	 4.190259825008022E-4 	 2.6737165168194265E-4 	 4.190259825008022E-4 	 2.6737165168194265E-4 	 4.190259825008022E-4 	 
-0.504 	 2.5847297235318608E-5 	 3.1775826561299635E-4 	 2.5847297235318608E-5 	 3.1775826561299635E-4 	 2.5847297235318608E-5 	 3.1775826561299635E-4 	 2.5847297235318608E-5 	 3.1775826561299635E-4 	 2.5847297235318608E-5 	 3.1775826561299635E-4 	 2.5847297235318608E-5 	 3.1775826561299635E-4 	 2.5847297235318608E-5 	 3.1775826561299635E-4 	 2.5847297235318608E-5 	 3.1775826561299635E-4 	 
-0.48 	 2.7466263554247793E-5 	 2.80944826210376E-4 	 2.7466263554247793E-5 	 2.80944826210376E-4 	 2.7466263554247793E-5 	 2.80944826210376E-4 	 2.7466263554247793E-5 	 2.80944826210376E-4 	 2.7466263554247793E-5 	 2.80944826210376E-4 	 2.7466263554247793E-5 	 2.80944826210376E-4 	 2.7466263554247793E-5 	 2.80944826210376E-4 	 2.7466263554247793E-5 	 2.80944826210376E-4 	 
-0.45599999999999996 	 3.9384122016411665E-5 	 2.824380861271751E-4 	 3.9384122016411665E-5 	 2.824380861271751E-4 	 3.9384122016411665E-5 	 2.824380861271751E-4 	 3.9384122016411665E-5 	 2.824380861271751E-4 	 3.9384122016411665E-5 	 2.824380861271751E-4 	 3.9384122016411665E-5 	 2.824380861271751E-4 	 3.9384122016411665E-5 	 2.824380861271751E-4 	 3.9384122016411665E-5 	 2.824380861271751E-4 	 
-0.43199999999999994 	 6.600394849020795E-5 	 2.9562225730699044E-4 	 6.600394849020795E-5 	 2.9562225730699044E-4 	 6.600394849020795E-5 	 2.9562225730699044E-4 	 6.600394849020795E-5 	 2.9562225730699044E-4 	 6.600394849020795E-5 	 2.9562225730699044E-4 	 6.600394849020795E-5 	 2.9562225730699044E-4 	 6.600394849020795E-5 	 2.9562225730699044E-4 	 6.600394849020795E-5 	 2.9562225730699044E-4 	 
-0.4079999999999999 	 2.9321500792723313E-4 	 2.7118152816412474E-4 	 2.9321500792723313E-4 	 2.7118152816412474E-4 	 2.9321500792723313E-4 	 2.7118152816412474E-4 	 2.9321500792723313E-4 	 2.7118152816412474E-4 	 2.9321500792723313E-4 	 2.7118152816412474E-4 	 2.9321500792723313E-4 	 2.7118152816412474E-4 	 2.9321500792723313E-4 	 2.7118152816412474E-4 	 2.9321500792723313E-4 	 2.7118152816412474E-4 	 
-0.3839999999999999 	 6.185869333175586E-5 	 1.959635142013798E-4 	 6.185869333175586E-5 	 1.959635142013798E-4 	 6.185869333175586E-5 	 1.959635142013798E-4 	 6.185869333175586E-5 	 1.959635142013798E-4 	 6.185869333175586E-5 	 1.959635142013798E-4 	 6.185869333175586E-5 	 1.959635142013798E-4 	 6.185869333175586E-5 	 1.959635142013798E-4 	 6.185869333175586E-5 	 1.959635142013798E-4 	 
-0.3599999999999999 	 1.0058986755106985E-4 	 1.3850453346791423E-4 	 1.0058986755106985E-4 	 1.3850453346791423E-4 	 1.0058986755106985E-4 	 1.3850453346791423E-4 	 1.0058986755106985E-4 	 1.3850453346791423E-4 	 1.0058986755106985E-4 	 1.3850453346791423E-4 	 1.0058986755106985E-4 	 1.3850453346791423E-4 	 1.0058986755106985E-4 	 1.3850453346791423E-4 	 1.0058986755106985E-4 	 1.3850453346791423E-4 	 
-0.33599999999999985 	 3.8667543413171615E-4 	 1.1396863155328833E-4 	 3.8667543413171615E-4 	 1.1396863155328833E-4 	 3.8667543413171615E-4 	 1.1396863155328833E-4 	 3.8667543413171615E-4 	 1.1396863155328833E-4 	 3.8667543413171615E-4 	 1.1396863155328833E-4 	 3.8667543413171615E-4 	 1.1396863155328833E-4 	 3.8667543413171615E-4 	 1.1396863155328833E-4 	 3.8667543413171615E-4 	 1.1396863155328833E-4 	 
-0.31199999999999983 	 6.475014821491862E-4 	 1.16057146905922E-4 	 6.475014821491862E-4 	 1.16057146905922E-4 	 6.475014821491862E-4 	 1.16057146905922E-4 	 6.475014821491862E-4 	 1.16057146905922E-4 	 6.475014821491862E-4 	 1.16057146905922E-4 	 6.475014821491862E-4 	 1.16057146905922E-4 	 6.475014821491862E-4 	 1.16057146905922E-4 	 6.475014821491862E-4 	 1.16057146905922E-4 	 
-0.2879999999999998 	 6.383035350800934E-4 	 1.3615921606057756E-4 	 6.383035350800934E-4 	 1.3615921606057756E-4 	 6.383035350800934E-4 	 1.3615921606057756E-4 	 6.383035350800934E-4 	 1.3615921606057756E-4 	 6.383035350800934E-4 	 1.3615921606057756E-4 	 6.383035350800934E-4 	 1.3615921606057756E-4 	 6.383035350800934E-4 	 1.3615921606057756E-4 	 6.383035350800934E-4 	 1.3615921606057756E-4 	 
-0.2639999999999998 	 4.2106693101786496E-4 	 1.6377441824716433E-4 	 4.2106693101786496E-4 	 1.6377441824716433E-4 	 4.2106693101786496E-4 	 1.6377441824716433E-4 	 4.2106693101786496E-4 	 1.6377441824716433E-4 	 4.2106693101786496E-4 	 1.6377441824716433E-4 	 4.2106693101786496E-4 	 1.6377441824716433E-4 	 4.2106693101786496E-4 	 1.6377441824716433E-4 	 4.2106693101786496E-4 	 1.6377441824716433E-4 	 
-0.23999999999999977 	 5.058498302615375E-4 	 1.7685739878820658E-4 	 5.058498302615375E-4 	 1.7685739878820658E-4 	 5.058498302615375E-4 	 1.7685739878820658E-4 	 5.058498302615375E-4 	 1.7685739878820658E-4 	 5.058498302615375E-4 	 1.7685739878820658E-4 	 5.058498302615375E-4 	 1.7685739878820658E-4 	 5.058498302615375E-4 	 1.7685739878820658E-4 	 5.058498302615375E-4 	 1.7685739878820658E-4 	 
-0.21599999999999975 	 0.001043629104803297 	 1.6509022396787808E-4 	 0.001043629104803297 	 1.6509022396787808E-4 	 0.001043629104803297 	 1.6509022396787808E-4 	 0.001043629104803297 	 1.6509022396787808E-4 	 0.001043629104803297 	 1.6509022396787808E-4 	 0.001043629104803297 	 1.6509022396787808E-4 	 0.001043629104803297 	 1.6509022396787808E-4 	 0.001043629104803297 	 1.6509022396787808E-4 	 
-0.19199999999999973 	 0.001130743585132792 	 1.7182963674339542E-4 	 0.001130743585132792 	 1.7182963674339542E-4 	 0.001130743585132792 	 1.7182963674339542E-4 	 0.001130743585132792 	 1.7182963674339542E-4 	 0.001130743585132792 	 1.7182963674339542E-4 	 0.001130743585132792 	 1.7182963674339542E-4 	 0.001130743585132792 	 1.7182963674339542E-4 	 0.001130743585132792 	 1.7182963674339542E-4 	 
-0.16800000000000015 	 0.0014834121211201718 	 1.94053135789651E-4 	 0.0014834121211201718 	 1.94053135789651E-4 	 0.0014834121211201718 	 1.94053135789651E-4 	 0.0014834121211201718 	 1.94053135789651E-4 	 0.0014834121211201718 	 1.94053135789651E-4 	 0.0014834121211201718 	 1.94053135789651E-4 	 0.0014834121211201718 	 1.94053135789651E-4 	 0.0014834121211201718 	 1.94053135789651E-4 	 
-0.14400000000000013 	 0.0017046641370945194 	 1.953976852306783E-4 	 0.0017046641370945194 	 1.953976852306783E-4 	 0.0017046641370945194 	 1.953976852306783E-4 	 0.0017046641370945194 	 1.953976852306783E-4 	 0.0017046641370945194 	 1.953976852306783E-4 	 0.0017046641370945194 	 1.953976852306783E-4 	 0.0017046641370945194 	 1.953976852306783E-4 	 0.0017046641370945194 	 1.953976852306783E-4 	 
-0.1200000000000001 	 0.002695504803750528 	 1.643519179844151E-4 	 0.002695504803750528 	 1.643519179844151E-4 	 0.002695504803750528 	 1.643519179844151E-4 	 0.002695504803750528 	 1.643519179844151E-4 	 0.002695504803750528 	 1.643519179844151E-4 	 0.002695504803750528 	 1.643519179844151E-4 	 0.002695504803750528 	 1.643519179844151E-4 	 0.002695504803750528 	 1.643519179844151E-4 	 
-0.09600000000000009 	 0.00607251220006043 	 1.4987545261085233E-4 	 0.00607251220006043 	 1.4987545261085233E-4 	 0.00607251220006043 	 1.4987545261085233E-4 	 0.00607251220006043 	 1.4987545261085233E-4 	 0.00607251220006043 	 1.4987545261085233E-4 	 0.00607251220006043 	 1.4987545261085233E-4 	 0.00607251220006043 	 1.4987545261085233E-4 	 0.00607251220006043 	 1.4987545261085233E-4 	 
-0.07200000000000006 	 0.007992209756444149 	 1.4116888400520552E-4 	 0.007992209756444149 	 1.4116888400520552E-4 	 0.007992209756444149 	 1.4116888400520552E-4 	 0.007992209756444149 	 1.4116888400520552E-4 	 0.007992209756444149 	 1.4116888400520552E-4 	 0.007992209756444149 	 1.4116888400520552E-4 	 0.007992209756444149 	 1.4116888400520552E-4 	 0.007992209756444149 	 1.4116888400520552E-4 	 
-0.04800000000000004 	 0.01241588921590112 	 1.6061795503902478E-4 	 0.01241588921590112 	 1.6061795503902478E-4 	 0.01241588921590112 	 1.6061795503902478E-4 	 0.01241588921590112 	 1.6061795503902478E-4 	 0.01241588921590112 	 1.6061795503902478E-4 	 0.01241588921590112 	 1.6061795503902478E-4 	 0.01241588921590112 	 1.6061795503902478E-4 	 0.01241588921590112 	 1.6061795503902478E-4 	 
-0.02400000000000002 	 0.013257501553589823 	 1.8564781617494156E-4 	 0.013257501553589823 	 1.8564781617494156E-4 	 0.013257501553589823 	 1.8564781617494156E-4 	 0.013257501553589823 	 1.8564781617494156E-4 	 0.013257501553589823 	 1.8564781617494156E-4 	 0.013257501553589823 	 1.8564781617494156E-4 	 0.013257501553589823 	 1.8564781617494156E-4 	 0.013257501553589823 	 1.8564781617494156E-4 	 
0.0 	 0.026994231149991662 	 2.1395158968912843E-4 	 0.026994231149991662 	 2.1395158968912843E-4 	 0.026994231149991662 	 2.1395158968912843E-4 	 0.026994231149991662 	 2.1395158968912843E-4 	 0.026994231149991662 	 2.1395158968912843E-4 	 0.026994231149991662 	 2.1395158968912843E-4 	 0.026994231149991662 	 2.1395158968912843E-4 	 0.026994231149991662 	 2.1395158968912843E-4 	 
0.02400000000000002 	 0.033610351900964584 	 2.3014642656520823E-4 	 0.033610351900964584 	 2.3014642656520823E-4 	 0.033610351900964584 	 2.3014642656520823E-4 	 0.033610351900964584 	 2.3014642656520823E-4 	 0.033610351900964584 	 2.3014642656520823E-4 	 0.033610351900964584 	 2.3014642656520823E-4 	 0.033610351900964584 	 2.3014642656520823E-4 	 0.033610351900964584 	 2.3014642656520823E-4 	 
0.04800000000000004 	 0.048095037558781015 	 2.0005911577958998E-4 	 0.048095037558781015 	 2.0005911577958998E-4 	 0.048095037558781015 	 2.0005911577958998E-4 	 0.048095037558781015 	 2.0005911577958998E-4 	 0.048095037558781015 	 2.0005911577958998E-4 	 0.048095037558781015 	 2.0005911577958998E-4 	 0.048095037558781015 	 2.0005911577958998E-4 	 0.048095037558781015 	 2.0005911577958998E-4 	 
0.07200000000000006 	 0.054412636387501365 	 1.733276043407896E-4 	 0.054412636387501365 	 1.733276043407896E-4 	 0.054412636387501365 	 1.733276043407896E-4 	 0.054412636387501365 	 1.733276043407896E-4 	 0.054412636387501365 	 1.733276043407896E-4 	 0.054412636387501365 	 1.733276043407896E-4 	 0.054412636387501365 	 1.733276043407896E-4 	 0.054412636387501365 	 1.733276043407896E-4 	 
0.09600000000000009 	 0.053415059312340016 	 1.640647199544512E-4 	 0.053415059312340016 	 1.640647199544512E-4 	 0.053415059312340016 	 1.640647199544512E-4 	 0.053415059312340016 	 1.640647199544512E-4 	 0.053415059312340016 	 1.640647199544512E-4 	 0.053415059312340016 	 1.640647199544512E-4 	 0.053415059312340016 	 1.640647199544512E-4 	 0.053415059312340016 	 1.640647199544512E-4 	 
0.1200000000000001 	 0.061151624375530504 	 1.4834790226088548E-4 	 0.061151624375530504 	 1.4834790226088548E-4 	 0.061151624375530504 	 1.4834790226088548E-4 	 0.061151624375530504 	 1.4834790226088548E-4 	 0.061151624375530504 	 1.4834790226088548E-4 	 0.061151624375530504 	 1.4834790226088548E-4 	 0.061151624375530504 	 1.4834790226088548E-4 	 0.061151624375530504 	 1.4834790226088548E-4 	 
0.14400000000000013 	 0.06630486535400439 	 1.4320377332543535E-4 	 0.06630486535400439 	 1.4320377332543535E-4 	 0.06630486535400439 	 1.4320377332543535E-4 	 0.06630486535400439 	 1.4320377332543535E-4 	 0.06630486535400439 	 1.4320377332543535E-4 	 0.06630486535400439 	 1.4320377332543535E-4 	 0.06630486535400439 	 1.4320377332543535E-4 	 0.06630486535400439 	 1.4320377332543535E-4 	 
0.16800000000000015 	 0.06313090981536874 	 1.3307774619669441E-4 	 0.06313090981536874 	 1.3307774619669441E-4 	 0.06313090981536874 	 1.3307774619669441E-4 	 0.06313090981536874 	 1.3307774619669441E-4 	 0.06313090981536874 	 1.3307774619669441E-4 	 0.06313090981536874 	 1.3307774619669441E-4 	 0.06313090981536874 	 1.3307774619669441E-4 	 0.06313090981536874 	 1.3307774619669441E-4 	 
0.19200000000000017 	 0.06650195839667912 	 1.2169514963498614E-4 	 0.06650195839667912 	 1.2169514963498614E-4 	 0.06650195839667912 	 1.2169514963498614E-4 	 0.06650195839667912 	 1.2169514963498614E-4 	 0.06650195839667912 	 1.2169514963498614E-4 	 0.06650195839667912 	 1.2169514963498614E-4 	 0.06650195839667912 	 1.2169514963498614E-4 	 0.06650195839667912 	 1.2169514963498614E-4 	 
0.2160000000000002 	 0.0619277550315814 	 1.1221017883063135E-4 	 0.0619277550315814 	 1.1221017883063135E-4 	 0.0619277550315814 	 1.1221017883063135E-4 	 0.0619277550315814 	 1.1221017883063135E-4 	 0.0619277550315814 	 1.1221017883063135E-4 	 0.0619277550315814 	 1.1221017883063135E-4 	 0.0619277550315814 	 1.1221017883063135E-4 	 0.0619277550315814 	 1.1221017883063135E-4 	 
0.2400000000000002 	 0.06493104340780642 	 9.836107924346967E-5 	 0.06493104340780642 	 9.836107924346967E-5 	 0.06493104340780642 	 9.836107924346967E-5 	 0.06493104340780642 	 9.836107924346967E-5 	 0.06493104340780642 	 9.836107924346967E-5 	 0.06493104340780642 	 9.836107924346967E-5 	 0.06493104340780642 	 9.836107924346967E-5 	 0.06493104340780642 	 9.836107924346967E-5 	 
0.26400000000000023 	 0.0591091887780245 	 8.676785197153254E-5 	 0.0591091887780245 	 8.676785197153254E-5 	 0.0591091887780245 	 8.676785197153254E-5 	 0.0591091887780245 	 8.676785197153254E-5 	 0.0591091887780245 	 8.676785197153254E-5 	 0.0591091887780245 	 8.676785197153254E-5 	 0.0591091887780245 	 8.676785197153254E-5 	 0.0591091887780245 	 8.676785197153254E-5 	 
0.28800000000000026 	 0.046725684523927356 	 7.697731652575228E-5 	 0.046725684523927356 	 7.697731652575228E-5 	 0.046725684523927356 	 7.697731652575228E-5 	 0.046725684523927356 	 7.697731652575228E-5 	 0.046725684523927356 	 7.697731652575228E-5 	 0.046725684523927356 	 7.697731652575228E-5 	 0.046725684523927356 	 7.697731652575228E-5 	 0.046725684523927356 	 7.697731652575228E-5 	 
0.3120000000000003 	 0.03984970932176833 	 6.319069416235852E-5 	 0.03984970932176833 	 6.319069416235852E-5 	 0.03984970932176833 	 6.319069416235852E-5 	 0.03984970932176833 	 6.319069416235852E-5 	 0.03984970932176833 	 6.319069416235852E-5 	 0.03984970932176833 	 6.319069416235852E-5 	 0.03984970932176833 	 6.319069416235852E-5 	 0.03984970932176833 	 6.319069416235852E-5 	 
0.33599999999999985 	 0.03879487622981732 	 4.985708096378146E-5 	 0.03879487622981732 	 4.985708096378146E-5 	 0.03879487622981732 	 4.985708096378146E-5 	 0.03879487622981732 	 4.985708096378146E-5 	 0.03879487622981732 	 4.985708096378146E-5 	 0.03879487622981732 	 4.985708096378146E-5 	 0.03879487622981732 	 4.985708096378146E-5 	 0.03879487622981732 	 4.985708096378146E-5 	 
0.3599999999999999 	 0.028942232915794848 	 4.6507246639964434E-5 	 0.028942232915794848 	 4.6507246639964434E-5 	 0.028942232915794848 	 4.6507246639964434E-5 	 0.028942232915794848 	 4.6507246639964434E-5 	 0.028942232915794848 	 4.6507246639964434E-5 	 0.028942232915794848 	 4.6507246639964434E-5 	 0.028942232915794848 	 4.6507246639964434E-5 	 0.028942232915794848 	 4.6507246639964434E-5 	 
0.3839999999999999 	 0.024243802062846084 	 3.420409308414788E-5 	 0.024243802062846084 	 3.420409308414788E-5 	 0.024243802062846084 	 3.420409308414788E-5 	 0.024243802062846084 	 3.420409308414788E-5 	 0.024243802062846084 	 3.420409308414788E-5 	 0.024243802062846084 	 3.420409308414788E-5 	 0.024243802062846084 	 3.420409308414788E-5 	 0.024243802062846084 	 3.420409308414788E-5 	 
0.4079999999999999 	 0.021790081357150635 	 2.975946046037387E-5 	 0.021790081357150635 	 2.975946046037387E-5 	 0.021790081357150635 	 2.975946046037387E-5 	 0.021790081357150635 	 2.975946046037387E-5 	 0.021790081357150635 	 2.975946046037387E-5 	 0.021790081357150635 	 2.975946046037387E-5 	 0.021790081357150635 	 2.975946046037387E-5 	 0.021790081357150635 	 2.975946046037387E-5 	 
0.43199999999999994 	 0.016752453623870636 	 2.1772072804342786E-5 	 0.016752453623870636 	 2.1772072804342786E-5 	 0.016752453623870636 	 2.1772072804342786E-5 	 0.016752453623870636 	 2.1772072804342786E-5 	 0.016752453623870636 	 2.1772072804342786E-5 	 0.016752453623870636 	 2.1772072804342786E-5 	 0.016752453623870636 	 2.1772072804342786E-5 	 0.016752453623870636 	 2.1772072804342786E-5 	 
0.45599999999999996 	 0.012881968935586694 	 1.932447676081739E-5 	 0.012881968935586694 	 1.932447676081739E-5 	 0.012881968935586694 	 1.932447676081739E-5 	 0.012881968935586694 	 1.932447676081739E-5 	 0.012881968935586694 	 1.932447676081739E-5 	 0.012881968935586694 	 1.932447676081739E-5 	 0.012881968935586694 	 1.932447676081739E-5 	 0.012881968935586694 	 1.932447676081739E-5 	 
0.48 	 0.00782374456033616 	 1.4557733906666848E-5 	 0.00782374456033616 	 1.4557733906666848E-5 	 0.00782374456033616 	 1.4557733906666848E-5 	 0.00782374456033616 	 1.4557733906666848E-5 	 0.00782374456033616 	 1.4557733906666848E-5 	 0.00782374456033616 	 1.4557733906666848E-5 	 0.00782374456033616 	 1.4557733906666848E-5 	 0.00782374456033616 	 1.4557733906666848E-5 	 
0.504 	 0.007851336307297525 	 1.1401522377497556E-5 	 0.007851336307297525 	 1.1401522377497556E-5 	 0.007851336307297525 	 1.1401522377497556E-5 	 0.007851336307297525 	 1.1401522377497556E-5 	 0.007851336307297525 	 1.1401522377497556E-5 	 0.007851336307297525 	 1.1401522377497556E-5 	 0.007851336307297525 	 1.1401522377497556E-5 	 0.007851336307297525 	 1.1401522377497556E-5 	 
0.528 	 0.003980527753403146 	 9.597748070553473E-6 	 0.003980527753403146 	 9.597748070553473E-6 	 0.003980527753403146 	 9.597748070553473E-6 	 0.003980527753403146 	 9.597748070553473E-6 	 0.003980527753403146 	 9.597748070553473E-6 	 0.003980527753403146 	 9.597748070553473E-6 	 0.003980527753403146 	 9.597748070553473E-6 	 0.003980527753403146 	 9.597748070553473E-6 	 
0.552 	 0.005225912130161461 	 7.279056619416608E-6 	 0.005225912130161461 	 7.279056619416608E-6 	 0.005225912130161461 	 7.279056619416608E-6 	 0.005225912130161461 	 7.279056619416608E-6 	 0.005225912130161461 	 7.279056619416608E-6 	 0.005225912130161461 	 7.279056619416608E-6 	 0.005225912130161461 	 7.279056619416608E-6 	 0.005225912130161461 	 7.279056619416608E-6 	 
0.5760000000000001 	 0.003281472543378574 	 7.214414657060331E-6 	 0.003281472543378574 	 7.214414657060331E-6 	 0.003281472543378574 	 7.214414657060331E-6 	 0.003281472543378574 	 7.214414657060331E-6 	 0.003281472543378574 	 7.214414657060331E-6 	 0.003281472543378574 	 7.214414657060331E-6 	 0.003281472543378574 	 7.214414657060331E-6 	 0.003281472543378574 	 7.214414657060331E-6 	 
0.6000000000000001 	 0.0038283846339416693 	 5.797297492280623E-6 	 0.0038283846339416693 	 5.797297492280623E-6 	 0.0038283846339416693 	 5.797297492280623E-6 	 0.0038283846339416693 	 5.797297492280623E-6 	 0.0038283846339416693 	 5.797297492280623E-6 	 0.0038283846339416693 	 5.797297492280623E-6 	 0.0038283846339416693 	 5.797297492280623E-6 	 0.0038283846339416693 	 5.797297492280623E-6 	 
0.6240000000000001 	 0.0021337602926942948 	 5.732883075699727E-6 	 0.0021337602926942948 	 5.732883075699727E-6 	 0.0021337602926942948 	 5.732883075699727E-6 	 0.0021337602926942948 	 5.732883075699727E-6 	 0.0021337602926942948 	 5.732883075699727E-6 	 0.0021337602926942948 	 5.732883075699727E-6 	 0.0021337602926942948 	 5.732883075699727E-6 	 0.0021337602926942948 	 5.732883075699727E-6 	 
0.6480000000000001 	 0.002451842395578636 	 4.895495660148081E-6 	 0.002451842395578636 	 4.895495660148081E-6 	 0.002451842395578636 	 4.895495660148081E-6 	 0.002451842395578636 	 4.895495660148081E-6 	 0.002451842395578636 	 4.895495660148081E-6 	 0.002451842395578636 	 4.895495660148081E-6 	 0.002451842395578636 	 4.895495660148081E-6 	 0.002451842395578636 	 4.895495660148081E-6 	 
0.6720000000000002 	 0.003207117370478711 	 3.864940798815598E-6 	 0.003207117370478711 	 3.864940798815598E-6 	 0.003207117370478711 	 3.864940798815598E-6 	 0.003207117370478711 	 3.864940798815598E-6 	 0.003207117370478711 	 3.864940798815598E-6 	 0.003207117370478711 	 3.864940798815598E-6 	 0.003207117370478711 	 3.864940798815598E-6 	 0.003207117370478711 	 3.864940798815598E-6 	 
0.6960000000000002 	 0.0035272720914229787 	 3.6716217451110614E-6 	 0.0035272720914229787 	 3.6716217451110614E-6 	 0.0035272720914229787 	 3.6716217451110614E-6 	 0.0035272720914229787 	 3.6716217451110614E-6 	 0.0035272720914229787 	 3.6716217451110614E-6 	 0.0035272720914229787 	 3.6716217451110614E-6 	 0.0035272720914229787 	 3.6716217451110614E-6 	 0.0035272720914229787 	 3.6716217451110614E-6 	 
0.7200000000000002 	 0.0021399781468740744 	 3.0275533832639516E-6 	 0.0021399781468740744 	 3.0275533832639516E-6 	 0.0021399781468740744 	 3.0275533832639516E-6 	 0.0021399781468740744 	 3.0275533832639516E-6 	 0.0021399781468740744 	 3.0275533832639516E-6 	 0.0021399781468740744 	 3.0275533832639516E-6 	 0.0021399781468740744 	 3.0275533832639516E-6 	 0.0021399781468740744 	 3.0275533832639516E-6 	 
0.7440000000000002 	 8.893474556515711E-4 	 2.9631389666830564E-6 	 8.893474556515711E-4 	 2.9631389666830564E-6 	 8.893474556515711E-4 	 2.9631389666830564E-6 	 8.893474556515711E-4 	 2.9631389666830564E-6 	 8.893474556515711E-4 	 2.9631389666830564E-6 	 8.893474556515711E-4 	 2.9631389666830564E-6 	 8.893474556515711E-4 	 2.9631389666830564E-6 	 8.893474556515711E-4 	 2.9631389666830564E-6 	 
0.7680000000000002 	 8.949176166876233E-4 	 1.1594594984561246E-6 	 8.949176166876233E-4 	 1.1594594984561246E-6 	 8.949176166876233E-4 	 1.1594594984561246E-6 	 8.949176166876233E-4 	 1.1594594984561246E-6 	 8.949176166876233E-4 	 1.1594594984561246E-6 	 8.949176166876233E-4 	 1.1594594984561246E-6 	 8.949176166876233E-4 	 1.1594594984561246E-6 	 8.949176166876233E-4 	 1.1594594984561246E-6 	 
0.7920000000000003 	 0.0010774375445898971 	 1.8036036642650827E-6 	 0.0010774375445898971 	 1.8036036642650827E-6 	 0.0010774375445898971 	 1.8036036642650827E-6 	 0.0010774375445898971 	 1.8036036642650827E-6 	 0.0010774375445898971 	 1.8036036642650827E-6 	 0.0010774375445898971 	 1.8036036642650827E-6 	 0.0010774375445898971 	 1.8036036642650827E-6 	 0.0010774375445898971 	 1.8036036642650827E-6 	 
0.8160000000000003 	 4.204823889075813E-4 	 1.2882883316179162E-6 	 4.204823889075813E-4 	 1.2882883316179162E-6 	 4.204823889075813E-4 	 1.2882883316179162E-6 	 4.204823889075813E-4 	 1.2882883316179162E-6 	 4.204823889075813E-4 	 1.2882883316179162E-6 	 4.204823889075813E-4 	 1.2882883316179162E-6 	 4.204823889075813E-4 	 1.2882883316179162E-6 	 4.204823889075813E-4 	 1.2882883316179162E-6 	 
0.8399999999999999 	 0.0013078867651279708 	 1.030630665294333E-6 	 0.0013078867651279708 	 1.030630665294333E-6 	 0.0013078867651279708 	 1.030630665294333E-6 	 0.0013078867651279708 	 1.030630665294333E-6 	 0.0013078867651279708 	 1.030630665294333E-6 	 0.0013078867651279708 	 1.030630665294333E-6 	 0.0013078867651279708 	 1.030630665294333E-6 	 0.0013078867651279708 	 1.030630665294333E-6 	 
0.8639999999999999 	 3.627729298015037E-4 	 1.4171550444719049E-6 	 3.627729298015037E-4 	 1.4171550444719049E-6 	 3.627729298015037E-4 	 1.4171550444719049E-6 	 3.627729298015037E-4 	 1.4171550444719049E-6 	 3.627729298015037E-4 	 1.4171550444719049E-6 	 3.627729298015037E-4 	 1.4171550444719049E-6 	 3.627729298015037E-4 	 1.4171550444719049E-6 	 3.627729298015037E-4 	 1.4171550444719049E-6 	 
0.8879999999999999 	 8.065075025688853E-4 	 5.797297492280623E-7 	 8.065075025688853E-4 	 5.797297492280623E-7 	 8.065075025688853E-4 	 5.797297492280623E-7 	 8.065075025688853E-4 	 5.797297492280623E-7 	 8.065075025688853E-4 	 5.797297492280623E-7 	 8.065075025688853E-4 	 5.797297492280623E-7 	 8.065075025688853E-4 	 5.797297492280623E-7 	 8.065075025688853E-4 	 5.797297492280623E-7 	 
0.9119999999999999 	 3.569436915079607E-4 	 1.030630665294333E-6 	 3.569436915079607E-4 	 1.030630665294333E-6 	 3.569436915079607E-4 	 1.030630665294333E-6 	 3.569436915079607E-4 	 1.030630665294333E-6 	 3.569436915079607E-4 	 1.030630665294333E-6 	 3.569436915079607E-4 	 1.030630665294333E-6 	 3.569436915079607E-4 	 1.030630665294333E-6 	 3.569436915079607E-4 	 1.030630665294333E-6 	 
0.9359999999999999 	 8.096811989731477E-4 	 4.5097667545066456E-7 	 8.096811989731477E-4 	 4.5097667545066456E-7 	 8.096811989731477E-4 	 4.5097667545066456E-7 	 8.096811989731477E-4 	 4.5097667545066456E-7 	 8.096811989731477E-4 	 4.5097667545066456E-7 	 8.096811989731477E-4 	 4.5097667545066456E-7 	 8.096811989731477E-4 	 4.5097667545066456E-7 	 8.096811989731477E-4 	 4.5097667545066456E-7 	 
0.96 	 5.100583506850281E-4 	 6.441820455011551E-7 	 5.100583506850281E-4 	 6.441820455011551E-7 	 5.100583506850281E-4 	 6.441820455011551E-7 	 5.100583506850281E-4 	 6.441820455011551E-7 	 5.100583506850281E-4 	 6.441820455011551E-7 	 5.100583506850281E-4 	 6.441820455011551E-7 	 5.100583506850281E-4 	 6.441820455011551E-7 	 5.100583506850281E-4 	 6.441820455011551E-7 	 
0.984 	 3.212557992886019E-5 	 3.2207208290447905E-7 	 3.212557992886019E-5 	 3.2207208290447905E-7 	 3.212557992886019E-5 	 3.2207208290447905E-7 	 3.212557992886019E-5 	 3.2207208290447905E-7 	 3.212557992886019E-5 	 3.2207208290447905E-7 	 3.212557992886019E-5 	 3.2207208290447905E-7 	 3.212557992886019E-5 	 3.2207208290447905E-7 	 3.212557992886019E-5 	 3.2207208290447905E-7 	 
1.008 	 2.4949139896364805E-4 	 1.2886671285398857E-7 	 2.4949139896364805E-4 	 1.2886671285398857E-7 	 2.4949139896364805E-4 	 1.2886671285398857E-7 	 2.4949139896364805E-4 	 1.2886671285398857E-7 	 2.4949139896364805E-4 	 1.2886671285398857E-7 	 2.4949139896364805E-4 	 1.2886671285398857E-7 	 2.4949139896364805E-4 	 1.2886671285398857E-7 	 2.4949139896364805E-4 	 1.2886671285398857E-7 	 
1.032 	 2.202156688671868E-6 	 1.2882883316179163E-7 	 2.202156688671868E-6 	 1.2882883316179163E-7 	 2.202156688671868E-6 	 1.2882883316179163E-7 	 2.202156688671868E-6 	 1.2882883316179163E-7 	 2.202156688671868E-6 	 1.2882883316179163E-7 	 2.202156688671868E-6 	 1.2882883316179163E-7 	 2.202156688671868E-6 	 1.2882883316179163E-7 	 2.202156688671868E-6 	 1.2882883316179163E-7 	 
1.056 	 1.6192328593175494E-6 	 1.2882883316179163E-7 	 1.6192328593175494E-6 	 1.2882883316179163E-7 	 1.6192328593175494E-6 	 1.2882883316179163E-7 	 1.6192328593175494E-6 	 1.2882883316179163E-7 	 1.6192328593175494E-6 	 1.2882883316179163E-7 	 1.6192328593175494E-6 	 1.2882883316179163E-7 	 1.6192328593175494E-6 	 1.2882883316179163E-7 	 1.6192328593175494E-6 	 1.2882883316179163E-7 	 
1.08 	 2.8498498323988874E-6 	 0.0 	 2.8498498323988874E-6 	 0.0 	 2.8498498323988874E-6 	 0.0 	 2.8498498323988874E-6 	 0.0 	 2.8498498323988874E-6 	 0.0 	 2.8498498323988874E-6 	 0.0 	 2.8498498323988874E-6 	 0.0 	 2.8498498323988874E-6 	 0.0 	 
1.104 	 7.448471152860728E-6 	 2.5773342570797714E-7 	 7.448471152860728E-6 	 2.5773342570797714E-7 	 7.448471152860728E-6 	 2.5773342570797714E-7 	 7.448471152860728E-6 	 2.5773342570797714E-7 	 7.448471152860728E-6 	 2.5773342570797714E-7 	 7.448471152860728E-6 	 2.5773342570797714E-7 	 7.448471152860728E-6 	 2.5773342570797714E-7 	 7.448471152860728E-6 	 2.5773342570797714E-7 	 
1.1280000000000001 	 2.901667187756965E-5 	 1.9328111830034817E-7 	 2.901667187756965E-5 	 1.9328111830034817E-7 	 2.901667187756965E-5 	 1.9328111830034817E-7 	 2.901667187756965E-5 	 1.9328111830034817E-7 	 2.901667187756965E-5 	 1.9328111830034817E-7 	 2.901667187756965E-5 	 1.9328111830034817E-7 	 2.901667187756965E-5 	 1.9328111830034817E-7 	 2.901667187756965E-5 	 1.9328111830034817E-7 	 
1.1520000000000001 	 2.4910278307741185E-4 	 0.0 	 2.4910278307741185E-4 	 0.0 	 2.4910278307741185E-4 	 0.0 	 2.4910278307741185E-4 	 0.0 	 2.4910278307741185E-4 	 0.0 	 2.4910278307741185E-4 	 0.0 	 2.4910278307741185E-4 	 0.0 	 2.4910278307741185E-4 	 0.0 	 
1.1760000000000002 	 1.4249249161994437E-6 	 1.2882883316179163E-7 	 1.4249249161994437E-6 	 1.2882883316179163E-7 	 1.4249249161994437E-6 	 1.2882883316179163E-7 	 1.4249249161994437E-6 	 1.2882883316179163E-7 	 1.4249249161994437E-6 	 1.2882883316179163E-7 	 1.4249249161994437E-6 	 1.2882883316179163E-7 	 1.4249249161994437E-6 	 1.2882883316179163E-7 	 1.4249249161994437E-6 	 1.2882883316179163E-7 	 
1.2000000000000002 	 0.0 	 0.0 	 0.0 	 0.0 	 0.0 	 0.0 	 0.0 	 0.0 	 0.0 	 0.0 	 0.0 	 0.0 	 0.0 	 0.0 	 0.0 	 0.0 	 
1.2240000000000002 	 0.0 	 0.0 	 0.0 	 0.0 	 0.0 	 0.0 	 0.0 	 0.0 	 0.0 	 0.0 	 0.0 	 0.0 	 0.0 	 0.0 	 0.0 	 0.0 	 
1.2480000000000002 	 0.0 	 6.441441658089581E-8 	 0.0 	 6.441441658089581E-8 	 0.0 	 6.441441658089581E-8 	 0.0 	 6.441441658089581E-8 	 0.0 	 6.441441658089581E-8 	 0.0 	 6.441441658089581E-8 	 0.0 	 6.441441658089581E-8 	 0.0 	 6.441441658089581E-8 	 
1.2720000000000002 	 6.476931437270199E-8 	 0.0 	 6.476931437270199E-8 	 0.0 	 6.476931437270199E-8 	 0.0 	 6.476931437270199E-8 	 0.0 	 6.476931437270199E-8 	 0.0 	 6.476931437270199E-8 	 0.0 	 6.476931437270199E-8 	 0.0 	 6.476931437270199E-8 	 0.0 	 
1.2960000000000003 	 0.0 	 0.0 	 0.0 	 0.0 	 0.0 	 0.0 	 0.0 	 0.0 	 0.0 	 0.0 	 0.0 	 0.0 	 0.0 	 0.0 	 0.0 	 0.0 	 
1.3200000000000003 	 0.0 	 0.0 	 0.0 	 0.0 	 0.0 	 0.0 	 0.0 	 0.0 	 0.0 	 0.0 	 0.0 	 0.0 	 0.0 	 0.0 	 0.0 	 0.0 	 
1.3440000000000003 	 0.0 	 6.441441658089581E-8 	 0.0 	 6.441441658089581E-8 	 0.0 	 6.441441658089581E-8 	 0.0 	 6.441441658089581E-8 	 0.0 	 6.441441658089581E-8 	 0.0 	 6.441441658089581E-8 	 0.0 	 6.441441658089581E-8 	 0.0 	 6.441441658089581E-8 	 
1.3680000000000003 	 0.0 	 0.0 	 0.0 	 0.0 	 0.0 	 0.0 	 0.0 	 0.0 	 0.0 	 0.0 	 0.0 	 0.0 	 0.0 	 0.0 	 0.0 	 0.0 	 
1.3920000000000003 	 6.476931437270199E-8 	 0.0 	 6.476931437270199E-8 	 0.0 	 6.476931437270199E-8 	 0.0 	 6.476931437270199E-8 	 0.0 	 6.476931437270199E-8 	 0.0 	 6.476931437270199E-8 	 0.0 	 6.476931437270199E-8 	 0.0 	 6.476931437270199E-8 	 0.0 	 
1.4160000000000004 	 6.476931437270199E-8 	 6.441441658089581E-8 	 6.476931437270199E-8 	 6.441441658089581E-8 	 6.476931437270199E-8 	 6.441441658089581E-8 	 6.476931437270199E-8 	 6.441441658089581E-8 	 6.476931437270199E-8 	 6.441441658089581E-8 	 6.476931437270199E-8 	 6.441441658089581E-8 	 6.476931437270199E-8 	 6.441441658089581E-8 	 6.476931437270199E-8 	 6.441441658089581E-8 	 
1.4400000000000004 	 6.476931437270199E-8 	 0.0 	 6.476931437270199E-8 	 0.0 	 6.476931437270199E-8 	 0.0 	 6.476931437270199E-8 	 0.0 	 6.476931437270199E-8 	 0.0 	 6.476931437270199E-8 	 0.0 	 6.476931437270199E-8 	 0.0 	 6.476931437270199E-8 	 0.0 	 
1.4640000000000004 	 6.476931437270199E-8 	 6.441441658089581E-8 	 6.476931437270199E-8 	 6.441441658089581E-8 	 6.476931437270199E-8 	 6.441441658089581E-8 	 6.476931437270199E-8 	 6.441441658089581E-8 	 6.476931437270199E-8 	 6.441441658089581E-8 	 6.476931437270199E-8 	 6.441441658089581E-8 	 6.476931437270199E-8 	 6.441441658089581E-8 	 6.476931437270199E-8 	 6.441441658089581E-8 	 
1.4880000000000004 	 6.476931437270199E-8 	 6.441441658089581E-8 	 6.476931437270199E-8 	 6.441441658089581E-8 	 6.476931437270199E-8 	 6.441441658089581E-8 	 6.476931437270199E-8 	 6.441441658089581E-8 	 6.476931437270199E-8 	 6.441441658089581E-8 	 6.476931437270199E-8 	 6.441441658089581E-8 	 6.476931437270199E-8 	 6.441441658089581E-8 	 6.476931437270199E-8 	 6.441441658089581E-8 	 
1.5120000000000005 	 0.0 	 0.0 	 0.0 	 0.0 	 0.0 	 0.0 	 0.0 	 0.0 	 0.0 	 0.0 	 0.0 	 0.0 	 0.0 	 0.0 	 0.0 	 0.0 	 
1.5360000000000005 	 1.9430794311810596E-7 	 6.441441658089581E-8 	 1.9430794311810596E-7 	 6.441441658089581E-8 	 1.9430794311810596E-7 	 6.441441658089581E-8 	 1.9430794311810596E-7 	 6.441441658089581E-8 	 1.9430794311810596E-7 	 6.441441658089581E-8 	 1.9430794311810596E-7 	 6.441441658089581E-8 	 1.9430794311810596E-7 	 6.441441658089581E-8 	 1.9430794311810596E-7 	 6.441441658089581E-8 	 
1.5600000000000005 	 1.9430794311810593E-7 	 6.441441658089581E-8 	 1.9430794311810593E-7 	 6.441441658089581E-8 	 1.9430794311810593E-7 	 6.441441658089581E-8 	 1.9430794311810593E-7 	 6.441441658089581E-8 	 1.9430794311810593E-7 	 6.441441658089581E-8 	 1.9430794311810593E-7 	 6.441441658089581E-8 	 1.9430794311810593E-7 	 6.441441658089581E-8 	 1.9430794311810593E-7 	 6.441441658089581E-8 	 
1.5840000000000005 	 1.2953862874540398E-7 	 6.441441658089581E-8 	 1.2953862874540398E-7 	 6.441441658089581E-8 	 1.2953862874540398E-7 	 6.441441658089581E-8 	 1.2953862874540398E-7 	 6.441441658089581E-8 	 1.2953862874540398E-7 	 6.441441658089581E-8 	 1.2953862874540398E-7 	 6.441441658089581E-8 	 1.2953862874540398E-7 	 6.441441658089581E-8 	 1.2953862874540398E-7 	 6.441441658089581E-8 	 
1.6080000000000005 	 3.2384657186350994E-7 	 0.0 	 3.2384657186350994E-7 	 0.0 	 3.2384657186350994E-7 	 0.0 	 3.2384657186350994E-7 	 0.0 	 3.2384657186350994E-7 	 0.0 	 3.2384657186350994E-7 	 0.0 	 3.2384657186350994E-7 	 0.0 	 3.2384657186350994E-7 	 0.0 	 
1.6319999999999997 	 3.886158862362119E-7 	 6.441441658089581E-8 	 3.886158862362119E-7 	 6.441441658089581E-8 	 3.886158862362119E-7 	 6.441441658089581E-8 	 3.886158862362119E-7 	 6.441441658089581E-8 	 3.886158862362119E-7 	 6.441441658089581E-8 	 3.886158862362119E-7 	 6.441441658089581E-8 	 3.886158862362119E-7 	 6.441441658089581E-8 	 3.886158862362119E-7 	 6.441441658089581E-8 	 
1.6559999999999997 	 7.772317724724238E-7 	 0.0 	 7.772317724724238E-7 	 0.0 	 7.772317724724238E-7 	 0.0 	 7.772317724724238E-7 	 0.0 	 7.772317724724238E-7 	 0.0 	 7.772317724724238E-7 	 0.0 	 7.772317724724238E-7 	 0.0 	 7.772317724724238E-7 	 0.0 	 
1.6799999999999997 	 1.6192328593175494E-6 	 1.2882883316179163E-7 	 1.6192328593175494E-6 	 1.2882883316179163E-7 	 1.6192328593175494E-6 	 1.2882883316179163E-7 	 1.6192328593175494E-6 	 1.2882883316179163E-7 	 1.6192328593175494E-6 	 1.2882883316179163E-7 	 1.6192328593175494E-6 	 1.2882883316179163E-7 	 1.6192328593175494E-6 	 1.2882883316179163E-7 	 1.6192328593175494E-6 	 1.2882883316179163E-7 	 
1.7039999999999997 	 2.8498498323988874E-6 	 0.0 	 2.8498498323988874E-6 	 0.0 	 2.8498498323988874E-6 	 0.0 	 2.8498498323988874E-6 	 0.0 	 2.8498498323988874E-6 	 0.0 	 2.8498498323988874E-6 	 0.0 	 2.8498498323988874E-6 	 0.0 	 2.8498498323988874E-6 	 0.0 	 
1.7279999999999998 	 7.448471152860728E-6 	 1.2882883316179163E-7 	 7.448471152860728E-6 	 1.2882883316179163E-7 	 7.448471152860728E-6 	 1.2882883316179163E-7 	 7.448471152860728E-6 	 1.2882883316179163E-7 	 7.448471152860728E-6 	 1.2882883316179163E-7 	 7.448471152860728E-6 	 1.2882883316179163E-7 	 7.448471152860728E-6 	 1.2882883316179163E-7 	 7.448471152860728E-6 	 1.2882883316179163E-7 	 
1.7519999999999998 	 2.895188352459778E-5 	 6.441441658089581E-8 	 2.895188352459778E-5 	 6.441441658089581E-8 	 2.895188352459778E-5 	 6.441441658089581E-8 	 2.895188352459778E-5 	 6.441441658089581E-8 	 2.895188352459778E-5 	 6.441441658089581E-8 	 2.895188352459778E-5 	 6.441441658089581E-8 	 2.895188352459778E-5 	 6.441441658089581E-8 	 2.895188352459778E-5 	 6.441441658089581E-8 	 
1.7759999999999998 	 2.4910278307741185E-4 	 0.0 	 2.4910278307741185E-4 	 0.0 	 2.4910278307741185E-4 	 0.0 	 2.4910278307741185E-4 	 0.0 	 2.4910278307741185E-4 	 0.0 	 2.4910278307741185E-4 	 0.0 	 2.4910278307741185E-4 	 0.0 	 2.4910278307741185E-4 	 0.0 	 
1.7999999999999998 	 1.4249249161994437E-6 	 1.2882883316179163E-7 	 1.4249249161994437E-6 	 1.2882883316179163E-7 	 1.4249249161994437E-6 	 1.2882883316179163E-7 	 1.4249249161994437E-6 	 1.2882883316179163E-7 	 1.4249249161994437E-6 	 1.2882883316179163E-7 	 1.4249249161994437E-6 	 1.2882883316179163E-7 	 1.4249249161994437E-6 	 1.2882883316179163E-7 	 1.4249249161994437E-6 	 1.2882883316179163E-7 	 
1.8239999999999998 	 0.0 	 0.0 	 0.0 	 0.0 	 0.0 	 0.0 	 0.0 	 0.0 	 0.0 	 0.0 	 0.0 	 0.0 	 0.0 	 0.0 	 0.0 	 0.0 	 
1.8479999999999999 	 0.0 	 0.0 	 0.0 	 0.0 	 0.0 	 0.0 	 0.0 	 0.0 	 0.0 	 0.0 	 0.0 	 0.0 	 0.0 	 0.0 	 0.0 	 0.0 	 
1.8719999999999999 	 0.0 	 0.0 	 0.0 	 0.0 	 0.0 	 0.0 	 0.0 	 0.0 	 0.0 	 0.0 	 0.0 	 0.0 	 0.0 	 0.0 	 0.0 	 0.0 	 
1.896 	 0.0 	 0.0 	 0.0 	 0.0 	 0.0 	 0.0 	 0.0 	 0.0 	 0.0 	 0.0 	 0.0 	 0.0 	 0.0 	 0.0 	 0.0 	 0.0 	 
1.92 	 0.0 	 0.0 	 0.0 	 0.0 	 0.0 	 0.0 	 0.0 	 0.0 	 0.0 	 0.0 	 0.0 	 0.0 	 0.0 	 0.0 	 0.0 	 0.0 	 
1.944 	 0.0 	 0.0 	 0.0 	 0.0 	 0.0 	 0.0 	 0.0 	 0.0 	 0.0 	 0.0 	 0.0 	 0.0 	 0.0 	 0.0 	 0.0 	 0.0 	 
1.968 	 0.0 	 0.0 	 0.0 	 0.0 	 0.0 	 0.0 	 0.0 	 0.0 	 0.0 	 0.0 	 0.0 	 0.0 	 0.0 	 0.0 	 0.0 	 0.0 	 
1.992 	 0.0 	 0.0 	 0.0 	 0.0 	 0.0 	 0.0 	 0.0 	 0.0 	 0.0 	 0.0 	 0.0 	 0.0 	 0.0 	 0.0 	 0.0 	 0.0 	 
2.016 	 0.0 	 0.0 	 0.0 	 0.0 	 0.0 	 0.0 	 0.0 	 0.0 	 0.0 	 0.0 	 0.0 	 0.0 	 0.0 	 0.0 	 0.0 	 0.0 	 
2.04 	 0.0 	 0.0 	 0.0 	 0.0 	 0.0 	 0.0 	 0.0 	 0.0 	 0.0 	 0.0 	 0.0 	 0.0 	 0.0 	 0.0 	 0.0 	 0.0 	 
2.064 	 0.0 	 0.0 	 0.0 	 0.0 	 0.0 	 0.0 	 0.0 	 0.0 	 0.0 	 0.0 	 0.0 	 0.0 	 0.0 	 0.0 	 0.0 	 0.0 	 
2.088 	 0.0 	 0.0 	 0.0 	 0.0 	 0.0 	 0.0 	 0.0 	 0.0 	 0.0 	 0.0 	 0.0 	 0.0 	 0.0 	 0.0 	 0.0 	 0.0 	 
2.112 	 0.0 	 0.0 	 0.0 	 0.0 	 0.0 	 0.0 	 0.0 	 0.0 	 0.0 	 0.0 	 0.0 	 0.0 	 0.0 	 0.0 	 0.0 	 0.0 	 
2.136 	 0.0 	 0.0 	 0.0 	 0.0 	 0.0 	 0.0 	 0.0 	 0.0 	 0.0 	 0.0 	 0.0 	 0.0 	 0.0 	 0.0 	 0.0 	 0.0 	 
2.16 	 0.0 	 0.0 	 0.0 	 0.0 	 0.0 	 0.0 	 0.0 	 0.0 	 0.0 	 0.0 	 0.0 	 0.0 	 0.0 	 0.0 	 0.0 	 0.0 	 
2.184 	 0.0 	 0.0 	 0.0 	 0.0 	 0.0 	 0.0 	 0.0 	 0.0 	 0.0 	 0.0 	 0.0 	 0.0 	 0.0 	 0.0 	 0.0 	 0.0 	 
2.208 	 0.0 	 0.0 	 0.0 	 0.0 	 0.0 	 0.0 	 0.0 	 0.0 	 0.0 	 0.0 	 0.0 	 0.0 	 0.0 	 0.0 	 0.0 	 0.0 	 
2.232 	 0.0 	 0.0 	 0.0 	 0.0 	 0.0 	 0.0 	 0.0 	 0.0 	 0.0 	 0.0 	 0.0 	 0.0 	 0.0 	 0.0 	 0.0 	 0.0 	 
2.2560000000000002 	 0.0 	 0.0 	 0.0 	 0.0 	 0.0 	 0.0 	 0.0 	 0.0 	 0.0 	 0.0 	 0.0 	 0.0 	 0.0 	 0.0 	 0.0 	 0.0 	 
2.2800000000000002 	 0.0 	 0.0 	 0.0 	 0.0 	 0.0 	 0.0 	 0.0 	 0.0 	 0.0 	 0.0 	 0.0 	 0.0 	 0.0 	 0.0 	 0.0 	 0.0 	 
2.3040000000000003 	 0.0 	 0.0 	 0.0 	 0.0 	 0.0 	 0.0 	 0.0 	 0.0 	 0.0 	 0.0 	 0.0 	 0.0 	 0.0 	 0.0 	 0.0 	 0.0 	 
2.3280000000000003 	 0.0 	 0.0 	 0.0 	 0.0 	 0.0 	 0.0 	 0.0 	 0.0 	 0.0 	 0.0 	 0.0 	 0.0 	 0.0 	 0.0 	 0.0 	 0.0 	 
2.3520000000000003 	 0.0 	 0.0 	 0.0 	 0.0 	 0.0 	 0.0 	 0.0 	 0.0 	 0.0 	 0.0 	 0.0 	 0.0 	 0.0 	 0.0 	 0.0 	 0.0 	 
2.3760000000000003 	 0.0 	 0.0 	 0.0 	 0.0 	 0.0 	 0.0 	 0.0 	 0.0 	 0.0 	 0.0 	 0.0 	 0.0 	 0.0 	 0.0 	 0.0 	 0.0 	 
2.4000000000000004 	 0.0 	 0.0 	 0.0 	 0.0 	 0.0 	 0.0 	 0.0 	 0.0 	 0.0 	 0.0 	 0.0 	 0.0 	 0.0 	 0.0 	 0.0 	 0.0 	 
2.4240000000000004 	 0.0 	 0.0 	 0.0 	 0.0 	 0.0 	 0.0 	 0.0 	 0.0 	 0.0 	 0.0 	 0.0 	 0.0 	 0.0 	 0.0 	 0.0 	 0.0 	 
2.4480000000000004 	 0.0 	 0.0 	 0.0 	 0.0 	 0.0 	 0.0 	 0.0 	 0.0 	 0.0 	 0.0 	 0.0 	 0.0 	 0.0 	 0.0 	 0.0 	 0.0 	 
2.4720000000000004 	 0.0 	 0.0 	 0.0 	 0.0 	 0.0 	 0.0 	 0.0 	 0.0 	 0.0 	 0.0 	 0.0 	 0.0 	 0.0 	 0.0 	 0.0 	 0.0 	 
2.4960000000000004 	 0.0 	 0.0 	 0.0 	 0.0 	 0.0 	 0.0 	 0.0 	 0.0 	 0.0 	 0.0 	 0.0 	 0.0 	 0.0 	 0.0 	 0.0 	 0.0 	 
2.5200000000000005 	 0.0 	 0.0 	 0.0 	 0.0 	 0.0 	 0.0 	 0.0 	 0.0 	 0.0 	 0.0 	 0.0 	 0.0 	 0.0 	 0.0 	 0.0 	 0.0 	 
2.5440000000000005 	 0.0 	 0.0 	 0.0 	 0.0 	 0.0 	 0.0 	 0.0 	 0.0 	 0.0 	 0.0 	 0.0 	 0.0 	 0.0 	 0.0 	 0.0 	 0.0 	 
2.5680000000000005 	 0.0 	 0.0 	 0.0 	 0.0 	 0.0 	 0.0 	 0.0 	 0.0 	 0.0 	 0.0 	 0.0 	 0.0 	 0.0 	 0.0 	 0.0 	 0.0 	 
2.5920000000000005 	 0.0 	 0.0 	 0.0 	 0.0 	 0.0 	 0.0 	 0.0 	 0.0 	 0.0 	 0.0 	 0.0 	 0.0 	 0.0 	 0.0 	 0.0 	 0.0 	 
2.6160000000000005 	 0.0 	 0.0 	 0.0 	 0.0 	 0.0 	 0.0 	 0.0 	 0.0 	 0.0 	 0.0 	 0.0 	 0.0 	 0.0 	 0.0 	 0.0 	 0.0 	 
2.6399999999999997 	 0.0 	 0.0 	 0.0 	 0.0 	 0.0 	 0.0 	 0.0 	 0.0 	 0.0 	 0.0 	 0.0 	 0.0 	 0.0 	 0.0 	 0.0 	 0.0 	 
2.6639999999999997 	 0.0 	 0.0 	 0.0 	 0.0 	 0.0 	 0.0 	 0.0 	 0.0 	 0.0 	 0.0 	 0.0 	 0.0 	 0.0 	 0.0 	 0.0 	 0.0 	 
2.6879999999999997 	 0.0 	 0.0 	 0.0 	 0.0 	 0.0 	 0.0 	 0.0 	 0.0 	 0.0 	 0.0 	 0.0 	 0.0 	 0.0 	 0.0 	 0.0 	 0.0 	 
2.7119999999999997 	 0.0 	 0.0 	 0.0 	 0.0 	 0.0 	 0.0 	 0.0 	 0.0 	 0.0 	 0.0 	 0.0 	 0.0 	 0.0 	 0.0 	 0.0 	 0.0 	 
2.7359999999999998 	 0.0 	 0.0 	 0.0 	 0.0 	 0.0 	 0.0 	 0.0 	 0.0 	 0.0 	 0.0 	 0.0 	 0.0 	 0.0 	 0.0 	 0.0 	 0.0 	 
2.76 	 0.0 	 0.0 	 0.0 	 0.0 	 0.0 	 0.0 	 0.0 	 0.0 	 0.0 	 0.0 	 0.0 	 0.0 	 0.0 	 0.0 	 0.0 	 0.0 	 
2.784 	 0.0 	 0.0 	 0.0 	 0.0 	 0.0 	 0.0 	 0.0 	 0.0 	 0.0 	 0.0 	 0.0 	 0.0 	 0.0 	 0.0 	 0.0 	 0.0 	 
2.808 	 0.0 	 0.0 	 0.0 	 0.0 	 0.0 	 0.0 	 0.0 	 0.0 	 0.0 	 0.0 	 0.0 	 0.0 	 0.0 	 0.0 	 0.0 	 0.0 	 
2.832 	 0.0 	 0.0 	 0.0 	 0.0 	 0.0 	 0.0 	 0.0 	 0.0 	 0.0 	 0.0 	 0.0 	 0.0 	 0.0 	 0.0 	 0.0 	 0.0 	 
2.856 	 0.0 	 0.0 	 0.0 	 0.0 	 0.0 	 0.0 	 0.0 	 0.0 	 0.0 	 0.0 	 0.0 	 0.0 	 0.0 	 0.0 	 0.0 	 0.0 	 
2.88 	 0.0 	 0.0 	 0.0 	 0.0 	 0.0 	 0.0 	 0.0 	 0.0 	 0.0 	 0.0 	 0.0 	 0.0 	 0.0 	 0.0 	 0.0 	 0.0 	 
2.904 	 0.0 	 0.0 	 0.0 	 0.0 	 0.0 	 0.0 	 0.0 	 0.0 	 0.0 	 0.0 	 0.0 	 0.0 	 0.0 	 0.0 	 0.0 	 0.0 	 
2.928 	 0.0 	 0.0 	 0.0 	 0.0 	 0.0 	 0.0 	 0.0 	 0.0 	 0.0 	 0.0 	 0.0 	 0.0 	 0.0 	 0.0 	 0.0 	 0.0 	 
2.952 	 0.0 	 0.0 	 0.0 	 0.0 	 0.0 	 0.0 	 0.0 	 0.0 	 0.0 	 0.0 	 0.0 	 0.0 	 0.0 	 0.0 	 0.0 	 0.0 	 
2.976 	 0.0 	 0.0 	 0.0 	 0.0 	 0.0 	 0.0 	 0.0 	 0.0 	 0.0 	 0.0 	 0.0 	 0.0 	 0.0 	 0.0 	 0.0 	 0.0 	 
