-3.0 	 0.0 	 0.0 	 0.0 	 0.0 	 0.0 	 0.0 	 0.0 	 0.0 	 0.0 	 0.0 	 0.0 	 0.0 	 0.0 	 0.0 	 0.0 	 0.0 	 
-2.976 	 0.00818564686942135 	 0.005742001296440355 	 0.00818564686942135 	 0.005742001296440355 	 0.00818564686942135 	 0.005742001296440355 	 0.00818564686942135 	 0.005742001296440355 	 1.0320083165671213E-4 	 0.007880178888118613 	 1.0320083165671213E-4 	 0.007880178888118613 	 1.0320083165671213E-4 	 0.007880178888118613 	 1.0320083165671213E-4 	 0.007880178888118613 	 
-2.952 	 0.01933621329138507 	 0.02230487718257863 	 0.01933621329138507 	 0.02230487718257863 	 0.01933621329138507 	 0.02230487718257863 	 0.01933621329138507 	 0.02230487718257863 	 1.5082739025833007E-4 	 0.017919462379138863 	 1.5082739025833007E-4 	 0.017919462379138863 	 1.5082739025833007E-4 	 0.017919462379138863 	 1.5082739025833007E-4 	 0.017919462379138863 	 
-2.928 	 0.017051248950724497 	 0.01641836838374631 	 0.017051248950724497 	 0.01641836838374631 	 0.017051248950724497 	 0.01641836838374631 	 0.017051248950724497 	 0.01641836838374631 	 1.4209448873659557E-4 	 0.015818471693300588 	 1.4209448873659557E-4 	 0.015818471693300588 	 1.4209448873659557E-4 	 0.015818471693300588 	 1.4209448873659557E-4 	 0.015818471693300588 	 
-2.904 	 0.0219311847117457 	 0.023278282843820046 	 0.0219311847117457 	 0.023278282843820046 	 0.0219311847117457 	 0.023278282843820046 	 0.0219311847117457 	 0.023278282843820046 	 1.7099672594333553E-4 	 0.020299761021809734 	 1.7099672594333553E-4 	 0.020299761021809734 	 1.7099672594333553E-4 	 0.020299761021809734 	 1.7099672594333553E-4 	 0.020299761021809734 	 
-2.88 	 0.018948152713596747 	 0.018318410638297644 	 0.018948152713596747 	 0.018318410638297644 	 0.018948152713596747 	 0.018318410638297644 	 0.018948152713596747 	 0.018318410638297644 	 1.717511902330917E-4 	 0.017688259671700027 	 1.717511902330917E-4 	 0.017688259671700027 	 1.717511902330917E-4 	 0.017688259671700027 	 1.717511902330917E-4 	 0.017688259671700027 	 
-2.856 	 0.02392510745040514 	 0.02518425315074635 	 0.02392510745040514 	 0.02518425315074635 	 0.02392510745040514 	 0.02518425315074635 	 0.02392510745040514 	 0.02518425315074635 	 1.8727134932944688E-4 	 0.022314217892094337 	 1.8727134932944688E-4 	 0.022314217892094337 	 1.8727134932944688E-4 	 0.022314217892094337 	 1.8727134932944688E-4 	 0.022314217892094337 	 
-2.832 	 0.025488936472967353 	 0.025911358325613598 	 0.025488936472967353 	 0.025911358325613598 	 0.025488936472967353 	 0.025911358325613598 	 0.025488936472967353 	 0.025911358325613598 	 2.1175371838711088E-4 	 0.023759028939375742 	 2.1175371838711088E-4 	 0.023759028939375742 	 2.1175371838711088E-4 	 0.023759028939375742 	 2.1175371838711088E-4 	 0.023759028939375742 	 
-2.808 	 0.026081556962315792 	 0.02638813412766628 	 0.026081556962315792 	 0.02638813412766628 	 0.026081556962315792 	 0.02638813412766628 	 0.026081556962315792 	 0.02638813412766628 	 2.244662212701396E-4 	 0.02439423756209089 	 2.244662212701396E-4 	 0.02439423756209089 	 2.244662212701396E-4 	 0.02439423756209089 	 2.244662212701396E-4 	 0.02439423756209089 	 
-2.784 	 0.027051724319221194 	 0.027341173547009916 	 0.027051724319221194 	 0.027341173547009916 	 0.027051724319221194 	 0.027341173547009916 	 0.027051724319221194 	 0.027341173547009916 	 2.2669213299055378E-4 	 0.02538103485544731 	 2.2669213299055378E-4 	 0.02538103485544731 	 2.2669213299055378E-4 	 0.02538103485544731 	 2.2669213299055378E-4 	 0.02538103485544731 	 
-2.76 	 0.025499157370002728 	 0.025210740090800154 	 0.025499157370002728 	 0.025210740090800154 	 0.025499157370002728 	 0.025210740090800154 	 0.025499157370002728 	 0.025210740090800154 	 2.6840889659717463E-4 	 0.024108660944169837 	 2.6840889659717463E-4 	 0.024108660944169837 	 2.6840889659717463E-4 	 0.024108660944169837 	 2.6840889659717463E-4 	 0.024108660944169837 	 
-2.7359999999999998 	 0.03742322646108444 	 0.040381079476951985 	 0.03742322646108444 	 0.040381079476951985 	 0.03742322646108444 	 0.040381079476951985 	 0.03742322646108444 	 0.040381079476951985 	 2.3654457242019687E-4 	 0.034908451485134925 	 2.3654457242019687E-4 	 0.034908451485134925 	 2.3654457242019687E-4 	 0.034908451485134925 	 2.3654457242019687E-4 	 0.034908451485134925 	 
-2.7119999999999997 	 0.032708488176914755 	 0.03164803215822939 	 0.032708488176914755 	 0.03164803215822939 	 0.032708488176914755 	 0.03164803215822939 	 0.032708488176914755 	 0.03164803215822939 	 3.0139346870611624E-4 	 0.03085065718198303 	 3.0139346870611624E-4 	 0.03085065718198303 	 3.0139346870611624E-4 	 0.03085065718198303 	 3.0139346870611624E-4 	 0.03085065718198303 	 
-2.688 	 0.027564639636295553 	 0.02641685375193231 	 0.027564639636295553 	 0.02641685375193231 	 0.027564639636295553 	 0.02641685375193231 	 0.027564639636295553 	 0.02641685375193231 	 2.6807990029499926E-4 	 0.026524109649827092 	 2.6807990029499926E-4 	 0.026524109649827092 	 2.6807990029499926E-4 	 0.026524109649827092 	 2.6807990029499926E-4 	 0.026524109649827092 	 
-2.664 	 0.03946855059510153 	 0.042291535275298275 	 0.03946855059510153 	 0.042291535275298275 	 0.03946855059510153 	 0.042291535275298275 	 0.03946855059510153 	 0.042291535275298275 	 2.8733393612875684E-4 	 0.03737015425111268 	 2.8733393612875684E-4 	 0.03737015425111268 	 2.8733393612875684E-4 	 0.03737015425111268 	 2.8733393612875684E-4 	 0.03737015425111268 	 
-2.64 	 0.03708095829201752 	 0.03640608282838855 	 0.03708095829201752 	 0.03640608282838855 	 0.03708095829201752 	 0.03640608282838855 	 0.03708095829201752 	 0.03640608282838855 	 2.885756216806021E-4 	 0.03540896699085644 	 2.885756216806021E-4 	 0.03540896699085644 	 2.885756216806021E-4 	 0.03540896699085644 	 2.885756216806021E-4 	 0.03540896699085644 	 
-2.616 	 0.03429468439642378 	 0.03378867552507461 	 0.03429468439642378 	 0.03378867552507461 	 0.03429468439642378 	 0.03378867552507461 	 0.03429468439642378 	 0.03378867552507461 	 2.8592109334418006E-4 	 0.03323681300335728 	 2.8592109334418006E-4 	 0.03323681300335728 	 2.8592109334418006E-4 	 0.03323681300335728 	 2.8592109334418006E-4 	 0.03323681300335728 	 
-2.592 	 0.035879131330815696 	 0.036159143054457346 	 0.035879131330815696 	 0.036159143054457346 	 0.035879131330815696 	 0.036159143054457346 	 0.035879131330815696 	 0.036159143054457346 	 3.026613082793567E-4 	 0.034873923016050634 	 3.026613082793567E-4 	 0.034873923016050634 	 3.026613082793567E-4 	 0.034873923016050634 	 3.026613082793567E-4 	 0.034873923016050634 	 
-2.568 	 0.035075046098601584 	 0.034742904629035926 	 0.035075046098601584 	 0.034742904629035926 	 0.035075046098601584 	 0.034742904629035926 	 0.035075046098601584 	 0.034742904629035926 	 3.5402296046064554E-4 	 0.03431911253787351 	 3.5402296046064554E-4 	 0.03431911253787351 	 3.5402296046064554E-4 	 0.03431911253787351 	 3.5402296046064554E-4 	 0.03431911253787351 	 
-2.544 	 0.034253611046167226 	 0.03403093026419165 	 0.034253611046167226 	 0.03403093026419165 	 0.034253611046167226 	 0.03403093026419165 	 0.034253611046167226 	 0.03403093026419165 	 3.6988988888661707E-4 	 0.03369856625464318 	 3.6988988888661707E-4 	 0.03369856625464318 	 3.6988988888661707E-4 	 0.03369856625464318 	 3.6988988888661707E-4 	 0.03369856625464318 	 
-2.52 	 0.036448884263269525 	 0.03687939415601165 	 0.036448884263269525 	 0.03687939415601165 	 0.036448884263269525 	 0.03687939415601165 	 0.036448884263269525 	 0.03687939415601165 	 4.2782052631261467E-4 	 0.035814215848343225 	 4.2782052631261467E-4 	 0.035814215848343225 	 4.2782052631261467E-4 	 0.035814215848343225 	 4.2782052631261467E-4 	 0.035814215848343225 	 
-2.496 	 0.039255531318345444 	 0.039733162535763374 	 0.039255531318345444 	 0.039733162535763374 	 0.039255531318345444 	 0.039733162535763374 	 0.039255531318345444 	 0.039733162535763374 	 4.7629829048010904E-4 	 0.038433759786822175 	 4.7629829048010904E-4 	 0.038433759786822175 	 4.7629829048010904E-4 	 0.038433759786822175 	 4.7629829048010904E-4 	 0.038433759786822175 	 
-2.472 	 0.027425366455883296 	 0.02456577498730939 	 0.027425366455883296 	 0.02456577498730939 	 0.027425366455883296 	 0.02456577498730939 	 0.027425366455883296 	 0.02456577498730939 	 4.550495731404275E-4 	 0.027907723117947845 	 4.550495731404275E-4 	 0.027907723117947845 	 4.550495731404275E-4 	 0.027907723117947845 	 4.550495731404275E-4 	 0.027907723117947845 	 
-2.448 	 0.02580399470775689 	 0.02548025834400911 	 0.02580399470775689 	 0.02548025834400911 	 0.02580399470775689 	 0.02548025834400911 	 0.02580399470775689 	 0.02548025834400911 	 5.175796384077762E-4 	 0.026484070313724614 	 5.175796384077762E-4 	 0.026484070313724614 	 5.175796384077762E-4 	 0.026484070313724614 	 5.175796384077762E-4 	 0.026484070313724614 	 
-2.424 	 0.027006604480873473 	 0.027142311487030005 	 0.027006604480873473 	 0.027142311487030005 	 0.027006604480873473 	 0.027142311487030005 	 0.027006604480873473 	 0.027142311487030005 	 4.973067113496288E-4 	 0.027376194254521105 	 4.973067113496288E-4 	 0.027376194254521105 	 4.973067113496288E-4 	 0.027376194254521105 	 4.973067113496288E-4 	 0.027376194254521105 	 
-2.4 	 0.023964105555500714 	 0.023112204475234648 	 0.023964105555500714 	 0.023112204475234648 	 0.023964105555500714 	 0.023112204475234648 	 0.023964105555500714 	 0.023112204475234648 	 5.64896172737506E-4 	 0.024477766043650866 	 5.64896172737506E-4 	 0.024477766043650866 	 5.64896172737506E-4 	 0.024477766043650866 	 5.64896172737506E-4 	 0.024477766043650866 	 
-2.376 	 0.020728652141097474 	 0.019783017149149026 	 0.020728652141097474 	 0.019783017149149026 	 0.020728652141097474 	 0.019783017149149026 	 0.020728652141097474 	 0.019783017149149026 	 5.353580979500576E-4 	 0.02146936890760862 	 5.353580979500576E-4 	 0.02146936890760862 	 5.353580979500576E-4 	 0.02146936890760862 	 5.353580979500576E-4 	 0.02146936890760862 	 
-2.352 	 0.02033802452251705 	 0.020246091901707276 	 0.02033802452251705 	 0.020246091901707276 	 0.02033802452251705 	 0.020246091901707276 	 0.02033802452251705 	 0.020246091901707276 	 5.326961761664206E-4 	 0.021001716620834752 	 5.326961761664206E-4 	 0.021001716620834752 	 5.326961761664206E-4 	 0.021001716620834752 	 5.326961761664206E-4 	 0.021001716620834752 	 
-2.328 	 0.01590847729344184 	 0.014795735171973426 	 0.01590847729344184 	 0.014795735171973426 	 0.01590847729344184 	 0.014795735171973426 	 0.01590847729344184 	 0.014795735171973426 	 5.334854861870161E-4 	 0.016861968891202034 	 5.334854861870161E-4 	 0.016861968891202034 	 5.334854861870161E-4 	 0.016861968891202034 	 5.334854861870161E-4 	 0.016861968891202034 	 
-2.304 	 0.014802894232576354 	 0.01430627893205681 	 0.014802894232576354 	 0.01430627893205681 	 0.014802894232576354 	 0.01430627893205681 	 0.014802894232576354 	 0.01430627893205681 	 5.319428810416298E-4 	 0.015687893852199274 	 5.319428810416298E-4 	 0.015687893852199274 	 5.319428810416298E-4 	 0.015687893852199274 	 5.319428810416298E-4 	 0.015687893852199274 	 
-2.2800000000000002 	 0.014329338043821983 	 0.01406561770101436 	 0.014329338043821983 	 0.01406561770101436 	 0.014329338043821983 	 0.01406561770101436 	 0.014329338043821983 	 0.01406561770101436 	 5.352021736195128E-4 	 0.015078169619859616 	 5.352021736195128E-4 	 0.015078169619859616 	 5.352021736195128E-4 	 0.015078169619859616 	 5.352021736195128E-4 	 0.015078169619859616 	 
-2.2560000000000002 	 0.01211786838338759 	 0.011458585449277046 	 0.01211786838338759 	 0.011458585449277046 	 0.01211786838338759 	 0.011458585449277046 	 0.01211786838338759 	 0.011458585449277046 	 5.656332699747585E-4 	 0.012947302422796786 	 5.656332699747585E-4 	 0.012947302422796786 	 5.656332699747585E-4 	 0.012947302422796786 	 5.656332699747585E-4 	 0.012947302422796786 	 
-2.232 	 0.0074555772094780206 	 0.006235403038996662 	 0.0074555772094780206 	 0.006235403038996662 	 0.0074555772094780206 	 0.006235403038996662 	 0.0074555772094780206 	 0.006235403038996662 	 5.686836715359412E-4 	 0.008636306403118915 	 5.686836715359412E-4 	 0.008636306403118915 	 5.686836715359412E-4 	 0.008636306403118915 	 5.686836715359412E-4 	 0.008636306403118915 	 
-2.208 	 0.007857757415965021 	 0.007879938379489167 	 0.007857757415965021 	 0.007879938379489167 	 0.007857757415965021 	 0.007879938379489167 	 0.007857757415965021 	 0.007879938379489167 	 6.356170510205856E-4 	 0.008799210902215155 	 6.356170510205856E-4 	 0.008799210902215155 	 6.356170510205856E-4 	 0.008799210902215155 	 6.356170510205856E-4 	 0.008799210902215155 	 
-2.184 	 0.006702533371265802 	 0.0062273007624880465 	 0.006702533371265802 	 0.0062273007624880465 	 0.006702533371265802 	 0.0062273007624880465 	 0.006702533371265802 	 0.0062273007624880465 	 6.400212695943478E-4 	 0.007574870324961887 	 6.400212695943478E-4 	 0.007574870324961887 	 6.400212695943478E-4 	 0.007574870324961887 	 6.400212695943478E-4 	 0.007574870324961887 	 
-2.16 	 0.005498762542603089 	 0.005038126895547946 	 0.005498762542603089 	 0.005038126895547946 	 0.005498762542603089 	 0.005038126895547946 	 0.005498762542603089 	 0.005038126895547946 	 6.547272759049712E-4 	 0.006391084827079732 	 6.547272759049712E-4 	 0.006391084827079732 	 6.547272759049712E-4 	 0.006391084827079732 	 6.547272759049712E-4 	 0.006391084827079732 	 
-2.136 	 0.004104938965419024 	 0.003612170007028045 	 0.004104938965419024 	 0.003612170007028045 	 0.004104938965419024 	 0.003612170007028045 	 0.004104938965419024 	 0.003612170007028045 	 6.206478648298785E-4 	 0.005008976912688805 	 6.206478648298785E-4 	 0.005008976912688805 	 6.206478648298785E-4 	 0.005008976912688805 	 6.206478648298785E-4 	 0.005008976912688805 	 
-2.112 	 0.0035381712309277393 	 0.0033708092635469943 	 0.0035381712309277393 	 0.0033708092635469943 	 0.0035381712309277393 	 0.0033708092635469943 	 0.0035381712309277393 	 0.0033708092635469943 	 5.439711092563623E-4 	 0.0044317981489112625 	 5.439711092563623E-4 	 0.0044317981489112625 	 5.439711092563623E-4 	 0.0044317981489112625 	 5.439711092563623E-4 	 0.0044317981489112625 	 
-2.088 	 0.0023254332207978483 	 0.001948100923791775 	 0.0023254332207978483 	 0.001948100923791775 	 0.0023254332207978483 	 0.001948100923791775 	 0.0023254332207978483 	 0.001948100923791775 	 5.748440027212323E-4 	 0.003217330996534642 	 5.748440027212323E-4 	 0.003217330996534642 	 5.748440027212323E-4 	 0.003217330996534642 	 5.748440027212323E-4 	 0.003217330996534642 	 
-2.064 	 0.0033506896195274662 	 0.0036023767561730283 	 0.0033506896195274662 	 0.0036023767561730283 	 0.0033506896195274662 	 0.0036023767561730283 	 0.0033506896195274662 	 0.0036023767561730283 	 5.336197858751484E-4 	 0.004024250547016313 	 5.336197858751484E-4 	 0.004024250547016313 	 5.336197858751484E-4 	 0.004024250547016313 	 5.336197858751484E-4 	 0.004024250547016313 	 
-2.04 	 0.0014937406747049667 	 9.977115682499268E-4 	 0.0014937406747049667 	 9.977115682499268E-4 	 0.0014937406747049667 	 9.977115682499268E-4 	 0.0014937406747049667 	 9.977115682499268E-4 	 5.497031486270442E-4 	 0.0022447581611078557 	 5.497031486270442E-4 	 0.0022447581611078557 	 5.497031486270442E-4 	 0.0022447581611078557 	 5.497031486270442E-4 	 0.0022447581611078557 	 
-2.016 	 0.0013315078970911008 	 0.0012296711891954313 	 0.0013315078970911008 	 0.0012296711891954313 	 0.0013315078970911008 	 0.0012296711891954313 	 0.0013315078970911008 	 0.0012296711891954313 	 5.608446067023085E-4 	 0.0020628904984530336 	 5.608446067023085E-4 	 0.0020628904984530336 	 5.608446067023085E-4 	 0.0020628904984530336 	 5.608446067023085E-4 	 0.0020628904984530336 	 
-1.992 	 0.002054071994173074 	 0.00217707131814966 	 0.002054071994173074 	 0.00217707131814966 	 0.002054071994173074 	 0.00217707131814966 	 0.002054071994173074 	 0.00217707131814966 	 5.113192204116932E-4 	 0.0026302921398286528 	 5.113192204116932E-4 	 0.0026302921398286528 	 5.113192204116932E-4 	 0.0026302921398286528 	 5.113192204116932E-4 	 0.0026302921398286528 	 
-1.968 	 0.002332076059149786 	 0.0024158133783541923 	 0.002332076059149786 	 0.0024158133783541923 	 0.002332076059149786 	 0.0024158133783541923 	 0.002332076059149786 	 0.0024158133783541923 	 5.710148852090196E-4 	 0.0028458457495096983 	 5.710148852090196E-4 	 0.0028458457495096983 	 5.710148852090196E-4 	 0.0028458457495096983 	 5.710148852090196E-4 	 0.0028458457495096983 	 
-1.944 	 0.0010626068938022592 	 7.569412409198516E-4 	 0.0010626068938022592 	 7.569412409198516E-4 	 0.0010626068938022592 	 7.569412409198516E-4 	 0.0010626068938022592 	 7.569412409198516E-4 	 6.204388277316629E-4 	 0.0016757710241466564 	 6.204388277316629E-4 	 0.0016757710241466564 	 6.204388277316629E-4 	 0.0016757710241466564 	 6.204388277316629E-4 	 0.0016757710241466564 	 
-1.92 	 9.950016918380679E-4 	 9.898182219824758E-4 	 9.950016918380679E-4 	 9.898182219824758E-4 	 9.950016918380679E-4 	 9.898182219824758E-4 	 9.950016918380679E-4 	 9.898182219824758E-4 	 6.79920956843027E-4 	 0.0015763587408143722 	 6.79920956843027E-4 	 0.0015763587408143722 	 6.79920956843027E-4 	 0.0015763587408143722 	 6.79920956843027E-4 	 0.0015763587408143722 	 
-1.896 	 4.174476126130431E-4 	 2.8007552200269163E-4 	 4.174476126130431E-4 	 2.8007552200269163E-4 	 4.174476126130431E-4 	 2.8007552200269163E-4 	 4.174476126130431E-4 	 2.8007552200269163E-4 	 7.066678796064603E-4 	 0.0010077597760963025 	 7.066678796064603E-4 	 0.0010077597760963025 	 7.066678796064603E-4 	 0.0010077597760963025 	 7.066678796064603E-4 	 0.0010077597760963025 	 
-1.8719999999999999 	 4.920164510157027E-4 	 5.157078721633928E-4 	 4.920164510157027E-4 	 5.157078721633928E-4 	 4.920164510157027E-4 	 5.157078721633928E-4 	 4.920164510157027E-4 	 5.157078721633928E-4 	 7.386261320436672E-4 	 0.0010401272807090893 	 7.386261320436672E-4 	 0.0010401272807090893 	 7.386261320436672E-4 	 0.0010401272807090893 	 7.386261320436672E-4 	 0.0010401272807090893 	 
-1.8479999999999999 	 7.332180674865868E-4 	 7.559650816180539E-4 	 7.332180674865868E-4 	 7.559650816180539E-4 	 7.332180674865868E-4 	 7.559650816180539E-4 	 7.332180674865868E-4 	 7.559650816180539E-4 	 7.773635414791618E-4 	 0.0012204019096195059 	 7.773635414791618E-4 	 0.0012204019096195059 	 7.773635414791618E-4 	 0.0012204019096195059 	 7.773635414791618E-4 	 0.0012204019096195059 	 
-1.824 	 2.0405529005104047E-4 	 4.5713303106965885E-5 	 2.0405529005104047E-4 	 4.5713303106965885E-5 	 2.0405529005104047E-4 	 4.5713303106965885E-5 	 2.0405529005104047E-4 	 4.5713303106965885E-5 	 8.015785732445399E-4 	 7.296419848468015E-4 	 8.015785732445399E-4 	 7.296419848468015E-4 	 8.015785732445399E-4 	 7.296419848468015E-4 	 8.015785732445399E-4 	 7.296419848468015E-4 	 
-1.8 	 4.6526193001312615E-4 	 5.194481103207351E-4 	 4.6526193001312615E-4 	 5.194481103207351E-4 	 4.6526193001312615E-4 	 5.194481103207351E-4 	 4.6526193001312615E-4 	 5.194481103207351E-4 	 8.444212767064474E-4 	 9.473865600143648E-4 	 8.444212767064474E-4 	 9.473865600143648E-4 	 8.444212767064474E-4 	 9.473865600143648E-4 	 8.444212767064474E-4 	 9.473865600143648E-4 	 
-1.776 	 1.3352016797017833E-4 	 4.6955375306809245E-5 	 1.3352016797017833E-4 	 4.6955375306809245E-5 	 1.3352016797017833E-4 	 4.6955375306809245E-5 	 1.3352016797017833E-4 	 4.6955375306809245E-5 	 9.280119313445609E-4 	 6.314549214664585E-4 	 9.280119313445609E-4 	 6.314549214664585E-4 	 9.280119313445609E-4 	 6.314549214664585E-4 	 9.280119313445609E-4 	 6.314549214664585E-4 	 
-1.752 	 4.325034249975312E-4 	 5.184897029111829E-4 	 4.325034249975312E-4 	 5.184897029111829E-4 	 4.325034249975312E-4 	 5.184897029111829E-4 	 4.325034249975312E-4 	 5.184897029111829E-4 	 9.668123994912275E-4 	 8.851893990036725E-4 	 9.668123994912275E-4 	 8.851893990036725E-4 	 9.668123994912275E-4 	 8.851893990036725E-4 	 9.668123994912275E-4 	 8.851893990036725E-4 	 
-1.728 	 6.798806462775653E-4 	 7.559618744297807E-4 	 6.798806462775653E-4 	 7.559618744297807E-4 	 6.798806462775653E-4 	 7.559618744297807E-4 	 6.798806462775653E-4 	 7.559618744297807E-4 	 0.0010681104892570038 	 0.0010689862001355243 	 0.0010681104892570038 	 0.0010689862001355243 	 0.0010681104892570038 	 0.0010689862001355243 	 0.0010681104892570038 	 0.0010689862001355243 	 
-1.704 	 5.32424855963881E-4 	 5.189279045533411E-4 	 5.32424855963881E-4 	 5.189279045533411E-4 	 5.32424855963881E-4 	 5.189279045533411E-4 	 5.32424855963881E-4 	 5.189279045533411E-4 	 0.0010855539771732728 	 9.33396302657212E-4 	 0.0010855539771732728 	 9.33396302657212E-4 	 0.0010855539771732728 	 9.33396302657212E-4 	 0.0010855539771732728 	 9.33396302657212E-4 	 
-1.68 	 1.1989648744938354E-4 	 4.198742772469721E-5 	 1.1989648744938354E-4 	 4.198742772469721E-5 	 1.1989648744938354E-4 	 4.198742772469721E-5 	 1.1989648744938354E-4 	 4.198742772469721E-5 	 0.0011888913743777682 	 5.492786895183452E-4 	 0.0011888913743777682 	 5.492786895183452E-4 	 0.0011888913743777682 	 5.492786895183452E-4 	 0.0011888913743777682 	 5.492786895183452E-4 	 
-1.656 	 2.2621626163355337E-4 	 2.772044856897881E-4 	 2.2621626163355337E-4 	 2.772044856897881E-4 	 2.2621626163355337E-4 	 2.772044856897881E-4 	 2.2621626163355337E-4 	 2.772044856897881E-4 	 0.0012499667252742607 	 6.244078569069961E-4 	 0.0012499667252742607 	 6.244078569069961E-4 	 0.0012499667252742607 	 6.244078569069961E-4 	 0.0012499667252742607 	 6.244078569069961E-4 	 
-1.632 	 6.237770482606014E-5 	 3.830157916625021E-5 	 6.237770482606014E-5 	 3.830157916625021E-5 	 6.237770482606014E-5 	 3.830157916625021E-5 	 6.237770482606014E-5 	 3.830157916625021E-5 	 0.0013399455573405714 	 4.6006652432255805E-4 	 0.0013399455573405714 	 4.6006652432255805E-4 	 0.0013399455573405714 	 4.6006652432255805E-4 	 0.0013399455573405714 	 4.6006652432255805E-4 	 
-1.6079999999999999 	 2.1537601870369084E-4 	 2.7228440939276597E-4 	 2.1537601870369084E-4 	 2.7228440939276597E-4 	 2.1537601870369084E-4 	 2.7228440939276597E-4 	 2.1537601870369084E-4 	 2.7228440939276597E-4 	 0.0014066399279739896 	 5.854300199977691E-4 	 0.0014066399279739896 	 5.854300199977691E-4 	 0.0014066399279739896 	 5.854300199977691E-4 	 0.0014066399279739896 	 5.854300199977691E-4 	 
-1.584 	 5.774893946229266E-5 	 3.418352179740014E-5 	 5.774893946229266E-5 	 3.418352179740014E-5 	 5.774893946229266E-5 	 3.418352179740014E-5 	 5.774893946229266E-5 	 3.418352179740014E-5 	 0.001460797073579095 	 4.3317930591293773E-4 	 0.001460797073579095 	 4.3317930591293773E-4 	 0.001460797073579095 	 4.3317930591293773E-4 	 0.001460797073579095 	 4.3317930591293773E-4 	 
-1.56 	 4.0342644459455976E-4 	 5.060026673926541E-4 	 4.0342644459455976E-4 	 5.060026673926541E-4 	 4.0342644459455976E-4 	 5.060026673926541E-4 	 4.0342644459455976E-4 	 5.060026673926541E-4 	 0.0015404199457547604 	 7.322265740866292E-4 	 0.0015404199457547604 	 7.322265740866292E-4 	 0.0015404199457547604 	 7.322265740866292E-4 	 0.0015404199457547604 	 7.322265740866292E-4 	 
-1.536 	 2.8713451021312655E-4 	 2.6968010233068104E-4 	 2.8713451021312655E-4 	 2.6968010233068104E-4 	 2.8713451021312655E-4 	 2.6968010233068104E-4 	 2.8713451021312655E-4 	 2.6968010233068104E-4 	 0.0016660900422118493 	 6.262670925085767E-4 	 0.0016660900422118493 	 6.262670925085767E-4 	 0.0016660900422118493 	 6.262670925085767E-4 	 0.0016660900422118493 	 6.262670925085767E-4 	 
-1.512 	 6.2688649754965E-5 	 3.0007608060086517E-5 	 6.2688649754965E-5 	 3.0007608060086517E-5 	 6.2688649754965E-5 	 3.0007608060086517E-5 	 6.2688649754965E-5 	 3.0007608060086517E-5 	 0.0017649223683798645 	 4.2079662817927365E-4 	 0.0017649223683798645 	 4.2079662817927365E-4 	 0.0017649223683798645 	 4.2079662817927365E-4 	 0.0017649223683798645 	 4.2079662817927365E-4 	 
-1.488 	 3.956411061104088E-4 	 5.035487857698828E-4 	 3.956411061104088E-4 	 5.035487857698828E-4 	 3.956411061104088E-4 	 5.035487857698828E-4 	 3.956411061104088E-4 	 5.035487857698828E-4 	 0.0018730241630752766 	 7.196233383932622E-4 	 0.0018730241630752766 	 7.196233383932622E-4 	 0.0018730241630752766 	 7.196233383932622E-4 	 0.0018730241630752766 	 7.196233383932622E-4 	 
-1.464 	 2.688749354678942E-4 	 2.6531460990327567E-4 	 2.688749354678942E-4 	 2.6531460990327567E-4 	 2.688749354678942E-4 	 2.6531460990327567E-4 	 2.688749354678942E-4 	 2.6531460990327567E-4 	 0.002020345478275511 	 5.847647603838458E-4 	 0.002020345478275511 	 5.847647603838458E-4 	 0.002020345478275511 	 5.847647603838458E-4 	 0.002020345478275511 	 5.847647603838458E-4 	 
-1.44 	 5.2134723367638195E-5 	 2.834657339176167E-5 	 5.2134723367638195E-5 	 2.834657339176167E-5 	 5.2134723367638195E-5 	 2.834657339176167E-5 	 5.2134723367638195E-5 	 2.834657339176167E-5 	 0.002191495554151759 	 3.907001493420378E-4 	 0.002191495554151759 	 3.907001493420378E-4 	 0.002191495554151759 	 3.907001493420378E-4 	 0.002191495554151759 	 3.907001493420378E-4 	 
-1.416 	 2.1062369328765464E-4 	 2.659432942742584E-4 	 2.1062369328765464E-4 	 2.659432942742584E-4 	 2.1062369328765464E-4 	 2.659432942742584E-4 	 2.1062369328765464E-4 	 2.659432942742584E-4 	 0.0023964202156057384 	 5.28799185306625E-4 	 0.0023964202156057384 	 5.28799185306625E-4 	 0.0023964202156057384 	 5.28799185306625E-4 	 0.0023964202156057384 	 5.28799185306625E-4 	 
-1.392 	 6.12962627013462E-5 	 2.8067881717959767E-5 	 6.12962627013462E-5 	 2.8067881717959767E-5 	 6.12962627013462E-5 	 2.8067881717959767E-5 	 6.12962627013462E-5 	 2.8067881717959767E-5 	 0.0025005014995094317 	 3.795090607642E-4 	 0.0025005014995094317 	 3.795090607642E-4 	 0.0025005014995094317 	 3.795090607642E-4 	 0.0025005014995094317 	 3.795090607642E-4 	 
-1.3679999999999999 	 2.1346731125917475E-4 	 2.663180368394259E-4 	 2.1346731125917475E-4 	 2.663180368394259E-4 	 2.1346731125917475E-4 	 2.663180368394259E-4 	 2.1346731125917475E-4 	 2.663180368394259E-4 	 0.002786745878604637 	 5.263735978039909E-4 	 0.002786745878604637 	 5.263735978039909E-4 	 0.002786745878604637 	 5.263735978039909E-4 	 0.002786745878604637 	 5.263735978039909E-4 	 
-1.3439999999999999 	 5.582890263047097E-5 	 3.1826292553027935E-5 	 5.582890263047097E-5 	 3.1826292553027935E-5 	 5.582890263047097E-5 	 3.1826292553027935E-5 	 5.582890263047097E-5 	 3.1826292553027935E-5 	 0.0030959627294418405 	 3.787298047091286E-4 	 0.0030959627294418405 	 3.787298047091286E-4 	 0.0030959627294418405 	 3.787298047091286E-4 	 0.0030959627294418405 	 3.787298047091286E-4 	 
-1.32 	 2.043813436170968E-4 	 2.680688020979292E-4 	 2.043813436170968E-4 	 2.680688020979292E-4 	 2.043813436170968E-4 	 2.680688020979292E-4 	 2.043813436170968E-4 	 2.680688020979292E-4 	 0.003342249903949828 	 5.036707534465836E-4 	 0.003342249903949828 	 5.036707534465836E-4 	 0.003342249903949828 	 5.036707534465836E-4 	 0.003342249903949828 	 5.036707534465836E-4 	 
-1.296 	 4.4943816403024224E-5 	 3.218024779332508E-5 	 4.4943816403024224E-5 	 3.218024779332508E-5 	 4.4943816403024224E-5 	 3.218024779332508E-5 	 4.4943816403024224E-5 	 3.218024779332508E-5 	 0.0035957941506183162 	 3.4745933360551566E-4 	 0.0035957941506183162 	 3.4745933360551566E-4 	 0.0035957941506183162 	 3.4745933360551566E-4 	 0.0035957941506183162 	 3.4745933360551566E-4 	 
-1.272 	 1.3236774874380343E-5 	 3.3470649010026775E-5 	 1.3236774874380343E-5 	 3.3470649010026775E-5 	 1.3236774874380343E-5 	 3.3470649010026775E-5 	 1.3236774874380343E-5 	 3.3470649010026775E-5 	 0.004228780579637917 	 3.213952767786415E-4 	 0.004228780579637917 	 3.213952767786415E-4 	 0.004228780579637917 	 3.213952767786415E-4 	 0.004228780579637917 	 3.213952767786415E-4 	 
-1.248 	 2.0415773324509193E-5 	 3.490833761118817E-5 	 2.0415773324509193E-5 	 3.490833761118817E-5 	 2.0415773324509193E-5 	 3.490833761118817E-5 	 2.0415773324509193E-5 	 3.490833761118817E-5 	 0.004659130067156148 	 3.173216136771514E-4 	 0.004659130067156148 	 3.173216136771514E-4 	 0.004659130067156148 	 3.173216136771514E-4 	 0.004659130067156148 	 3.173216136771514E-4 	 
-1.224 	 2.139467960349326E-4 	 2.7418079839973116E-4 	 2.139467960349326E-4 	 2.7418079839973116E-4 	 2.139467960349326E-4 	 2.7418079839973116E-4 	 2.139467960349326E-4 	 2.7418079839973116E-4 	 0.005214983428943421 	 4.891277749101701E-4 	 0.005214983428943421 	 4.891277749101701E-4 	 0.005214983428943421 	 4.891277749101701E-4 	 0.005214983428943421 	 4.891277749101701E-4 	 
-1.2 	 2.4650166698386315E-4 	 2.7724391869369457E-4 	 2.4650166698386315E-4 	 2.7724391869369457E-4 	 2.4650166698386315E-4 	 2.7724391869369457E-4 	 2.4650166698386315E-4 	 2.7724391869369457E-4 	 0.0059351450139475395 	 5.218395929269655E-4 	 0.0059351450139475395 	 5.218395929269655E-4 	 0.0059351450139475395 	 5.218395929269655E-4 	 0.0059351450139475395 	 5.218395929269655E-4 	 
-1.176 	 2.425674408712676E-4 	 2.788722998304362E-4 	 2.425674408712676E-4 	 2.788722998304362E-4 	 2.425674408712676E-4 	 2.788722998304362E-4 	 2.425674408712676E-4 	 2.788722998304362E-4 	 0.00671485439810029 	 5.139867058010885E-4 	 0.00671485439810029 	 5.139867058010885E-4 	 0.00671485439810029 	 5.139867058010885E-4 	 0.00671485439810029 	 5.139867058010885E-4 	 
-1.152 	 5.376601709473612E-5 	 4.510541827816636E-5 	 5.376601709473612E-5 	 4.510541827816636E-5 	 5.376601709473612E-5 	 4.510541827816636E-5 	 5.376601709473612E-5 	 4.510541827816636E-5 	 0.00781646046237289 	 3.4921192570713794E-4 	 0.00781646046237289 	 3.4921192570713794E-4 	 0.00781646046237289 	 3.4921192570713794E-4 	 0.00781646046237289 	 3.4921192570713794E-4 	 
-1.128 	 1.8128981032379098E-5 	 4.6454161646875585E-5 	 1.8128981032379098E-5 	 4.6454161646875585E-5 	 1.8128981032379098E-5 	 4.6454161646875585E-5 	 1.8128981032379098E-5 	 4.6454161646875585E-5 	 0.009020876497299228 	 3.0273629058698125E-4 	 0.009020876497299228 	 3.0273629058698125E-4 	 0.009020876497299228 	 3.0273629058698125E-4 	 0.009020876497299228 	 3.0273629058698125E-4 	 
-1.1039999999999999 	 1.3973142515057713E-5 	 5.1547855810268666E-5 	 1.3973142515057713E-5 	 5.1547855810268666E-5 	 1.3973142515057713E-5 	 5.1547855810268666E-5 	 1.3973142515057713E-5 	 5.1547855810268666E-5 	 0.010636422256712684 	 3.007772553654713E-4 	 0.010636422256712684 	 3.007772553654713E-4 	 0.010636422256712684 	 3.007772553654713E-4 	 0.010636422256712684 	 3.007772553654713E-4 	 
-1.08 	 2.6089625758838193E-5 	 5.5858662225569214E-5 	 2.6089625758838193E-5 	 5.5858662225569214E-5 	 2.6089625758838193E-5 	 5.5858662225569214E-5 	 2.6089625758838193E-5 	 5.5858662225569214E-5 	 0.012409501965605198 	 3.0638506835024105E-4 	 0.012409501965605198 	 3.0638506835024105E-4 	 0.012409501965605198 	 3.0638506835024105E-4 	 0.012409501965605198 	 3.0638506835024105E-4 	 
-1.056 	 2.353258221698133E-5 	 5.845007178913913E-5 	 2.353258221698133E-5 	 5.845007178913913E-5 	 2.353258221698133E-5 	 5.845007178913913E-5 	 2.353258221698133E-5 	 5.845007178913913E-5 	 0.014607102016267956 	 3.0404244000496245E-4 	 0.014607102016267956 	 3.0404244000496245E-4 	 0.014607102016267956 	 3.0404244000496245E-4 	 0.014607102016267956 	 3.0404244000496245E-4 	 
-1.032 	 2.078759593445526E-4 	 2.988384774297329E-4 	 2.078759593445526E-4 	 2.988384774297329E-4 	 2.078759593445526E-4 	 2.988384774297329E-4 	 2.078759593445526E-4 	 2.988384774297329E-4 	 0.017248381145706346 	 4.74317123048911E-4 	 0.017248381145706346 	 4.74317123048911E-4 	 0.017248381145706346 	 4.74317123048911E-4 	 0.017248381145706346 	 4.74317123048911E-4 	 
-1.008 	 5.8522096866089585E-5 	 7.051509524465697E-5 	 5.8522096866089585E-5 	 7.051509524465697E-5 	 5.8522096866089585E-5 	 7.051509524465697E-5 	 5.8522096866089585E-5 	 7.051509524465697E-5 	 0.02023395811996622 	 3.4301414434265707E-4 	 0.02023395811996622 	 3.4301414434265707E-4 	 0.02023395811996622 	 3.4301414434265707E-4 	 0.02023395811996622 	 3.4301414434265707E-4 	 
-0.984 	 2.9784193402900653E-5 	 7.368776938928095E-5 	 2.9784193402900653E-5 	 7.368776938928095E-5 	 2.9784193402900653E-5 	 7.368776938928095E-5 	 2.9784193402900653E-5 	 7.368776938928095E-5 	 0.02370378269395399 	 3.192801652379137E-4 	 0.02370378269395399 	 3.192801652379137E-4 	 0.02370378269395399 	 3.192801652379137E-4 	 0.02370378269395399 	 3.192801652379137E-4 	 
-0.96 	 3.0461152511666628E-5 	 8.018984863979648E-5 	 3.0461152511666628E-5 	 8.018984863979648E-5 	 3.0461152511666628E-5 	 8.018984863979648E-5 	 3.0461152511666628E-5 	 8.018984863979648E-5 	 0.02772707318054884 	 3.2089720961713376E-4 	 0.02772707318054884 	 3.2089720961713376E-4 	 0.02772707318054884 	 3.2089720961713376E-4 	 0.02772707318054884 	 3.2089720961713376E-4 	 
-0.9359999999999999 	 3.657753820567717E-5 	 8.881955317311574E-5 	 3.657753820567717E-5 	 8.881955317311574E-5 	 3.657753820567717E-5 	 8.881955317311574E-5 	 3.657753820567717E-5 	 8.881955317311574E-5 	 0.03169235918599355 	 3.32825149608337E-4 	 0.03169235918599355 	 3.32825149608337E-4 	 0.03169235918599355 	 3.32825149608337E-4 	 0.03169235918599355 	 3.32825149608337E-4 	 
-0.9119999999999999 	 4.304986803130646E-5 	 9.705399000815927E-5 	 4.304986803130646E-5 	 9.705399000815927E-5 	 4.304986803130646E-5 	 9.705399000815927E-5 	 4.304986803130646E-5 	 9.705399000815927E-5 	 0.03656426795007639 	 3.4607079085497783E-4 	 0.03656426795007639 	 3.4607079085497783E-4 	 0.03656426795007639 	 3.4607079085497783E-4 	 0.03656426795007639 	 3.4607079085497783E-4 	 
-0.8879999999999999 	 5.089726750679474E-5 	 1.0477680945189452E-4 	 5.089726750679474E-5 	 1.0477680945189452E-4 	 5.089726750679474E-5 	 1.0477680945189452E-4 	 5.089726750679474E-5 	 1.0477680945189452E-4 	 0.04066364261316031 	 3.5707276509627946E-4 	 0.04066364261316031 	 3.5707276509627946E-4 	 0.04066364261316031 	 3.5707276509627946E-4 	 0.04066364261316031 	 3.5707276509627946E-4 	 
-0.8639999999999999 	 6.0163906663257526E-5 	 1.1484871493246533E-4 	 6.0163906663257526E-5 	 1.1484871493246533E-4 	 6.0163906663257526E-5 	 1.1484871493246533E-4 	 6.0163906663257526E-5 	 1.1484871493246533E-4 	 0.044644481525826826 	 3.7754010494258657E-4 	 0.044644481525826826 	 3.7754010494258657E-4 	 0.044644481525826826 	 3.7754010494258657E-4 	 0.044644481525826826 	 3.7754010494258657E-4 	 
-0.8399999999999999 	 7.328547029333496E-5 	 1.2422512999545328E-4 	 7.328547029333496E-5 	 1.2422512999545328E-4 	 7.328547029333496E-5 	 1.2422512999545328E-4 	 7.328547029333496E-5 	 1.2422512999545328E-4 	 0.04784084658838059 	 3.8710997951202554E-4 	 0.04784084658838059 	 3.8710997951202554E-4 	 0.04784084658838059 	 3.8710997951202554E-4 	 0.04784084658838059 	 3.8710997951202554E-4 	 
-0.8159999999999998 	 7.680406757384435E-5 	 1.2672787407284986E-4 	 7.680406757384435E-5 	 1.2672787407284986E-4 	 7.680406757384435E-5 	 1.2672787407284986E-4 	 7.680406757384435E-5 	 1.2672787407284986E-4 	 0.050251626220131254 	 3.968561364877768E-4 	 0.050251626220131254 	 3.968561364877768E-4 	 0.050251626220131254 	 3.968561364877768E-4 	 0.050251626220131254 	 3.968561364877768E-4 	 
-0.7919999999999998 	 8.549855893746021E-5 	 1.3686826812660027E-4 	 8.549855893746021E-5 	 1.3686826812660027E-4 	 8.549855893746021E-5 	 1.3686826812660027E-4 	 8.549855893746021E-5 	 1.3686826812660027E-4 	 0.05184389911682326 	 4.0366463591347317E-4 	 0.05184389911682326 	 4.0366463591347317E-4 	 0.05184389911682326 	 4.0366463591347317E-4 	 0.05184389911682326 	 4.0366463591347317E-4 	 
-0.7679999999999998 	 8.912693675076279E-5 	 1.4036107559895595E-4 	 8.912693675076279E-5 	 1.4036107559895595E-4 	 8.912693675076279E-5 	 1.4036107559895595E-4 	 8.912693675076279E-5 	 1.4036107559895595E-4 	 0.05109403865813662 	 3.9385994106005723E-4 	 0.05109403865813662 	 3.9385994106005723E-4 	 0.05109403865813662 	 3.9385994106005723E-4 	 0.05109403865813662 	 3.9385994106005723E-4 	 
-0.7439999999999998 	 2.732875275707466E-4 	 3.712262441361032E-4 	 2.732875275707466E-4 	 3.712262441361032E-4 	 2.732875275707466E-4 	 3.712262441361032E-4 	 2.732875275707466E-4 	 3.712262441361032E-4 	 0.04921554491128568 	 5.423772194580397E-4 	 0.04921554491128568 	 5.423772194580397E-4 	 0.04921554491128568 	 5.423772194580397E-4 	 0.04921554491128568 	 5.423772194580397E-4 	 
-0.7199999999999998 	 1.207969468827851E-4 	 1.3135675456387385E-4 	 1.207969468827851E-4 	 1.3135675456387385E-4 	 1.207969468827851E-4 	 1.3135675456387385E-4 	 1.207969468827851E-4 	 1.3135675456387385E-4 	 0.04689548455180983 	 3.8618752105972306E-4 	 0.04689548455180983 	 3.8618752105972306E-4 	 0.04689548455180983 	 3.8618752105972306E-4 	 0.04689548455180983 	 3.8618752105972306E-4 	 
-0.6959999999999997 	 8.674563056071882E-5 	 1.2335985818742712E-4 	 8.674563056071882E-5 	 1.2335985818742712E-4 	 8.674563056071882E-5 	 1.2335985818742712E-4 	 8.674563056071882E-5 	 1.2335985818742712E-4 	 0.04387624897470539 	 3.3425656940979216E-4 	 0.04387624897470539 	 3.3425656940979216E-4 	 0.04387624897470539 	 3.3425656940979216E-4 	 0.04387624897470539 	 3.3425656940979216E-4 	 
-0.6720000000000002 	 8.008286849397621E-5 	 1.1539115133976068E-4 	 8.008286849397621E-5 	 1.1539115133976068E-4 	 8.008286849397621E-5 	 1.1539115133976068E-4 	 8.008286849397621E-5 	 1.1539115133976068E-4 	 0.040306557092743216 	 3.0886519248615567E-4 	 0.040306557092743216 	 3.0886519248615567E-4 	 0.040306557092743216 	 3.0886519248615567E-4 	 0.040306557092743216 	 3.0886519248615567E-4 	 
-0.6480000000000001 	 7.563569107107004E-5 	 1.0925137047335958E-4 	 7.563569107107004E-5 	 1.0925137047335958E-4 	 7.563569107107004E-5 	 1.0925137047335958E-4 	 7.563569107107004E-5 	 1.0925137047335958E-4 	 0.03607067837281071 	 2.7791278501197936E-4 	 0.03607067837281071 	 2.7791278501197936E-4 	 0.03607067837281071 	 2.7791278501197936E-4 	 0.03607067837281071 	 2.7791278501197936E-4 	 
-0.6240000000000001 	 6.650319860028396E-5 	 9.500610731262598E-5 	 6.650319860028396E-5 	 9.500610731262598E-5 	 6.650319860028396E-5 	 9.500610731262598E-5 	 6.650319860028396E-5 	 9.500610731262598E-5 	 0.031166470386181977 	 2.388526634086025E-4 	 0.031166470386181977 	 2.388526634086025E-4 	 0.031166470386181977 	 2.388526634086025E-4 	 0.031166470386181977 	 2.388526634086025E-4 	 
-0.6000000000000001 	 5.839106808950737E-5 	 8.253203172511361E-5 	 5.839106808950737E-5 	 8.253203172511361E-5 	 5.839106808950737E-5 	 8.253203172511361E-5 	 5.839106808950737E-5 	 8.253203172511361E-5 	 0.026949376020126592 	 2.0950215392536106E-4 	 0.026949376020126592 	 2.0950215392536106E-4 	 0.026949376020126592 	 2.0950215392536106E-4 	 0.026949376020126592 	 2.0950215392536106E-4 	 
-0.5760000000000001 	 5.0978291185678636E-5 	 7.217550664250783E-5 	 5.0978291185678636E-5 	 7.217550664250783E-5 	 5.0978291185678636E-5 	 7.217550664250783E-5 	 5.0978291185678636E-5 	 7.217550664250783E-5 	 0.02259856776277697 	 1.78460719716424E-4 	 0.02259856776277697 	 1.78460719716424E-4 	 0.02259856776277697 	 1.78460719716424E-4 	 0.02259856776277697 	 1.78460719716424E-4 	 
-0.552 	 4.215155680382067E-5 	 5.945055997080701E-5 	 4.215155680382067E-5 	 5.945055997080701E-5 	 4.215155680382067E-5 	 5.945055997080701E-5 	 4.215155680382067E-5 	 5.945055997080701E-5 	 0.01906598349837145 	 1.4758901369314446E-4 	 0.01906598349837145 	 1.4758901369314446E-4 	 0.01906598349837145 	 1.4758901369314446E-4 	 0.01906598349837145 	 1.4758901369314446E-4 	 
-0.528 	 3.585597063676785E-5 	 5.074811916445844E-5 	 3.585597063676785E-5 	 5.074811916445844E-5 	 3.585597063676785E-5 	 5.074811916445844E-5 	 3.585597063676785E-5 	 5.074811916445844E-5 	 0.01574039708009904 	 1.2557325533187587E-4 	 0.01574039708009904 	 1.2557325533187587E-4 	 0.01574039708009904 	 1.2557325533187587E-4 	 0.01574039708009904 	 1.2557325533187587E-4 	 
-0.504 	 3.0263269470739445E-5 	 4.1925908490240335E-5 	 3.0263269470739445E-5 	 4.1925908490240335E-5 	 3.0263269470739445E-5 	 4.1925908490240335E-5 	 3.0263269470739445E-5 	 4.1925908490240335E-5 	 0.013055016092603868 	 1.0455266512310595E-4 	 0.013055016092603868 	 1.0455266512310595E-4 	 0.013055016092603868 	 1.0455266512310595E-4 	 0.013055016092603868 	 1.0455266512310595E-4 	 
-0.48 	 2.528057587329283E-5 	 3.6309426387058325E-5 	 2.528057587329283E-5 	 3.6309426387058325E-5 	 2.528057587329283E-5 	 3.6309426387058325E-5 	 2.528057587329283E-5 	 3.6309426387058325E-5 	 0.01050827992413224 	 8.540166830849511E-5 	 0.01050827992413224 	 8.540166830849511E-5 	 0.01050827992413224 	 8.540166830849511E-5 	 0.01050827992413224 	 8.540166830849511E-5 	 
-0.45599999999999996 	 1.8842859301968696E-5 	 2.632392832785646E-5 	 1.8842859301968696E-5 	 2.632392832785646E-5 	 1.8842859301968696E-5 	 2.632392832785646E-5 	 1.8842859301968696E-5 	 2.632392832785646E-5 	 0.008422358886376026 	 6.65914462219065E-5 	 0.008422358886376026 	 6.65914462219065E-5 	 0.008422358886376026 	 6.65914462219065E-5 	 0.008422358886376026 	 6.65914462219065E-5 	 
-0.43199999999999994 	 1.6218400851517957E-5 	 2.3291302174300404E-5 	 1.6218400851517957E-5 	 2.3291302174300404E-5 	 1.6218400851517957E-5 	 2.3291302174300404E-5 	 1.6218400851517957E-5 	 2.3291302174300404E-5 	 0.007013546848248416 	 5.69932984835756E-5 	 0.007013546848248416 	 5.69932984835756E-5 	 0.007013546848248416 	 5.69932984835756E-5 	 0.007013546848248416 	 5.69932984835756E-5 	 
-0.4079999999999999 	 1.2371278441339217E-5 	 1.8366203260439065E-5 	 1.2371278441339217E-5 	 1.8366203260439065E-5 	 1.2371278441339217E-5 	 1.8366203260439065E-5 	 1.2371278441339217E-5 	 1.8366203260439065E-5 	 0.005846320676165503 	 4.5511856344097045E-5 	 0.005846320676165503 	 4.5511856344097045E-5 	 0.005846320676165503 	 4.5511856344097045E-5 	 0.005846320676165503 	 4.5511856344097045E-5 	 
-0.3839999999999999 	 1.0208059241693676E-5 	 1.4821575126803538E-5 	 1.0208059241693676E-5 	 1.4821575126803538E-5 	 1.0208059241693676E-5 	 1.4821575126803538E-5 	 1.0208059241693676E-5 	 1.4821575126803538E-5 	 0.00510148505856135 	 3.920517949875454E-5 	 0.00510148505856135 	 3.920517949875454E-5 	 0.00510148505856135 	 3.920517949875454E-5 	 0.00510148505856135 	 3.920517949875454E-5 	 
-0.3599999999999999 	 9.768380210453501E-6 	 1.3656644580286949E-5 	 9.768380210453501E-6 	 1.3656644580286949E-5 	 9.768380210453501E-6 	 1.3656644580286949E-5 	 9.768380210453501E-6 	 1.3656644580286949E-5 	 0.00449279778894809 	 3.523427466961439E-5 	 0.00449279778894809 	 3.523427466961439E-5 	 0.00449279778894809 	 3.523427466961439E-5 	 0.00449279778894809 	 3.523427466961439E-5 	 
-0.33599999999999985 	 8.578788941489632E-6 	 1.2380916019183684E-5 	 8.578788941489632E-6 	 1.2380916019183684E-5 	 8.578788941489632E-6 	 1.2380916019183684E-5 	 8.578788941489632E-6 	 1.2380916019183684E-5 	 0.0038628611053281715 	 3.168986961728997E-5 	 0.0038628611053281715 	 3.168986961728997E-5 	 0.0038628611053281715 	 3.168986961728997E-5 	 0.0038628611053281715 	 3.168986961728997E-5 	 
-0.31199999999999983 	 7.038846889608445E-6 	 1.0132572422914001E-5 	 7.038846889608445E-6 	 1.0132572422914001E-5 	 7.038846889608445E-6 	 1.0132572422914001E-5 	 7.038846889608445E-6 	 1.0132572422914001E-5 	 0.0031724538470216455 	 2.5219707618276597E-5 	 0.0031724538470216455 	 2.5219707618276597E-5 	 0.0031724538470216455 	 2.5219707618276597E-5 	 0.0031724538470216455 	 2.5219707618276597E-5 	 
-0.2879999999999998 	 6.261743201685705E-6 	 8.656557228335156E-6 	 6.261743201685705E-6 	 8.656557228335156E-6 	 6.261743201685705E-6 	 8.656557228335156E-6 	 6.261743201685705E-6 	 8.656557228335156E-6 	 0.00270727661204638 	 2.2000895737559212E-5 	 0.00270727661204638 	 2.2000895737559212E-5 	 0.00270727661204638 	 2.2000895737559212E-5 	 0.00270727661204638 	 2.2000895737559212E-5 	 
-0.2639999999999998 	 5.2695550287230056E-6 	 7.761560393881719E-6 	 5.2695550287230056E-6 	 7.761560393881719E-6 	 5.2695550287230056E-6 	 7.761560393881719E-6 	 5.2695550287230056E-6 	 7.761560393881719E-6 	 0.0021136231599744584 	 1.799802115469053E-5 	 0.0021136231599744584 	 1.799802115469053E-5 	 0.0021136231599744584 	 1.799802115469053E-5 	 0.0021136231599744584 	 1.799802115469053E-5 	 
-0.23999999999999977 	 3.723981131959064E-6 	 5.359315930441102E-6 	 3.723981131959064E-6 	 5.359315930441102E-6 	 3.723981131959064E-6 	 5.359315930441102E-6 	 3.723981131959064E-6 	 5.359315930441102E-6 	 0.001658434174813025 	 1.396785746854628E-5 	 0.001658434174813025 	 1.396785746854628E-5 	 0.001658434174813025 	 1.396785746854628E-5 	 0.001658434174813025 	 1.396785746854628E-5 	 
-0.21599999999999975 	 3.0749117458919254E-6 	 4.761888496223486E-6 	 3.0749117458919254E-6 	 4.761888496223486E-6 	 3.0749117458919254E-6 	 4.761888496223486E-6 	 3.0749117458919254E-6 	 4.761888496223486E-6 	 0.001492278771318286 	 1.1279053874639338E-5 	 0.001492278771318286 	 1.1279053874639338E-5 	 0.001492278771318286 	 1.1279053874639338E-5 	 0.001492278771318286 	 1.1279053874639338E-5 	 
-0.19199999999999973 	 2.328267805238411E-6 	 3.4324968505874546E-6 	 2.328267805238411E-6 	 3.4324968505874546E-6 	 2.328267805238411E-6 	 3.4324968505874546E-6 	 2.328267805238411E-6 	 3.4324968505874546E-6 	 0.0012148079136666146 	 9.869565265967299E-6 	 0.0012148079136666146 	 9.869565265967299E-6 	 0.0012148079136666146 	 9.869565265967299E-6 	 0.0012148079136666146 	 9.869565265967299E-6 	 
-0.16800000000000015 	 2.3812771618535636E-6 	 3.584705979597843E-6 	 2.3812771618535636E-6 	 3.584705979597843E-6 	 2.3812771618535636E-6 	 3.584705979597843E-6 	 2.3812771618535636E-6 	 3.584705979597843E-6 	 0.0012218574108236663 	 9.508204756489719E-6 	 0.0012218574108236663 	 9.508204756489719E-6 	 0.0012218574108236663 	 9.508204756489719E-6 	 0.0012218574108236663 	 9.508204756489719E-6 	 
-0.14400000000000013 	 1.9031877585083825E-6 	 3.2073117952350583E-6 	 1.9031877585083825E-6 	 3.2073117952350583E-6 	 1.9031877585083825E-6 	 3.2073117952350583E-6 	 1.9031877585083825E-6 	 3.2073117952350583E-6 	 0.0010548418564194446 	 7.601390667324276E-6 	 0.0010548418564194446 	 7.601390667324276E-6 	 0.0010548418564194446 	 7.601390667324276E-6 	 0.0010548418564194446 	 7.601390667324276E-6 	 
-0.1200000000000001 	 1.6588003517055056E-6 	 2.122924365341179E-6 	 1.6588003517055056E-6 	 2.122924365341179E-6 	 1.6588003517055056E-6 	 2.122924365341179E-6 	 1.6588003517055056E-6 	 2.122924365341179E-6 	 0.0010492951900068946 	 7.72009156125478E-6 	 0.0010492951900068946 	 7.72009156125478E-6 	 0.0010492951900068946 	 7.72009156125478E-6 	 0.0010492951900068946 	 7.72009156125478E-6 	 
-0.09600000000000009 	 2.6051462008126215E-6 	 3.734120307175519E-6 	 2.6051462008126215E-6 	 3.734120307175519E-6 	 2.6051462008126215E-6 	 3.734120307175519E-6 	 2.6051462008126215E-6 	 3.734120307175519E-6 	 9.369428237483648E-4 	 8.1263849022822E-6 	 9.369428237483648E-4 	 8.1263849022822E-6 	 9.369428237483648E-4 	 8.1263849022822E-6 	 9.369428237483648E-4 	 8.1263849022822E-6 	 
-0.07200000000000006 	 1.5360522579262239E-6 	 2.4194453795766914E-6 	 1.5360522579262239E-6 	 2.4194453795766914E-6 	 1.5360522579262239E-6 	 2.4194453795766914E-6 	 1.5360522579262239E-6 	 2.4194453795766914E-6 	 7.291858520516557E-4 	 5.519423354789234E-6 	 7.291858520516557E-4 	 5.519423354789234E-6 	 7.291858520516557E-4 	 5.519423354789234E-6 	 7.291858520516557E-4 	 5.519423354789234E-6 	 
-0.04800000000000004 	 1.150958846994058E-6 	 1.6016005555128251E-6 	 1.150958846994058E-6 	 1.6016005555128251E-6 	 1.150958846994058E-6 	 1.6016005555128251E-6 	 1.150958846994058E-6 	 1.6016005555128251E-6 	 5.678285161234026E-4 	 4.189149286955324E-6 	 5.678285161234026E-4 	 4.189149286955324E-6 	 5.678285161234026E-4 	 4.189149286955324E-6 	 5.678285161234026E-4 	 4.189149286955324E-6 	 
-0.02400000000000002 	 1.0980591238912137E-6 	 1.6297028072637442E-6 	 1.0980591238912137E-6 	 1.6297028072637442E-6 	 1.0980591238912137E-6 	 1.6297028072637442E-6 	 1.0980591238912137E-6 	 1.6297028072637442E-6 	 5.87954545364887E-4 	 4.3382043181751825E-6 	 5.87954545364887E-4 	 4.3382043181751825E-6 	 5.87954545364887E-4 	 4.3382043181751825E-6 	 5.87954545364887E-4 	 4.3382043181751825E-6 	 
0.0 	 8.251028450625163E-7 	 1.3765652710279216E-6 	 8.251028450625163E-7 	 1.3765652710279216E-6 	 8.251028450625163E-7 	 1.3765652710279216E-6 	 8.251028450625163E-7 	 1.3765652710279216E-6 	 5.067329652365309E-4 	 3.4017997553051443E-6 	 5.067329652365309E-4 	 3.4017997553051443E-6 	 5.067329652365309E-4 	 3.4017997553051443E-6 	 5.067329652365309E-4 	 3.4017997553051443E-6 	 
0.02400000000000002 	 8.770876804738327E-7 	 1.1531436832431264E-6 	 8.770876804738327E-7 	 1.1531436832431264E-6 	 8.770876804738327E-7 	 1.1531436832431264E-6 	 8.770876804738327E-7 	 1.1531436832431264E-6 	 5.506164670106079E-4 	 3.903196841692958E-6 	 5.506164670106079E-4 	 3.903196841692958E-6 	 5.506164670106079E-4 	 3.903196841692958E-6 	 5.506164670106079E-4 	 3.903196841692958E-6 	 
0.04800000000000004 	 1.2595312534993597E-6 	 1.7744431612696537E-6 	 1.2595312534993597E-6 	 1.7744431612696537E-6 	 1.2595312534993597E-6 	 1.7744431612696537E-6 	 1.2595312534993597E-6 	 1.7744431612696537E-6 	 4.757013866858369E-4 	 3.6184546032103894E-6 	 4.757013866858369E-4 	 3.6184546032103894E-6 	 4.757013866858369E-4 	 3.6184546032103894E-6 	 4.757013866858369E-4 	 3.6184546032103894E-6 	 
0.07200000000000006 	 7.515841344876042E-7 	 1.0513508628679503E-6 	 7.515841344876042E-7 	 1.0513508628679503E-6 	 7.515841344876042E-7 	 1.0513508628679503E-6 	 7.515841344876042E-7 	 1.0513508628679503E-6 	 3.683795951688933E-4 	 2.703576806156036E-6 	 3.683795951688933E-4 	 2.703576806156036E-6 	 3.683795951688933E-4 	 2.703576806156036E-6 	 3.683795951688933E-4 	 2.703576806156036E-6 	 
0.09600000000000009 	 7.931340094177096E-7 	 1.0560833520883058E-6 	 7.931340094177096E-7 	 1.0560833520883058E-6 	 7.931340094177096E-7 	 1.0560833520883058E-6 	 7.931340094177096E-7 	 1.0560833520883058E-6 	 3.1732978640358514E-4 	 2.5247902280032226E-6 	 3.1732978640358514E-4 	 2.5247902280032226E-6 	 3.1732978640358514E-4 	 2.5247902280032226E-6 	 3.1732978640358514E-4 	 2.5247902280032226E-6 	 
0.1200000000000001 	 6.53323927448611E-7 	 8.74572517955341E-7 	 6.53323927448611E-7 	 8.74572517955341E-7 	 6.53323927448611E-7 	 8.74572517955341E-7 	 6.53323927448611E-7 	 8.74572517955341E-7 	 2.6585019154213115E-4 	 1.9371015728366846E-6 	 2.6585019154213115E-4 	 1.9371015728366846E-6 	 2.6585019154213115E-4 	 1.9371015728366846E-6 	 2.6585019154213115E-4 	 1.9371015728366846E-6 	 
0.14400000000000013 	 5.033331480875605E-7 	 6.207101289706414E-7 	 5.033331480875605E-7 	 6.207101289706414E-7 	 5.033331480875605E-7 	 6.207101289706414E-7 	 5.033331480875605E-7 	 6.207101289706414E-7 	 1.5605701237459131E-4 	 1.4225801365147827E-6 	 1.5605701237459131E-4 	 1.4225801365147827E-6 	 1.5605701237459131E-4 	 1.4225801365147827E-6 	 1.5605701237459131E-4 	 1.4225801365147827E-6 	 
0.16800000000000015 	 3.2199233404442633E-7 	 4.92710584301813E-7 	 3.2199233404442633E-7 	 4.92710584301813E-7 	 3.2199233404442633E-7 	 4.92710584301813E-7 	 3.2199233404442633E-7 	 4.92710584301813E-7 	 1.4556987772466128E-4 	 1.0775896804151826E-6 	 1.4556987772466128E-4 	 1.0775896804151826E-6 	 1.4556987772466128E-4 	 1.0775896804151826E-6 	 1.4556987772466128E-4 	 1.0775896804151826E-6 	 
0.19200000000000017 	 1.1038699149515991E-7 	 2.744842074203402E-7 	 1.1038699149515991E-7 	 2.744842074203402E-7 	 1.1038699149515991E-7 	 2.744842074203402E-7 	 1.1038699149515991E-7 	 2.744842074203402E-7 	 9.954266357686398E-5 	 4.442664537446194E-7 	 9.954266357686398E-5 	 4.442664537446194E-7 	 9.954266357686398E-5 	 4.442664537446194E-7 	 9.954266357686398E-5 	 4.442664537446194E-7 	 
0.2160000000000002 	 2.2755480422830564E-7 	 1.2435343325521117E-7 	 2.2755480422830564E-7 	 1.2435343325521117E-7 	 2.2755480422830564E-7 	 1.2435343325521117E-7 	 2.2755480422830564E-7 	 1.2435343325521117E-7 	 1.3075703523746617E-4 	 1.0676682461826645E-6 	 1.3075703523746617E-4 	 1.0676682461826645E-6 	 1.3075703523746617E-4 	 1.0676682461826645E-6 	 1.3075703523746617E-4 	 1.0676682461826645E-6 	 
0.2400000000000002 	 5.033117170215843E-7 	 7.127049753867089E-7 	 5.033117170215843E-7 	 7.127049753867089E-7 	 5.033117170215843E-7 	 7.127049753867089E-7 	 5.033117170215843E-7 	 7.127049753867089E-7 	 8.3921371727649E-5 	 8.98750350843158E-7 	 8.3921371727649E-5 	 8.98750350843158E-7 	 8.3921371727649E-5 	 8.98750350843158E-7 	 8.3921371727649E-5 	 8.98750350843158E-7 	 
0.26400000000000023 	 5.6701385235190336E-9 	 6.591703661849937E-9 	 5.6701385235190336E-9 	 6.591703661849937E-9 	 5.6701385235190336E-9 	 6.591703661849937E-9 	 5.6701385235190336E-9 	 6.591703661849937E-9 	 9.866673916536374E-6 	 6.225251359721006E-8 	 9.866673916536374E-6 	 6.225251359721006E-8 	 9.866673916536374E-6 	 6.225251359721006E-8 	 9.866673916536374E-6 	 6.225251359721006E-8 	 
0.28800000000000026 	 1.7938203436047833E-8 	 3.667181019576159E-8 	 1.7938203436047833E-8 	 3.667181019576159E-8 	 1.7938203436047833E-8 	 3.667181019576159E-8 	 1.7938203436047833E-8 	 3.667181019576159E-8 	 2.6473602392622775E-5 	 1.553186404055813E-7 	 2.6473602392622775E-5 	 1.553186404055813E-7 	 2.6473602392622775E-5 	 1.553186404055813E-7 	 2.6473602392622775E-5 	 1.553186404055813E-7 	 
0.3120000000000003 	 2.6416257950601703E-8 	 6.110268525468503E-8 	 2.6416257950601703E-8 	 6.110268525468503E-8 	 2.6416257950601703E-8 	 6.110268525468503E-8 	 2.6416257950601703E-8 	 6.110268525468503E-8 	 2.313535308410357E-5 	 9.881269587315317E-8 	 2.313535308410357E-5 	 9.881269587315317E-8 	 2.313535308410357E-5 	 9.881269587315317E-8 	 2.313535308410357E-5 	 9.881269587315317E-8 	 
0.33599999999999985 	 5.570826315055943E-8 	 2.9205021824223153E-8 	 5.570826315055943E-8 	 2.9205021824223153E-8 	 5.570826315055943E-8 	 2.9205021824223153E-8 	 5.570826315055943E-8 	 2.9205021824223153E-8 	 3.0635148507825775E-5 	 2.4969148249429617E-7 	 3.0635148507825775E-5 	 2.4969148249429617E-7 	 3.0635148507825775E-5 	 2.4969148249429617E-7 	 3.0635148507825775E-5 	 2.4969148249429617E-7 	 
0.3599999999999999 	 1.2181986063578913E-7 	 1.692433387632058E-7 	 1.2181986063578913E-7 	 1.692433387632058E-7 	 1.2181986063578913E-7 	 1.692433387632058E-7 	 1.2181986063578913E-7 	 1.692433387632058E-7 	 1.6424593970846565E-5 	 2.0728305304673343E-7 	 1.6424593970846565E-5 	 2.0728305304673343E-7 	 1.6424593970846565E-5 	 2.0728305304673343E-7 	 1.6424593970846565E-5 	 2.0728305304673343E-7 	 
0.3839999999999999 	 0.0 	 0.0 	 0.0 	 0.0 	 0.0 	 0.0 	 0.0 	 0.0 	 0.0 	 0.0 	 0.0 	 0.0 	 0.0 	 0.0 	 0.0 	 0.0 	 
0.4079999999999999 	 0.0 	 0.0 	 0.0 	 0.0 	 0.0 	 0.0 	 0.0 	 0.0 	 0.0 	 0.0 	 0.0 	 0.0 	 0.0 	 0.0 	 0.0 	 0.0 	 
0.43199999999999994 	 0.0 	 0.0 	 0.0 	 0.0 	 0.0 	 0.0 	 0.0 	 0.0 	 0.0 	 0.0 	 0.0 	 0.0 	 0.0 	 0.0 	 0.0 	 0.0 	 
0.45599999999999996 	 0.0 	 0.0 	 0.0 	 0.0 	 0.0 	 0.0 	 0.0 	 0.0 	 0.0 	 0.0 	 0.0 	 0.0 	 0.0 	 0.0 	 0.0 	 0.0 	 
0.48 	 0.0 	 0.0 	 0.0 	 0.0 	 0.0 	 0.0 	 0.0 	 0.0 	 0.0 	 0.0 	 0.0 	 0.0 	 0.0 	 0.0 	 0.0 	 0.0 	 
0.504 	 0.0 	 0.0 	 0.0 	 0.0 	 0.0 	 0.0 	 0.0 	 0.0 	 0.0 	 0.0 	 0.0 	 0.0 	 0.0 	 0.0 	 0.0 	 0.0 	 
0.528 	 0.0 	 0.0 	 0.0 	 0.0 	 0.0 	 0.0 	 0.0 	 0.0 	 0.0 	 0.0 	 0.0 	 0.0 	 0.0 	 0.0 	 0.0 	 0.0 	 
0.552 	 0.0 	 0.0 	 0.0 	 0.0 	 0.0 	 0.0 	 0.0 	 0.0 	 0.0 	 0.0 	 0.0 	 0.0 	 0.0 	 0.0 	 0.0 	 0.0 	 
0.5760000000000001 	 0.0 	 0.0 	 0.0 	 0.0 	 0.0 	 0.0 	 0.0 	 0.0 	 0.0 	 0.0 	 0.0 	 0.0 	 0.0 	 0.0 	 0.0 	 0.0 	 
0.6000000000000001 	 0.0 	 0.0 	 0.0 	 0.0 	 0.0 	 0.0 	 0.0 	 0.0 	 0.0 	 0.0 	 0.0 	 0.0 	 0.0 	 0.0 	 0.0 	 0.0 	 
0.6240000000000001 	 0.0 	 0.0 	 0.0 	 0.0 	 0.0 	 0.0 	 0.0 	 0.0 	 0.0 	 0.0 	 0.0 	 0.0 	 0.0 	 0.0 	 0.0 	 0.0 	 
0.6480000000000001 	 0.0 	 0.0 	 0.0 	 0.0 	 0.0 	 0.0 	 0.0 	 0.0 	 0.0 	 0.0 	 0.0 	 0.0 	 0.0 	 0.0 	 0.0 	 0.0 	 
0.6720000000000002 	 0.0 	 0.0 	 0.0 	 0.0 	 0.0 	 0.0 	 0.0 	 0.0 	 0.0 	 0.0 	 0.0 	 0.0 	 0.0 	 0.0 	 0.0 	 0.0 	 
0.6960000000000002 	 0.0 	 0.0 	 0.0 	 0.0 	 0.0 	 0.0 	 0.0 	 0.0 	 0.0 	 0.0 	 0.0 	 0.0 	 0.0 	 0.0 	 0.0 	 0.0 	 
0.7200000000000002 	 0.0 	 0.0 	 0.0 	 0.0 	 0.0 	 0.0 	 0.0 	 0.0 	 0.0 	 0.0 	 0.0 	 0.0 	 0.0 	 0.0 	 0.0 	 0.0 	 
0.7440000000000002 	 0.0 	 0.0 	 0.0 	 0.0 	 0.0 	 0.0 	 0.0 	 0.0 	 0.0 	 0.0 	 0.0 	 0.0 	 0.0 	 0.0 	 0.0 	 0.0 	 
0.7680000000000002 	 0.0 	 0.0 	 0.0 	 0.0 	 0.0 	 0.0 	 0.0 	 0.0 	 0.0 	 0.0 	 0.0 	 0.0 	 0.0 	 0.0 	 0.0 	 0.0 	 
0.7920000000000003 	 0.0 	 0.0 	 0.0 	 0.0 	 0.0 	 0.0 	 0.0 	 0.0 	 0.0 	 0.0 	 0.0 	 0.0 	 0.0 	 0.0 	 0.0 	 0.0 	 
0.8160000000000003 	 0.0 	 0.0 	 0.0 	 0.0 	 0.0 	 0.0 	 0.0 	 0.0 	 0.0 	 0.0 	 0.0 	 0.0 	 0.0 	 0.0 	 0.0 	 0.0 	 
0.8399999999999999 	 0.0 	 0.0 	 0.0 	 0.0 	 0.0 	 0.0 	 0.0 	 0.0 	 0.0 	 0.0 	 0.0 	 0.0 	 0.0 	 0.0 	 0.0 	 0.0 	 
0.8639999999999999 	 0.0 	 0.0 	 0.0 	 0.0 	 0.0 	 0.0 	 0.0 	 0.0 	 0.0 	 0.0 	 0.0 	 0.0 	 0.0 	 0.0 	 0.0 	 0.0 	 
0.8879999999999999 	 0.0 	 0.0 	 0.0 	 0.0 	 0.0 	 0.0 	 0.0 	 0.0 	 0.0 	 0.0 	 0.0 	 0.0 	 0.0 	 0.0 	 0.0 	 0.0 	 
0.9119999999999999 	 0.0 	 0.0 	 0.0 	 0.0 	 0.0 	 0.0 	 0.0 	 0.0 	 0.0 	 0.0 	 0.0 	 0.0 	 0.0 	 0.0 	 0.0 	 0.0 	 
0.9359999999999999 	 0.0 	 0.0 	 0.0 	 0.0 	 0.0 	 0.0 	 0.0 	 0.0 	 0.0 	 0.0 	 0.0 	 0.0 	 0.0 	 0.0 	 0.0 	 0.0 	 
0.96 	 0.0 	 0.0 	 0.0 	 0.0 	 0.0 	 0.0 	 0.0 	 0.0 	 0.0 	 0.0 	 0.0 	 0.0 	 0.0 	 0.0 	 0.0 	 0.0 	 
0.984 	 0.0 	 0.0 	 0.0 	 0.0 	 0.0 	 0.0 	 0.0 	 0.0 	 0.0 	 0.0 	 0.0 	 0.0 	 0.0 	 0.0 	 0.0 	 0.0 	 
1.008 	 0.0 	 0.0 	 0.0 	 0.0 	 0.0 	 0.0 	 0.0 	 0.0 	 0.0 	 0.0 	 0.0 	 0.0 	 0.0 	 0.0 	 0.0 	 0.0 	 
1.032 	 0.0 	 0.0 	 0.0 	 0.0 	 0.0 	 0.0 	 0.0 	 0.0 	 0.0 	 0.0 	 0.0 	 0.0 	 0.0 	 0.0 	 0.0 	 0.0 	 
1.056 	 0.0 	 0.0 	 0.0 	 0.0 	 0.0 	 0.0 	 0.0 	 0.0 	 0.0 	 0.0 	 0.0 	 0.0 	 0.0 	 0.0 	 0.0 	 0.0 	 
1.08 	 0.0 	 0.0 	 0.0 	 0.0 	 0.0 	 0.0 	 0.0 	 0.0 	 0.0 	 0.0 	 0.0 	 0.0 	 0.0 	 0.0 	 0.0 	 0.0 	 
1.104 	 0.0 	 0.0 	 0.0 	 0.0 	 0.0 	 0.0 	 0.0 	 0.0 	 0.0 	 0.0 	 0.0 	 0.0 	 0.0 	 0.0 	 0.0 	 0.0 	 
1.1280000000000001 	 0.0 	 0.0 	 0.0 	 0.0 	 0.0 	 0.0 	 0.0 	 0.0 	 0.0 	 0.0 	 0.0 	 0.0 	 0.0 	 0.0 	 0.0 	 0.0 	 
1.1520000000000001 	 0.0 	 0.0 	 0.0 	 0.0 	 0.0 	 0.0 	 0.0 	 0.0 	 0.0 	 0.0 	 0.0 	 0.0 	 0.0 	 0.0 	 0.0 	 0.0 	 
1.1760000000000002 	 0.0 	 0.0 	 0.0 	 0.0 	 0.0 	 0.0 	 0.0 	 0.0 	 0.0 	 0.0 	 0.0 	 0.0 	 0.0 	 0.0 	 0.0 	 0.0 	 
1.2000000000000002 	 0.0 	 0.0 	 0.0 	 0.0 	 0.0 	 0.0 	 0.0 	 0.0 	 0.0 	 0.0 	 0.0 	 0.0 	 0.0 	 0.0 	 0.0 	 0.0 	 
1.2240000000000002 	 0.0 	 0.0 	 0.0 	 0.0 	 0.0 	 0.0 	 0.0 	 0.0 	 0.0 	 0.0 	 0.0 	 0.0 	 0.0 	 0.0 	 0.0 	 0.0 	 
1.2480000000000002 	 0.0 	 0.0 	 0.0 	 0.0 	 0.0 	 0.0 	 0.0 	 0.0 	 0.0 	 0.0 	 0.0 	 0.0 	 0.0 	 0.0 	 0.0 	 0.0 	 
1.2720000000000002 	 0.0 	 0.0 	 0.0 	 0.0 	 0.0 	 0.0 	 0.0 	 0.0 	 0.0 	 0.0 	 0.0 	 0.0 	 0.0 	 0.0 	 0.0 	 0.0 	 
1.2960000000000003 	 0.0 	 0.0 	 0.0 	 0.0 	 0.0 	 0.0 	 0.0 	 0.0 	 0.0 	 0.0 	 0.0 	 0.0 	 0.0 	 0.0 	 0.0 	 0.0 	 
1.3200000000000003 	 0.0 	 0.0 	 0.0 	 0.0 	 0.0 	 0.0 	 0.0 	 0.0 	 0.0 	 0.0 	 0.0 	 0.0 	 0.0 	 0.0 	 0.0 	 0.0 	 
1.3440000000000003 	 0.0 	 0.0 	 0.0 	 0.0 	 0.0 	 0.0 	 0.0 	 0.0 	 0.0 	 0.0 	 0.0 	 0.0 	 0.0 	 0.0 	 0.0 	 0.0 	 
1.3680000000000003 	 0.0 	 0.0 	 0.0 	 0.0 	 0.0 	 0.0 	 0.0 	 0.0 	 0.0 	 0.0 	 0.0 	 0.0 	 0.0 	 0.0 	 0.0 	 0.0 	 
1.3920000000000003 	 0.0 	 0.0 	 0.0 	 0.0 	 0.0 	 0.0 	 0.0 	 0.0 	 0.0 	 0.0 	 0.0 	 0.0 	 0.0 	 0.0 	 0.0 	 0.0 	 
1.4160000000000004 	 0.0 	 0.0 	 0.0 	 0.0 	 0.0 	 0.0 	 0.0 	 0.0 	 0.0 	 0.0 	 0.0 	 0.0 	 0.0 	 0.0 	 0.0 	 0.0 	 
1.4400000000000004 	 0.0 	 0.0 	 0.0 	 0.0 	 0.0 	 0.0 	 0.0 	 0.0 	 0.0 	 0.0 	 0.0 	 0.0 	 0.0 	 0.0 	 0.0 	 0.0 	 
1.4640000000000004 	 0.0 	 0.0 	 0.0 	 0.0 	 0.0 	 0.0 	 0.0 	 0.0 	 0.0 	 0.0 	 0.0 	 0.0 	 0.0 	 0.0 	 0.0 	 0.0 	 
1.4880000000000004 	 0.0 	 0.0 	 0.0 	 0.0 	 0.0 	 0.0 	 0.0 	 0.0 	 0.0 	 0.0 	 0.0 	 0.0 	 0.0 	 0.0 	 0.0 	 0.0 	 
1.5120000000000005 	 0.0 	 0.0 	 0.0 	 0.0 	 0.0 	 0.0 	 0.0 	 0.0 	 0.0 	 0.0 	 0.0 	 0.0 	 0.0 	 0.0 	 0.0 	 0.0 	 
1.5360000000000005 	 0.0 	 0.0 	 0.0 	 0.0 	 0.0 	 0.0 	 0.0 	 0.0 	 0.0 	 0.0 	 0.0 	 0.0 	 0.0 	 0.0 	 0.0 	 0.0 	 
1.5600000000000005 	 0.0 	 0.0 	 0.0 	 0.0 	 0.0 	 0.0 	 0.0 	 0.0 	 0.0 	 0.0 	 0.0 	 0.0 	 0.0 	 0.0 	 0.0 	 0.0 	 
1.5840000000000005 	 0.0 	 0.0 	 0.0 	 0.0 	 0.0 	 0.0 	 0.0 	 0.0 	 0.0 	 0.0 	 0.0 	 0.0 	 0.0 	 0.0 	 0.0 	 0.0 	 
1.6080000000000005 	 0.0 	 0.0 	 0.0 	 0.0 	 0.0 	 0.0 	 0.0 	 0.0 	 0.0 	 0.0 	 0.0 	 0.0 	 0.0 	 0.0 	 0.0 	 0.0 	 
1.6319999999999997 	 0.0 	 0.0 	 0.0 	 0.0 	 0.0 	 0.0 	 0.0 	 0.0 	 0.0 	 0.0 	 0.0 	 0.0 	 0.0 	 0.0 	 0.0 	 0.0 	 
1.6559999999999997 	 0.0 	 0.0 	 0.0 	 0.0 	 0.0 	 0.0 	 0.0 	 0.0 	 0.0 	 0.0 	 0.0 	 0.0 	 0.0 	 0.0 	 0.0 	 0.0 	 
1.6799999999999997 	 0.0 	 0.0 	 0.0 	 0.0 	 0.0 	 0.0 	 0.0 	 0.0 	 0.0 	 0.0 	 0.0 	 0.0 	 0.0 	 0.0 	 0.0 	 0.0 	 
1.7039999999999997 	 0.0 	 0.0 	 0.0 	 0.0 	 0.0 	 0.0 	 0.0 	 0.0 	 0.0 	 0.0 	 0.0 	 0.0 	 0.0 	 0.0 	 0.0 	 0.0 	 
1.7279999999999998 	 0.0 	 0.0 	 0.0 	 0.0 	 0.0 	 0.0 	 0.0 	 0.0 	 0.0 	 0.0 	 0.0 	 0.0 	 0.0 	 0.0 	 0.0 	 0.0 	 
1.7519999999999998 	 0.0 	 0.0 	 0.0 	 0.0 	 0.0 	 0.0 	 0.0 	 0.0 	 0.0 	 0.0 	 0.0 	 0.0 	 0.0 	 0.0 	 0.0 	 0.0 	 
1.7759999999999998 	 0.0 	 0.0 	 0.0 	 0.0 	 0.0 	 0.0 	 0.0 	 0.0 	 0.0 	 0.0 	 0.0 	 0.0 	 0.0 	 0.0 	 0.0 	 0.0 	 
1.7999999999999998 	 0.0 	 0.0 	 0.0 	 0.0 	 0.0 	 0.0 	 0.0 	 0.0 	 0.0 	 0.0 	 0.0 	 0.0 	 0.0 	 0.0 	 0.0 	 0.0 	 
1.8239999999999998 	 0.0 	 0.0 	 0.0 	 0.0 	 0.0 	 0.0 	 0.0 	 0.0 	 0.0 	 0.0 	 0.0 	 0.0 	 0.0 	 0.0 	 0.0 	 0.0 	 
1.8479999999999999 	 0.0 	 0.0 	 0.0 	 0.0 	 0.0 	 0.0 	 0.0 	 0.0 	 0.0 	 0.0 	 0.0 	 0.0 	 0.0 	 0.0 	 0.0 	 0.0 	 
1.8719999999999999 	 0.0 	 0.0 	 0.0 	 0.0 	 0.0 	 0.0 	 0.0 	 0.0 	 0.0 	 0.0 	 0.0 	 0.0 	 0.0 	 0.0 	 0.0 	 0.0 	 
1.896 	 0.0 	 0.0 	 0.0 	 0.0 	 0.0 	 0.0 	 0.0 	 0.0 	 0.0 	 0.0 	 0.0 	 0.0 	 0.0 	 0.0 	 0.0 	 0.0 	 
1.92 	 0.0 	 0.0 	 0.0 	 0.0 	 0.0 	 0.0 	 0.0 	 0.0 	 0.0 	 0.0 	 0.0 	 0.0 	 0.0 	 0.0 	 0.0 	 0.0 	 
1.944 	 0.0 	 0.0 	 0.0 	 0.0 	 0.0 	 0.0 	 0.0 	 0.0 	 0.0 	 0.0 	 0.0 	 0.0 	 0.0 	 0.0 	 0.0 	 0.0 	 
1.968 	 0.0 	 0.0 	 0.0 	 0.0 	 0.0 	 0.0 	 0.0 	 0.0 	 0.0 	 0.0 	 0.0 	 0.0 	 0.0 	 0.0 	 0.0 	 0.0 	 
1.992 	 0.0 	 0.0 	 0.0 	 0.0 	 0.0 	 0.0 	 0.0 	 0.0 	 0.0 	 0.0 	 0.0 	 0.0 	 0.0 	 0.0 	 0.0 	 0.0 	 
2.016 	 0.0 	 0.0 	 0.0 	 0.0 	 0.0 	 0.0 	 0.0 	 0.0 	 0.0 	 0.0 	 0.0 	 0.0 	 0.0 	 0.0 	 0.0 	 0.0 	 
2.04 	 0.0 	 0.0 	 0.0 	 0.0 	 0.0 	 0.0 	 0.0 	 0.0 	 0.0 	 0.0 	 0.0 	 0.0 	 0.0 	 0.0 	 0.0 	 0.0 	 
2.064 	 0.0 	 0.0 	 0.0 	 0.0 	 0.0 	 0.0 	 0.0 	 0.0 	 0.0 	 0.0 	 0.0 	 0.0 	 0.0 	 0.0 	 0.0 	 0.0 	 
2.088 	 0.0 	 0.0 	 0.0 	 0.0 	 0.0 	 0.0 	 0.0 	 0.0 	 0.0 	 0.0 	 0.0 	 0.0 	 0.0 	 0.0 	 0.0 	 0.0 	 
2.112 	 0.0 	 0.0 	 0.0 	 0.0 	 0.0 	 0.0 	 0.0 	 0.0 	 0.0 	 0.0 	 0.0 	 0.0 	 0.0 	 0.0 	 0.0 	 0.0 	 
2.136 	 0.0 	 0.0 	 0.0 	 0.0 	 0.0 	 0.0 	 0.0 	 0.0 	 0.0 	 0.0 	 0.0 	 0.0 	 0.0 	 0.0 	 0.0 	 0.0 	 
2.16 	 0.0 	 0.0 	 0.0 	 0.0 	 0.0 	 0.0 	 0.0 	 0.0 	 0.0 	 0.0 	 0.0 	 0.0 	 0.0 	 0.0 	 0.0 	 0.0 	 
2.184 	 0.0 	 0.0 	 0.0 	 0.0 	 0.0 	 0.0 	 0.0 	 0.0 	 0.0 	 0.0 	 0.0 	 0.0 	 0.0 	 0.0 	 0.0 	 0.0 	 
2.208 	 0.0 	 0.0 	 0.0 	 0.0 	 0.0 	 0.0 	 0.0 	 0.0 	 0.0 	 0.0 	 0.0 	 0.0 	 0.0 	 0.0 	 0.0 	 0.0 	 
2.232 	 0.0 	 0.0 	 0.0 	 0.0 	 0.0 	 0.0 	 0.0 	 0.0 	 0.0 	 0.0 	 0.0 	 0.0 	 0.0 	 0.0 	 0.0 	 0.0 	 
2.2560000000000002 	 0.0 	 0.0 	 0.0 	 0.0 	 0.0 	 0.0 	 0.0 	 0.0 	 0.0 	 0.0 	 0.0 	 0.0 	 0.0 	 0.0 	 0.0 	 0.0 	 
2.2800000000000002 	 0.0 	 0.0 	 0.0 	 0.0 	 0.0 	 0.0 	 0.0 	 0.0 	 0.0 	 0.0 	 0.0 	 0.0 	 0.0 	 0.0 	 0.0 	 0.0 	 
2.3040000000000003 	 0.0 	 0.0 	 0.0 	 0.0 	 0.0 	 0.0 	 0.0 	 0.0 	 0.0 	 0.0 	 0.0 	 0.0 	 0.0 	 0.0 	 0.0 	 0.0 	 
2.3280000000000003 	 0.0 	 0.0 	 0.0 	 0.0 	 0.0 	 0.0 	 0.0 	 0.0 	 0.0 	 0.0 	 0.0 	 0.0 	 0.0 	 0.0 	 0.0 	 0.0 	 
2.3520000000000003 	 0.0 	 0.0 	 0.0 	 0.0 	 0.0 	 0.0 	 0.0 	 0.0 	 0.0 	 0.0 	 0.0 	 0.0 	 0.0 	 0.0 	 0.0 	 0.0 	 
2.3760000000000003 	 0.0 	 0.0 	 0.0 	 0.0 	 0.0 	 0.0 	 0.0 	 0.0 	 0.0 	 0.0 	 0.0 	 0.0 	 0.0 	 0.0 	 0.0 	 0.0 	 
2.4000000000000004 	 0.0 	 0.0 	 0.0 	 0.0 	 0.0 	 0.0 	 0.0 	 0.0 	 0.0 	 0.0 	 0.0 	 0.0 	 0.0 	 0.0 	 0.0 	 0.0 	 
2.4240000000000004 	 0.0 	 0.0 	 0.0 	 0.0 	 0.0 	 0.0 	 0.0 	 0.0 	 0.0 	 0.0 	 0.0 	 0.0 	 0.0 	 0.0 	 0.0 	 0.0 	 
2.4480000000000004 	 0.0 	 0.0 	 0.0 	 0.0 	 0.0 	 0.0 	 0.0 	 0.0 	 0.0 	 0.0 	 0.0 	 0.0 	 0.0 	 0.0 	 0.0 	 0.0 	 
2.4720000000000004 	 0.0 	 0.0 	 0.0 	 0.0 	 0.0 	 0.0 	 0.0 	 0.0 	 0.0 	 0.0 	 0.0 	 0.0 	 0.0 	 0.0 	 0.0 	 0.0 	 
2.4960000000000004 	 0.0 	 0.0 	 0.0 	 0.0 	 0.0 	 0.0 	 0.0 	 0.0 	 0.0 	 0.0 	 0.0 	 0.0 	 0.0 	 0.0 	 0.0 	 0.0 	 
2.5200000000000005 	 0.0 	 0.0 	 0.0 	 0.0 	 0.0 	 0.0 	 0.0 	 0.0 	 0.0 	 0.0 	 0.0 	 0.0 	 0.0 	 0.0 	 0.0 	 0.0 	 
2.5440000000000005 	 0.0 	 0.0 	 0.0 	 0.0 	 0.0 	 0.0 	 0.0 	 0.0 	 0.0 	 0.0 	 0.0 	 0.0 	 0.0 	 0.0 	 0.0 	 0.0 	 
2.5680000000000005 	 0.0 	 0.0 	 0.0 	 0.0 	 0.0 	 0.0 	 0.0 	 0.0 	 0.0 	 0.0 	 0.0 	 0.0 	 0.0 	 0.0 	 0.0 	 0.0 	 
2.5920000000000005 	 0.0 	 0.0 	 0.0 	 0.0 	 0.0 	 0.0 	 0.0 	 0.0 	 0.0 	 0.0 	 0.0 	 0.0 	 0.0 	 0.0 	 0.0 	 0.0 	 
2.6160000000000005 	 0.0 	 0.0 	 0.0 	 0.0 	 0.0 	 0.0 	 0.0 	 0.0 	 0.0 	 0.0 	 0.0 	 0.0 	 0.0 	 0.0 	 0.0 	 0.0 	 
2.6399999999999997 	 0.0 	 0.0 	 0.0 	 0.0 	 0.0 	 0.0 	 0.0 	 0.0 	 0.0 	 0.0 	 0.0 	 0.0 	 0.0 	 0.0 	 0.0 	 0.0 	 
2.6639999999999997 	 0.0 	 0.0 	 0.0 	 0.0 	 0.0 	 0.0 	 0.0 	 0.0 	 0.0 	 0.0 	 0.0 	 0.0 	 0.0 	 0.0 	 0.0 	 0.0 	 
2.6879999999999997 	 0.0 	 0.0 	 0.0 	 0.0 	 0.0 	 0.0 	 0.0 	 0.0 	 0.0 	 0.0 	 0.0 	 0.0 	 0.0 	 0.0 	 0.0 	 0.0 	 
2.7119999999999997 	 0.0 	 0.0 	 0.0 	 0.0 	 0.0 	 0.0 	 0.0 	 0.0 	 0.0 	 0.0 	 0.0 	 0.0 	 0.0 	 0.0 	 0.0 	 0.0 	 
2.7359999999999998 	 0.0 	 0.0 	 0.0 	 0.0 	 0.0 	 0.0 	 0.0 	 0.0 	 0.0 	 0.0 	 0.0 	 0.0 	 0.0 	 0.0 	 0.0 	 0.0 	 
2.76 	 0.0 	 0.0 	 0.0 	 0.0 	 0.0 	 0.0 	 0.0 	 0.0 	 0.0 	 0.0 	 0.0 	 0.0 	 0.0 	 0.0 	 0.0 	 0.0 	 
2.784 	 0.0 	 0.0 	 0.0 	 0.0 	 0.0 	 0.0 	 0.0 	 0.0 	 0.0 	 0.0 	 0.0 	 0.0 	 0.0 	 0.0 	 0.0 	 0.0 	 
2.808 	 0.0 	 0.0 	 0.0 	 0.0 	 0.0 	 0.0 	 0.0 	 0.0 	 0.0 	 0.0 	 0.0 	 0.0 	 0.0 	 0.0 	 0.0 	 0.0 	 
2.832 	 0.0 	 0.0 	 0.0 	 0.0 	 0.0 	 0.0 	 0.0 	 0.0 	 0.0 	 0.0 	 0.0 	 0.0 	 0.0 	 0.0 	 0.0 	 0.0 	 
2.856 	 0.0 	 0.0 	 0.0 	 0.0 	 0.0 	 0.0 	 0.0 	 0.0 	 0.0 	 0.0 	 0.0 	 0.0 	 0.0 	 0.0 	 0.0 	 0.0 	 
2.88 	 0.0 	 0.0 	 0.0 	 0.0 	 0.0 	 0.0 	 0.0 	 0.0 	 0.0 	 0.0 	 0.0 	 0.0 	 0.0 	 0.0 	 0.0 	 0.0 	 
2.904 	 0.0 	 0.0 	 0.0 	 0.0 	 0.0 	 0.0 	 0.0 	 0.0 	 0.0 	 0.0 	 0.0 	 0.0 	 0.0 	 0.0 	 0.0 	 0.0 	 
2.928 	 0.0 	 0.0 	 0.0 	 0.0 	 0.0 	 0.0 	 0.0 	 0.0 	 0.0 	 0.0 	 0.0 	 0.0 	 0.0 	 0.0 	 0.0 	 0.0 	 
2.952 	 0.0 	 0.0 	 0.0 	 0.0 	 0.0 	 0.0 	 0.0 	 0.0 	 0.0 	 0.0 	 0.0 	 0.0 	 0.0 	 0.0 	 0.0 	 0.0 	 
2.976 	 0.0 	 0.0 	 0.0 	 0.0 	 0.0 	 0.0 	 0.0 	 0.0 	 0.0 	 0.0 	 0.0 	 0.0 	 0.0 	 0.0 	 0.0 	 0.0 	 
