-3.0 	 0.00277786260061608 	 4.221862957977516E-5 	 0.00277786260061608 	 4.221862957977516E-5 	 0.00277786260061608 	 4.221862957977516E-5 	 0.00277786260061608 	 4.221862957977516E-5 	 2.6193952675685482E-5 	 0.0026217693163958253 	 2.6193952675685482E-5 	 0.0026217693163958253 	 2.6193952675685482E-5 	 0.0026217693163958253 	 2.6193952675685482E-5 	 0.0026217693163958253 	 
-2.976 	 0.001549170115242438 	 0.0014247154824215639 	 0.001549170115242438 	 0.0014247154824215639 	 0.001549170115242438 	 0.0014247154824215639 	 0.001549170115242438 	 0.0014247154824215639 	 1.7566521133829928E-5 	 0.0016756484285675086 	 1.7566521133829928E-5 	 0.0016756484285675086 	 1.7566521133829928E-5 	 0.0016756484285675086 	 1.7566521133829928E-5 	 0.0016756484285675086 	 
-2.952 	 0.010784931183313978 	 0.013045877322621932 	 0.010784931183313978 	 0.013045877322621932 	 0.010784931183313978 	 0.013045877322621932 	 0.010784931183313978 	 0.013045877322621932 	 4.84948994013496E-5 	 0.00991268515931701 	 4.84948994013496E-5 	 0.00991268515931701 	 4.84948994013496E-5 	 0.00991268515931701 	 4.84948994013496E-5 	 0.00991268515931701 	 
-2.928 	 0.0025069127861343807 	 5.066372723556534E-4 	 0.0025069127861343807 	 5.066372723556534E-4 	 0.0025069127861343807 	 5.066372723556534E-4 	 0.0025069127861343807 	 5.066372723556534E-4 	 2.9923075357173956E-5 	 0.0024502410381806654 	 2.9923075357173956E-5 	 0.0024502410381806654 	 2.9923075357173956E-5 	 0.0024502410381806654 	 2.9923075357173956E-5 	 0.0024502410381806654 	 
-2.904 	 0.0013220417651790715 	 0.00118825958184686 	 0.0013220417651790715 	 0.00118825958184686 	 0.0013220417651790715 	 0.00118825958184686 	 0.0013220417651790715 	 0.00118825958184686 	 1.5833801915922926E-5 	 0.0014032497531658395 	 1.5833801915922926E-5 	 0.0014032497531658395 	 1.5833801915922926E-5 	 0.0014032497531658395 	 1.5833801915922926E-5 	 0.0014032497531658395 	 
-2.88 	 0.010300618030706858 	 0.012334813284388405 	 0.010300618030706858 	 0.012334813284388405 	 0.010300618030706858 	 0.012334813284388405 	 0.010300618030706858 	 0.012334813284388405 	 5.254683201233648E-5 	 0.009426289712159756 	 5.254683201233648E-5 	 0.009426289712159756 	 5.254683201233648E-5 	 0.009426289712159756 	 5.254683201233648E-5 	 0.009426289712159756 	 
-2.856 	 0.0043650334290538575 	 0.002875549506679945 	 0.0043650334290538575 	 0.002875549506679945 	 0.0043650334290538575 	 0.002875549506679945 	 0.0043650334290538575 	 0.002875549506679945 	 3.682262160725475E-5 	 0.004124072887527357 	 3.682262160725475E-5 	 0.004124072887527357 	 3.682262160725475E-5 	 0.004124072887527357 	 3.682262160725475E-5 	 0.004124072887527357 	 
-2.832 	 7.671220702409407E-4 	 9.248690722595477E-6 	 7.671220702409407E-4 	 9.248690722595477E-6 	 7.671220702409407E-4 	 9.248690722595477E-6 	 7.671220702409407E-4 	 9.248690722595477E-6 	 3.181151742745289E-5 	 9.422165447834161E-4 	 3.181151742745289E-5 	 9.422165447834161E-4 	 3.181151742745289E-5 	 9.422165447834161E-4 	 3.181151742745289E-5 	 9.422165447834161E-4 	 
-2.808 	 0.01176137768612214 	 0.014465159221136833 	 0.01176137768612214 	 0.014465159221136833 	 0.01176137768612214 	 0.014465159221136833 	 0.01176137768612214 	 0.014465159221136833 	 5.667234013001505E-5 	 0.010802936168438925 	 5.667234013001505E-5 	 0.010802936168438925 	 5.667234013001505E-5 	 0.010802936168438925 	 5.667234013001505E-5 	 0.010802936168438925 	 
-2.784 	 0.0038874180869812964 	 0.0019329435173087084 	 0.0038874180869812964 	 0.0019329435173087084 	 0.0038874180869812964 	 0.0019329435173087084 	 0.0038874180869812964 	 0.0019329435173087084 	 4.4697021752128625E-5 	 0.0036933920748994297 	 4.4697021752128625E-5 	 0.0036933920748994297 	 4.4697021752128625E-5 	 0.0036933920748994297 	 4.4697021752128625E-5 	 0.0036933920748994297 	 
-2.76 	 0.013970464782381913 	 0.016601931645177582 	 0.013970464782381913 	 0.016601931645177582 	 0.013970464782381913 	 0.016601931645177582 	 0.013970464782381913 	 0.016601931645177582 	 7.424049119048532E-5 	 0.012806706170859905 	 7.424049119048532E-5 	 0.012806706170859905 	 7.424049119048532E-5 	 0.012806706170859905 	 7.424049119048532E-5 	 0.012806706170859905 	 
-2.7359999999999998 	 0.00377578337998473 	 0.0012291238993450248 	 0.00377578337998473 	 0.0012291238993450248 	 0.00377578337998473 	 0.0012291238993450248 	 0.00377578337998473 	 0.0012291238993450248 	 6.306082546163846E-5 	 0.003673313757748759 	 6.306082546163846E-5 	 0.003673313757748759 	 6.306082546163846E-5 	 0.003673313757748759 	 6.306082546163846E-5 	 0.003673313757748759 	 
-2.7119999999999997 	 0.01234636198786032 	 0.014468379794578741 	 0.01234636198786032 	 0.014468379794578741 	 0.01234636198786032 	 0.014468379794578741 	 0.01234636198786032 	 0.014468379794578741 	 7.593500978101967E-5 	 0.011476642754587551 	 7.593500978101967E-5 	 0.011476642754587551 	 7.593500978101967E-5 	 0.011476642754587551 	 7.593500978101967E-5 	 0.011476642754587551 	 
-2.688 	 0.017394269435984776 	 0.018531053888951654 	 0.017394269435984776 	 0.018531053888951654 	 0.017394269435984776 	 0.018531053888951654 	 0.017394269435984776 	 0.018531053888951654 	 1.226585505823331E-4 	 0.015970158559659414 	 1.226585505823331E-4 	 0.015970158559659414 	 1.226585505823331E-4 	 0.015970158559659414 	 1.226585505823331E-4 	 0.015970158559659414 	 
-2.664 	 0.005683199763214659 	 0.00289319478848295 	 0.005683199763214659 	 0.00289319478848295 	 0.005683199763214659 	 0.00289319478848295 	 0.005683199763214659 	 0.00289319478848295 	 7.909508610653493E-5 	 0.005584909172485655 	 7.909508610653493E-5 	 0.005584909172485655 	 7.909508610653493E-5 	 0.005584909172485655 	 7.909508610653493E-5 	 0.005584909172485655 	 
-2.64 	 0.014814162233914204 	 0.01708265996959021 	 0.014814162233914204 	 0.01708265996959021 	 0.014814162233914204 	 0.01708265996959021 	 0.014814162233914204 	 0.01708265996959021 	 1.3793813639829985E-4 	 0.013840250993376498 	 1.3793813639829985E-4 	 0.013840250993376498 	 1.3793813639829985E-4 	 0.013840250993376498 	 1.3793813639829985E-4 	 0.013840250993376498 	 
-2.616 	 0.019101430953251067 	 0.020196763135624615 	 0.019101430953251067 	 0.020196763135624615 	 0.019101430953251067 	 0.020196763135624615 	 0.019101430953251067 	 0.020196763135624615 	 1.314263129927761E-4 	 0.017652768649367368 	 1.314263129927761E-4 	 0.017652768649367368 	 1.314263129927761E-4 	 0.017652768649367368 	 1.314263129927761E-4 	 0.017652768649367368 	 
-2.592 	 0.008162908267120933 	 0.00574175887701457 	 0.008162908267120933 	 0.00574175887701457 	 0.008162908267120933 	 0.00574175887701457 	 0.008162908267120933 	 0.00574175887701457 	 1.0319812841901159E-4 	 0.007859518876902031 	 1.0319812841901159E-4 	 0.007859518876902031 	 1.0319812841901159E-4 	 0.007859518876902031 	 1.0319812841901159E-4 	 0.007859518876902031 	 
-2.568 	 0.01928249994764539 	 0.022303935501231022 	 0.01928249994764539 	 0.022303935501231022 	 0.01928249994764539 	 0.022303935501231022 	 0.01928249994764539 	 0.022303935501231022 	 1.508234394928074E-4 	 0.01787248168250692 	 1.508234394928074E-4 	 0.01787248168250692 	 1.508234394928074E-4 	 0.01787248168250692 	 1.508234394928074E-4 	 0.01787248168250692 	 
-2.544 	 0.01700388292397048 	 0.016417675222733203 	 0.01700388292397048 	 0.016417675222733203 	 0.01700388292397048 	 0.016417675222733203 	 0.01700388292397048 	 0.016417675222733203 	 1.420907667202821E-4 	 0.01577699930958281 	 1.420907667202821E-4 	 0.01577699930958281 	 1.420907667202821E-4 	 0.01577699930958281 	 1.420907667202821E-4 	 0.01577699930958281 	 
-2.52 	 0.021870262893947733 	 0.023277300066619395 	 0.021870262893947733 	 0.023277300066619395 	 0.021870262893947733 	 0.023277300066619395 	 0.021870262893947733 	 0.023277300066619395 	 1.709922468631884E-4 	 0.020246539731232575 	 1.709922468631884E-4 	 0.020246539731232575 	 1.709922468631884E-4 	 0.020246539731232575 	 1.709922468631884E-4 	 0.020246539731232575 	 
-2.496 	 0.01889551734882288 	 0.018317637260104404 	 0.01889551734882288 	 0.018317637260104404 	 0.01889551734882288 	 0.018317637260104404 	 0.01889551734882288 	 0.018317637260104404 	 1.7174669139054268E-4 	 0.017641885135232314 	 1.7174669139054268E-4 	 0.017641885135232314 	 1.7174669139054268E-4 	 0.017641885135232314 	 1.7174669139054268E-4 	 0.017641885135232314 	 
-2.472 	 0.023858646789202933 	 0.025183189906091318 	 0.023858646789202933 	 0.025183189906091318 	 0.023858646789202933 	 0.025183189906091318 	 0.023858646789202933 	 0.025183189906091318 	 1.87266443952585E-4 	 0.022255715160305462 	 1.87266443952585E-4 	 0.022255715160305462 	 1.87266443952585E-4 	 0.022255715160305462 	 1.87266443952585E-4 	 0.022255715160305462 	 
-2.448 	 0.02541813170960961 	 0.02591026438357452 	 0.02541813170960961 	 0.02591026438357452 	 0.02541813170960961 	 0.02591026438357452 	 0.02541813170960961 	 0.02591026438357452 	 2.1174817172023248E-4 	 0.023696738246315116 	 2.1174817172023248E-4 	 0.023696738246315116 	 2.1174817172023248E-4 	 0.023696738246315116 	 2.1174817172023248E-4 	 0.023696738246315116 	 
-2.424 	 0.026009105980664332 	 0.026387020056806227 	 0.026009105980664332 	 0.026387020056806227 	 0.026009105980664332 	 0.026387020056806227 	 0.026009105980664332 	 0.026387020056806227 	 2.244603416125623E-4 	 0.02433028149855372 	 2.244603416125623E-4 	 0.02433028149855372 	 2.244603416125623E-4 	 0.02433028149855372 	 2.244603416125623E-4 	 0.02433028149855372 	 
-2.4 	 0.026976578345952646 	 0.02734001924013164 	 0.026976578345952646 	 0.02734001924013164 	 0.026976578345952646 	 0.02734001924013164 	 0.026976578345952646 	 0.02734001924013164 	 2.266861950275502E-4 	 0.025314491637044915 	 2.266861950275502E-4 	 0.025314491637044915 	 2.266861950275502E-4 	 0.025314491637044915 	 2.266861950275502E-4 	 0.025314491637044915 	 
-2.376 	 0.025428324214397367 	 0.025209675727902812 	 0.025428324214397367 	 0.025209675727902812 	 0.025428324214397367 	 0.025209675727902812 	 0.025428324214397367 	 0.025209675727902812 	 2.6840186590723934E-4 	 0.02404545359664701 	 2.6840186590723934E-4 	 0.02404545359664701 	 2.6840186590723934E-4 	 0.02404545359664701 	 2.6840186590723934E-4 	 0.02404545359664701 	 
-2.352 	 0.0373192698799038 	 0.04037937464311549 	 0.0373192698799038 	 0.04037937464311549 	 0.0373192698799038 	 0.04037937464311549 	 0.0373192698799038 	 0.04037937464311549 	 2.3653837638286113E-4 	 0.03481692957814829 	 2.3653837638286113E-4 	 0.03481692957814829 	 2.3653837638286113E-4 	 0.03481692957814829 	 2.3653837638286113E-4 	 0.03481692957814829 	 
-2.328 	 0.032617628490885404 	 0.03164669602168275 	 0.032617628490885404 	 0.03164669602168275 	 0.032617628490885404 	 0.03164669602168275 	 0.032617628490885404 	 0.03164669602168275 	 3.013855740198601E-4 	 0.030769773875592647 	 3.013855740198601E-4 	 0.030769773875592647 	 3.013855740198601E-4 	 0.030769773875592647 	 3.013855740198601E-4 	 0.030769773875592647 	 
-2.304 	 0.02748806885475042 	 0.026415738468569077 	 0.02748806885475042 	 0.026415738468569077 	 0.02748806885475042 	 0.026415738468569077 	 0.02748806885475042 	 0.026415738468569077 	 2.6807287822277755E-4 	 0.026454569553002447 	 2.6807287822277755E-4 	 0.026454569553002447 	 2.6807287822277755E-4 	 0.026454569553002447 	 2.6807287822277755E-4 	 0.026454569553002447 	 
-2.2800000000000002 	 0.03935891238450286 	 0.0422897497846361 	 0.03935891238450286 	 0.0422897497846361 	 0.03935891238450286 	 0.0422897497846361 	 0.03935891238450286 	 0.0422897497846361 	 2.873264097172317E-4 	 0.03727217832734812 	 2.873264097172317E-4 	 0.03727217832734812 	 2.873264097172317E-4 	 0.03727217832734812 	 2.873264097172317E-4 	 0.03727217832734812 	 
-2.2560000000000002 	 0.03697795248478311 	 0.03640454581346315 	 0.03697795248478311 	 0.03640454581346315 	 0.03697795248478311 	 0.03640454581346315 	 0.03697795248478311 	 0.03640454581346315 	 2.8856806274442435E-4 	 0.03531613284767452 	 2.8856806274442435E-4 	 0.03531613284767452 	 2.8856806274442435E-4 	 0.03531613284767452 	 2.8856806274442435E-4 	 0.03531613284767452 	 
-2.232 	 0.03419941847523902 	 0.0337872490134986 	 0.03419941847523902 	 0.0337872490134986 	 0.03419941847523902 	 0.0337872490134986 	 0.03419941847523902 	 0.0337872490134986 	 2.859136039405919E-4 	 0.033149673746850274 	 2.859136039405919E-4 	 0.033149673746850274 	 2.859136039405919E-4 	 0.033149673746850274 	 2.859136039405919E-4 	 0.033149673746850274 	 
-2.208 	 0.03577946403374922 	 0.036157616464990786 	 0.03577946403374922 	 0.036157616464990786 	 0.03577946403374922 	 0.036157616464990786 	 0.03577946403374922 	 0.036157616464990786 	 3.026533803833708E-4 	 0.03478249163474479 	 3.026533803833708E-4 	 0.03478249163474479 	 3.026533803833708E-4 	 0.03478249163474479 	 3.026533803833708E-4 	 0.03478249163474479 	 
-2.184 	 0.034977612439829386 	 0.03474143783121485 	 0.034977612439829386 	 0.03474143783121485 	 0.034977612439829386 	 0.03474143783121485 	 0.034977612439829386 	 0.03474143783121485 	 3.54013687199973E-4 	 0.034229135741655765 	 3.54013687199973E-4 	 0.034229135741655765 	 3.54013687199973E-4 	 0.034229135741655765 	 3.54013687199973E-4 	 0.034229135741655765 	 
-2.16 	 0.03415845922110602 	 0.03402949352495255 	 0.03415845922110602 	 0.03402949352495255 	 0.03415845922110602 	 0.03402949352495255 	 0.03415845922110602 	 0.03402949352495255 	 3.698802000083722E-4 	 0.03361021638763021 	 3.698802000083722E-4 	 0.03361021638763021 	 3.698802000083722E-4 	 0.03361021638763021 	 3.698802000083722E-4 	 0.03361021638763021 	 
-2.136 	 0.036347634270840395 	 0.03687783715853063 	 0.036347634270840395 	 0.03687783715853063 	 0.036347634270840395 	 0.03687783715853063 	 0.036347634270840395 	 0.03687783715853063 	 4.278093200019946E-4 	 0.035720319236141246 	 4.278093200019946E-4 	 0.035720319236141246 	 4.278093200019946E-4 	 0.035720319236141246 	 4.278093200019946E-4 	 0.035720319236141246 	 
-2.112 	 0.03914648484602889 	 0.03973148505609222 	 0.03914648484602889 	 0.03973148505609222 	 0.03914648484602889 	 0.03973148505609222 	 0.03914648484602889 	 0.03973148505609222 	 4.762858143452285E-4 	 0.03833299533469934 	 4.762858143452285E-4 	 0.03833299533469934 	 4.762858143452285E-4 	 0.03833299533469934 	 4.762858143452285E-4 	 0.03833299533469934 	 
-2.088 	 0.0273491825560973 	 0.024564737853954844 	 0.0273491825560973 	 0.024564737853954844 	 0.0273491825560973 	 0.024564737853954844 	 0.0273491825560973 	 0.024564737853954844 	 4.550376535934434E-4 	 0.02783455550578673 	 4.550376535934434E-4 	 0.02783455550578673 	 4.550376535934434E-4 	 0.02783455550578673 	 4.550376535934434E-4 	 0.02783455550578673 	 
-2.064 	 0.025732314755911714 	 0.02547918260242047 	 0.025732314755911714 	 0.02547918260242047 	 0.025732314755911714 	 0.02547918260242047 	 0.025732314755911714 	 0.02547918260242047 	 5.175660809512216E-4 	 0.02641463519080281 	 5.175660809512216E-4 	 0.02641463519080281 	 5.175660809512216E-4 	 0.02641463519080281 	 5.175660809512216E-4 	 0.02641463519080281 	 
-2.04 	 0.026931583844316417 	 0.027141165575835378 	 0.026931583844316417 	 0.027141165575835378 	 0.026931583844316417 	 0.027141165575835378 	 0.026931583844316417 	 0.027141165575835378 	 4.972936849211662E-4 	 0.0273044201884249 	 4.972936849211662E-4 	 0.0273044201884249 	 4.972936849211662E-4 	 0.0273044201884249 	 4.972936849211662E-4 	 0.0273044201884249 	 
-2.016 	 0.023897536562920867 	 0.02311122870963512 	 0.023897536562920867 	 0.02311122870963512 	 0.023897536562920867 	 0.02311122870963512 	 0.023897536562920867 	 0.02311122870963512 	 5.648813758738904E-4 	 0.024413590987703696 	 5.648813758738904E-4 	 0.024413590987703696 	 5.648813758738904E-4 	 0.024413590987703696 	 5.648813758738904E-4 	 0.024413590987703696 	 
-1.992 	 0.020671070793553535 	 0.019782181937276024 	 0.020671070793553535 	 0.019782181937276024 	 0.020671070793553535 	 0.019782181937276024 	 0.020671070793553535 	 0.019782181937276024 	 5.353440748053751E-4 	 0.02141308117496426 	 5.353440748053751E-4 	 0.02141308117496426 	 5.353440748053751E-4 	 0.02141308117496426 	 5.353440748053751E-4 	 0.02141308117496426 	 
-1.968 	 0.02028152828482553 	 0.020245237139452827 	 0.02028152828482553 	 0.020245237139452827 	 0.02028152828482553 	 0.020245237139452827 	 0.02028152828482553 	 0.020245237139452827 	 5.326822227479914E-4 	 0.020946654964606598 	 5.326822227479914E-4 	 0.020946654964606598 	 5.326822227479914E-4 	 0.020946654964606598 	 5.326822227479914E-4 	 0.020946654964606598 	 
-1.944 	 0.015864285729335636 	 0.014795110516310831 	 0.015864285729335636 	 0.014795110516310831 	 0.015864285729335636 	 0.014795110516310831 	 0.015864285729335636 	 0.014795110516310831 	 5.334715120934376E-4 	 0.016817760698549053 	 5.334715120934376E-4 	 0.016817760698549053 	 5.334715120934376E-4 	 0.016817760698549053 	 5.334715120934376E-4 	 0.016817760698549053 	 
-1.92 	 0.014761773826306801 	 0.014305674940565904 	 0.014761773826306801 	 0.014305674940565904 	 0.014761773826306801 	 0.014305674940565904 	 0.014761773826306801 	 0.014305674940565904 	 5.319289473549775E-4 	 0.015646763813458697 	 5.319289473549775E-4 	 0.015646763813458697 	 5.319289473549775E-4 	 0.015646763813458697 	 5.319289473549775E-4 	 0.015646763813458697 	 
-1.896 	 0.014289533111578462 	 0.014065023869910822 	 0.014289533111578462 	 0.014065023869910822 	 0.014289533111578462 	 0.014065023869910822 	 0.014289533111578462 	 0.014065023869910822 	 5.351881545591049E-4 	 0.01503863813740285 	 5.351881545591049E-4 	 0.01503863813740285 	 5.351881545591049E-4 	 0.01503863813740285 	 5.351881545591049E-4 	 0.01503863813740285 	 
-1.8719999999999999 	 0.012084206610006186 	 0.011458101683502447 	 0.012084206610006186 	 0.011458101683502447 	 0.012084206610006186 	 0.011458101683502447 	 0.012084206610006186 	 0.011458101683502447 	 5.656184538036529E-4 	 0.012913357582574595 	 5.656184538036529E-4 	 0.012913357582574595 	 5.656184538036529E-4 	 0.012913357582574595 	 5.656184538036529E-4 	 0.012913357582574595 	 
-1.8479999999999999 	 0.007434866640381804 	 0.006235139788825474 	 0.007434866640381804 	 0.006235139788825474 	 0.007434866640381804 	 0.006235139788825474 	 0.007434866640381804 	 0.006235139788825474 	 5.686687754627613E-4 	 0.008613663999984221 	 5.686687754627613E-4 	 0.008613663999984221 	 5.686687754627613E-4 	 0.008613663999984221 	 5.686687754627613E-4 	 0.008613663999984221 	 
-1.824 	 0.007835929645514496 	 0.007879605699289607 	 0.007835929645514496 	 0.007879605699289607 	 0.007835929645514496 	 0.007879605699289607 	 0.007835929645514496 	 0.007879605699289607 	 6.356004016976312E-4 	 0.008776141401063227 	 6.356004016976312E-4 	 0.008776141401063227 	 6.356004016976312E-4 	 0.008776141401063227 	 6.356004016976312E-4 	 0.008776141401063227 	 
-1.8 	 0.00668391465448438 	 0.006227037854383869 	 0.00668391465448438 	 0.006227037854383869 	 0.00668391465448438 	 0.006227037854383869 	 0.00668391465448438 	 0.006227037854383869 	 6.400045049075004E-4 	 0.0075550107623682215 	 6.400045049075004E-4 	 0.0075550107623682215 	 6.400045049075004E-4 	 0.0075550107623682215 	 6.400045049075004E-4 	 0.0075550107623682215 	 
-1.776 	 0.005483487735786322 	 0.005037914192734764 	 0.005483487735786322 	 0.005037914192734764 	 0.005483487735786322 	 0.005037914192734764 	 0.005483487735786322 	 0.005037914192734764 	 6.547101260096905E-4 	 0.006374328876981609 	 6.547101260096905E-4 	 0.006374328876981609 	 6.547101260096905E-4 	 0.006374328876981609 	 6.547101260096905E-4 	 0.006374328876981609 	 
-1.752 	 0.004093536008989174 	 0.0036120175061605366 	 0.004093536008989174 	 0.0036120175061605366 	 0.004093536008989174 	 0.0036120175061605366 	 0.004093536008989174 	 0.0036120175061605366 	 6.206316076090787E-4 	 0.00499584453071258 	 6.206316076090787E-4 	 0.00499584453071258 	 6.206316076090787E-4 	 0.00499584453071258 	 6.206316076090787E-4 	 0.00499584453071258 	 
-1.728 	 0.0035283426773907688 	 0.0033706669525993102 	 0.0035283426773907688 	 0.0033706669525993102 	 0.0035283426773907688 	 0.0033706669525993102 	 0.0035283426773907688 	 0.0033706669525993102 	 5.439568605028693E-4 	 0.004420178996507985 	 5.439568605028693E-4 	 0.004420178996507985 	 5.439568605028693E-4 	 0.004420178996507985 	 5.439568605028693E-4 	 0.004420178996507985 	 
-1.704 	 0.0023189734868235634 	 0.0019480186776404881 	 0.0023189734868235634 	 0.0019480186776404881 	 0.0023189734868235634 	 0.0019480186776404881 	 0.0023189734868235634 	 0.0019480186776404881 	 5.74828945284629E-4 	 0.003208895896847237 	 5.74828945284629E-4 	 0.003208895896847237 	 5.74828945284629E-4 	 0.003208895896847237 	 5.74828945284629E-4 	 0.003208895896847237 	 
-1.68 	 0.0033413818641471076 	 0.00360222466876315 	 0.0033413818641471076 	 0.00360222466876315 	 0.0033413818641471076 	 0.00360222466876315 	 0.0033413818641471076 	 0.00360222466876315 	 5.336058082637302E-4 	 0.004013699890410655 	 5.336058082637302E-4 	 0.004013699890410655 	 5.336058082637302E-4 	 0.004013699890410655 	 5.336058082637302E-4 	 0.004013699890410655 	 
-1.656 	 0.0014895912683496844 	 9.976694462347988E-4 	 0.0014895912683496844 	 9.976694462347988E-4 	 0.0014895912683496844 	 9.976694462347988E-4 	 0.0014895912683496844 	 9.976694462347988E-4 	 5.496887497287832E-4 	 0.002238872923038333 	 5.496887497287832E-4 	 0.002238872923038333 	 5.496887497287832E-4 	 0.002238872923038333 	 5.496887497287832E-4 	 0.002238872923038333 	 
-1.632 	 0.0013278091511013462 	 0.001229619274162989 	 0.0013278091511013462 	 0.001229619274162989 	 0.0013278091511013462 	 0.001229619274162989 	 0.0013278091511013462 	 0.001229619274162989 	 5.60829915965222E-4 	 0.002057482075441104 	 5.60829915965222E-4 	 0.002057482075441104 	 5.60829915965222E-4 	 0.002057482075441104 	 5.60829915965222E-4 	 0.002057482075441104 	 
-1.6079999999999999 	 0.002048366064401487 	 0.0021769794051821087 	 0.002048366064401487 	 0.0021769794051821087 	 0.002048366064401487 	 0.0021769794051821087 	 0.002048366064401487 	 0.0021769794051821087 	 5.113058269402314E-4 	 0.0026233961206032917 	 5.113058269402314E-4 	 0.0026233961206032917 	 5.113058269402314E-4 	 0.0026233961206032917 	 5.113058269402314E-4 	 0.0026233961206032917 	 
-1.584 	 0.002325597872283281 	 0.002415711386024036 	 0.002325597872283281 	 0.002415711386024036 	 0.002325597872283281 	 0.002415711386024036 	 0.002325597872283281 	 0.002415711386024036 	 5.709999280721391E-4 	 0.002838384598444437 	 5.709999280721391E-4 	 0.002838384598444437 	 5.709999280721391E-4 	 0.002838384598444437 	 5.709999280721391E-4 	 0.002838384598444437 	 
-1.56 	 0.001059655117852809 	 7.56909283897987E-4 	 0.001059655117852809 	 7.56909283897987E-4 	 0.001059655117852809 	 7.56909283897987E-4 	 0.001059655117852809 	 7.56909283897987E-4 	 6.204225759863709E-4 	 0.0016713775390942427 	 6.204225759863709E-4 	 0.0016713775390942427 	 6.204225759863709E-4 	 0.0016713775390942427 	 6.204225759863709E-4 	 0.0016713775390942427 	 
-1.536 	 9.92237713850761E-4 	 9.897764332136099E-4 	 9.92237713850761E-4 	 9.897764332136099E-4 	 9.92237713850761E-4 	 9.897764332136099E-4 	 9.92237713850761E-4 	 9.897764332136099E-4 	 6.7990314702566E-4 	 0.001572225891836072 	 6.7990314702566E-4 	 0.001572225891836072 	 6.7990314702566E-4 	 0.001572225891836072 	 6.7990314702566E-4 	 0.001572225891836072 	 
-1.512 	 4.1628800050224875E-4 	 2.800636975979737E-4 	 4.1628800050224875E-4 	 2.800636975979737E-4 	 4.1628800050224875E-4 	 2.800636975979737E-4 	 4.1628800050224875E-4 	 2.800636975979737E-4 	 7.066493691814642E-4 	 0.0010051176624370347 	 7.066493691814642E-4 	 0.0010051176624370347 	 7.066493691814642E-4 	 0.0010051176624370347 	 7.066493691814642E-4 	 0.0010051176624370347 	 
-1.488 	 4.906496969175382E-4 	 5.156860996837662E-4 	 4.906496969175382E-4 	 5.156860996837662E-4 	 4.906496969175382E-4 	 5.156860996837662E-4 	 4.906496969175382E-4 	 5.156860996837662E-4 	 7.386067845057191E-4 	 0.0010374003069193796 	 7.386067845057191E-4 	 0.0010374003069193796 	 7.386067845057191E-4 	 0.0010374003069193796 	 7.386067845057191E-4 	 0.0010374003069193796 	 
-1.464 	 7.311812884388197E-4 	 7.559331658082974E-4 	 7.311812884388197E-4 	 7.559331658082974E-4 	 7.311812884388197E-4 	 7.559331658082974E-4 	 7.311812884388197E-4 	 7.559331658082974E-4 	 7.773431792553443E-4 	 0.0012172022973391942 	 7.773431792553443E-4 	 0.0012172022973391942 	 7.773431792553443E-4 	 0.0012172022973391942 	 7.773431792553443E-4 	 0.0012172022973391942 	 
-1.44 	 2.0348845249234978E-4 	 4.571137315395511E-5 	 2.0348845249234978E-4 	 4.571137315395511E-5 	 2.0348845249234978E-4 	 4.571137315395511E-5 	 2.0348845249234978E-4 	 4.571137315395511E-5 	 8.015575767333262E-4 	 7.277290318789757E-4 	 8.015575767333262E-4 	 7.277290318789757E-4 	 8.015575767333262E-4 	 7.277290318789757E-4 	 8.015575767333262E-4 	 7.277290318789757E-4 	 
-1.416 	 4.639694962982521E-4 	 5.194261799333792E-4 	 4.639694962982521E-4 	 5.194261799333792E-4 	 4.639694962982521E-4 	 5.194261799333792E-4 	 4.639694962982521E-4 	 5.194261799333792E-4 	 8.443991579754868E-4 	 9.449027310005529E-4 	 8.443991579754868E-4 	 9.449027310005529E-4 	 8.443991579754868E-4 	 9.449027310005529E-4 	 8.443991579754868E-4 	 9.449027310005529E-4 	 
-1.392 	 1.3314926728914597E-4 	 4.695339291521236E-5 	 1.3314926728914597E-4 	 4.695339291521236E-5 	 1.3314926728914597E-4 	 4.695339291521236E-5 	 1.3314926728914597E-4 	 4.695339291521236E-5 	 9.279876230439485E-4 	 6.297993923286703E-4 	 9.279876230439485E-4 	 6.297993923286703E-4 	 9.279876230439485E-4 	 6.297993923286703E-4 	 9.279876230439485E-4 	 6.297993923286703E-4 	 
-1.3679999999999999 	 4.313019899085921E-4 	 5.184678129864745E-4 	 4.313019899085921E-4 	 5.184678129864745E-4 	 4.313019899085921E-4 	 5.184678129864745E-4 	 4.313019899085921E-4 	 5.184678129864745E-4 	 9.667870748529886E-4 	 8.828686365981654E-4 	 9.667870748529886E-4 	 8.828686365981654E-4 	 9.667870748529886E-4 	 8.828686365981654E-4 	 9.667870748529886E-4 	 8.828686365981654E-4 	 
-1.3439999999999999 	 6.77992031257388E-4 	 7.559299587554273E-4 	 6.77992031257388E-4 	 7.559299587554273E-4 	 6.77992031257388E-4 	 7.559299587554273E-4 	 6.77992031257388E-4 	 7.559299587554273E-4 	 0.0010680825112213954 	 0.001066183564916358 	 0.0010680825112213954 	 0.001066183564916358 	 0.0010680825112213954 	 0.001066183564916358 	 0.0010680825112213954 	 0.001066183564916358 	 
-1.32 	 5.309458528688604E-4 	 5.189059961283598E-4 	 5.309458528688604E-4 	 5.189059961283598E-4 	 5.309458528688604E-4 	 5.189059961283598E-4 	 5.309458528688604E-4 	 5.189059961283598E-4 	 0.0010855255422237676 	 9.309491528708676E-4 	 0.0010855255422237676 	 9.309491528708676E-4 	 0.0010855255422237676 	 9.309491528708676E-4 	 0.0010855255422237676 	 9.309491528708676E-4 	 
-1.296 	 1.1956343148095265E-4 	 4.1985655073039065E-5 	 1.1956343148095265E-4 	 4.1985655073039065E-5 	 1.1956343148095265E-4 	 4.1985655073039065E-5 	 1.1956343148095265E-4 	 4.1985655073039065E-5 	 0.001188860232613371 	 5.478386075040157E-4 	 0.001188860232613371 	 5.478386075040157E-4 	 0.001188860232613371 	 5.478386075040157E-4 	 0.001188860232613371 	 5.478386075040157E-4 	 
-1.272 	 2.2558786394071028E-4 	 2.7719278249628874E-4 	 2.2558786394071028E-4 	 2.7719278249628874E-4 	 2.2558786394071028E-4 	 2.7719278249628874E-4 	 2.2558786394071028E-4 	 2.7719278249628874E-4 	 0.0012499339837050124 	 6.227708035468406E-4 	 0.0012499339837050124 	 6.227708035468406E-4 	 0.0012499339837050124 	 6.227708035468406E-4 	 0.0012499339837050124 	 6.227708035468406E-4 	 
-1.248 	 6.220442813271154E-5 	 3.829996212606704E-5 	 6.220442813271154E-5 	 3.829996212606704E-5 	 6.220442813271154E-5 	 3.829996212606704E-5 	 6.220442813271154E-5 	 3.829996212606704E-5 	 0.001339910458870054 	 4.588603360255881E-4 	 0.001339910458870054 	 4.588603360255881E-4 	 0.001339910458870054 	 4.588603360255881E-4 	 0.001339910458870054 	 4.588603360255881E-4 	 
-1.224 	 2.147777337162642E-4 	 2.722729139181453E-4 	 2.147777337162642E-4 	 2.722729139181453E-4 	 2.147777337162642E-4 	 2.722729139181453E-4 	 2.147777337162642E-4 	 2.722729139181453E-4 	 0.0014066030825142842 	 5.838951575344417E-4 	 0.0014066030825142842 	 5.838951575344417E-4 	 0.0014066030825142842 	 5.838951575344417E-4 	 0.0014066030825142842 	 5.838951575344417E-4 	 
-1.2 	 5.75885208431351E-5 	 3.4182078615955616E-5 	 5.75885208431351E-5 	 3.4182078615955616E-5 	 5.75885208431351E-5 	 3.4182078615955616E-5 	 5.75885208431351E-5 	 3.4182078615955616E-5 	 0.0014607588095296804 	 4.3204360970019735E-4 	 0.0014607588095296804 	 4.3204360970019735E-4 	 0.0014607588095296804 	 4.3204360970019735E-4 	 0.0014607588095296804 	 4.3204360970019735E-4 	 
-1.176 	 4.023057813620209E-4 	 5.059813046534728E-4 	 4.023057813620209E-4 	 5.059813046534728E-4 	 4.023057813620209E-4 	 5.059813046534728E-4 	 4.023057813620209E-4 	 5.059813046534728E-4 	 0.0015403795960676001 	 7.30306844922039E-4 	 0.0015403795960676001 	 7.30306844922039E-4 	 0.0015403795960676001 	 7.30306844922039E-4 	 0.0015403795960676001 	 7.30306844922039E-4 	 
-1.152 	 2.8633688999585923E-4 	 2.696687168063355E-4 	 2.8633688999585923E-4 	 2.696687168063355E-4 	 2.8633688999585923E-4 	 2.696687168063355E-4 	 2.8633688999585923E-4 	 2.696687168063355E-4 	 0.0016660464007281297 	 6.24625164661569E-4 	 0.0016660464007281297 	 6.24625164661569E-4 	 0.0016660464007281297 	 6.24625164661569E-4 	 0.0016660464007281297 	 6.24625164661569E-4 	 
-1.128 	 6.251450929932754E-5 	 3.0006341179997235E-5 	 6.251450929932754E-5 	 3.0006341179997235E-5 	 6.251450929932754E-5 	 3.0006341179997235E-5 	 6.251450929932754E-5 	 3.0006341179997235E-5 	 0.0017648761380868704 	 4.1969339649107024E-4 	 0.0017648761380868704 	 4.1969339649107024E-4 	 0.0017648761380868704 	 4.1969339649107024E-4 	 0.0017648761380868704 	 4.1969339649107024E-4 	 
-1.1039999999999999 	 3.945420694784782E-4 	 5.035275266302207E-4 	 3.945420694784782E-4 	 5.035275266302207E-4 	 3.945420694784782E-4 	 5.035275266302207E-4 	 3.945420694784782E-4 	 5.035275266302207E-4 	 0.001872975101168988 	 7.177366520053001E-4 	 0.001872975101168988 	 7.177366520053001E-4 	 0.001872975101168988 	 7.177366520053001E-4 	 0.001872975101168988 	 7.177366520053001E-4 	 
-1.08 	 2.681280378404148E-4 	 2.653034086840379E-4 	 2.681280378404148E-4 	 2.653034086840379E-4 	 2.681280378404148E-4 	 2.653034086840379E-4 	 2.681280378404148E-4 	 2.653034086840379E-4 	 0.002020292557441664 	 5.832316420777616E-4 	 0.002020292557441664 	 5.832316420777616E-4 	 0.002020292557441664 	 5.832316420777616E-4 	 0.002020292557441664 	 5.832316420777616E-4 	 
-1.056 	 5.198990026940176E-5 	 2.834537663827977E-5 	 5.198990026940176E-5 	 2.834537663827977E-5 	 5.198990026940176E-5 	 2.834537663827977E-5 	 5.198990026940176E-5 	 2.834537663827977E-5 	 0.002191438150220924 	 3.896758236785814E-4 	 0.002191438150220924 	 3.896758236785814E-4 	 0.002191438150220924 	 3.896758236785814E-4 	 0.002191438150220924 	 3.896758236785814E-4 	 
-1.032 	 2.1003860960726718E-4 	 2.65932066512828E-4 	 2.1003860960726718E-4 	 2.65932066512828E-4 	 2.1003860960726718E-4 	 2.65932066512828E-4 	 2.1003860960726718E-4 	 2.65932066512828E-4 	 0.002396357443888019 	 5.274127958280528E-4 	 0.002396357443888019 	 5.274127958280528E-4 	 0.002396357443888019 	 5.274127958280528E-4 	 0.002396357443888019 	 5.274127958280528E-4 	 
-1.008 	 6.112599010563058E-5 	 2.806669673045841E-5 	 6.112599010563058E-5 	 2.806669673045841E-5 	 6.112599010563058E-5 	 2.806669673045841E-5 	 6.112599010563058E-5 	 2.806669673045841E-5 	 0.0025004360014914875 	 3.7851407555339404E-4 	 0.0025004360014914875 	 3.7851407555339404E-4 	 0.0025004360014914875 	 3.7851407555339404E-4 	 0.0025004360014914875 	 3.7851407555339404E-4 	 
-0.984 	 2.1287432839877377E-4 	 2.66306793256878E-4 	 2.1287432839877377E-4 	 2.66306793256878E-4 	 2.1287432839877377E-4 	 2.66306793256878E-4 	 2.1287432839877377E-4 	 2.66306793256878E-4 	 0.0027866728827149728 	 5.249935676563073E-4 	 0.0027866728827149728 	 5.249935676563073E-4 	 0.0027866728827149728 	 5.249935676563073E-4 	 0.0027866728827149728 	 5.249935676563073E-4 	 
-0.96 	 5.5673817609820336E-5 	 3.182494889057172E-5 	 5.5673817609820336E-5 	 3.182494889057172E-5 	 5.5673817609820336E-5 	 3.182494889057172E-5 	 5.5673817609820336E-5 	 3.182494889057172E-5 	 0.0030958816339406187 	 3.7773686252793746E-4 	 0.0030958816339406187 	 3.7773686252793746E-4 	 0.0030958816339406187 	 3.7773686252793746E-4 	 0.0030958816339406187 	 3.7773686252793746E-4 	 
-0.9359999999999999 	 2.0381360032639917E-4 	 2.6805748460047134E-4 	 2.0381360032639917E-4 	 2.6805748460047134E-4 	 2.0381360032639917E-4 	 2.6805748460047134E-4 	 2.0381360032639917E-4 	 2.6805748460047134E-4 	 0.003342162357214013 	 5.023502449196312E-4 	 0.003342162357214013 	 5.023502449196312E-4 	 0.003342162357214013 	 5.023502449196312E-4 	 0.003342162357214013 	 5.023502449196312E-4 	 
-0.9119999999999999 	 4.48189686563093E-5 	 3.217888918736368E-5 	 4.48189686563093E-5 	 3.217888918736368E-5 	 4.48189686563093E-5 	 3.217888918736368E-5 	 4.48189686563093E-5 	 3.217888918736368E-5 	 0.0035956999625565023 	 3.4654837538597324E-4 	 0.0035956999625565023 	 3.4654837538597324E-4 	 0.0035956999625565023 	 3.4654837538597324E-4 	 0.0035956999625565023 	 3.4654837538597324E-4 	 
-0.8879999999999999 	 1.3200004932504025E-5 	 3.34692359250944E-5 	 1.3200004932504025E-5 	 3.34692359250944E-5 	 1.3200004932504025E-5 	 3.34692359250944E-5 	 1.3200004932504025E-5 	 3.34692359250944E-5 	 0.004228669811159537 	 3.205526525035486E-4 	 0.004228669811159537 	 3.205526525035486E-4 	 0.004228669811159537 	 3.205526525035486E-4 	 0.004228669811159537 	 3.205526525035486E-4 	 
-0.8639999999999999 	 2.035906111132838E-5 	 3.490686382901329E-5 	 2.035906111132838E-5 	 3.490686382901329E-5 	 2.035906111132838E-5 	 3.490686382901329E-5 	 2.035906111132838E-5 	 3.490686382901329E-5 	 0.004659008026123657 	 3.164896696069833E-4 	 0.004659008026123657 	 3.164896696069833E-4 	 0.004659008026123657 	 3.164896696069833E-4 	 0.004659008026123657 	 3.164896696069833E-4 	 
-0.8399999999999999 	 2.1335248123170546E-4 	 2.7416922286216546E-4 	 2.1335248123170546E-4 	 2.7416922286216546E-4 	 2.1335248123170546E-4 	 2.7416922286216546E-4 	 2.1335248123170546E-4 	 2.7416922286216546E-4 	 0.0052148468279142775 	 4.8784539471811343E-4 	 0.0052148468279142775 	 4.8784539471811343E-4 	 0.0052148468279142775 	 4.8784539471811343E-4 	 0.0052148468279142775 	 4.8784539471811343E-4 	 
-0.8159999999999998 	 2.458169192221591E-4 	 2.772322138353878E-4 	 2.458169192221591E-4 	 2.772322138353878E-4 	 2.458169192221591E-4 	 2.772322138353878E-4 	 2.458169192221591E-4 	 2.772322138353878E-4 	 0.005934989549039919 	 5.204714498941488E-4 	 0.005934989549039919 	 5.204714498941488E-4 	 0.005934989549039919 	 5.204714498941488E-4 	 0.005934989549039919 	 5.204714498941488E-4 	 
-0.7919999999999998 	 2.418936218491441E-4 	 2.788605262241094E-4 	 2.418936218491441E-4 	 2.788605262241094E-4 	 2.418936218491441E-4 	 2.788605262241094E-4 	 2.418936218491441E-4 	 2.788605262241094E-4 	 0.00671467850952196 	 5.126391512267837E-4 	 0.00671467850952196 	 5.126391512267837E-4 	 0.00671467850952196 	 5.126391512267837E-4 	 0.00671467850952196 	 5.126391512267837E-4 	 
-0.7679999999999998 	 5.3616662486664556E-5 	 4.510351398922E-5 	 5.3616662486664556E-5 	 4.510351398922E-5 	 5.3616662486664556E-5 	 4.510351398922E-5 	 5.3616662486664556E-5 	 4.510351398922E-5 	 0.007816255718377445 	 3.482963725953993E-4 	 0.007816255718377445 	 3.482963725953993E-4 	 0.007816255718377445 	 3.482963725953993E-4 	 0.007816255718377445 	 3.482963725953993E-4 	 
-0.7439999999999998 	 1.807862121398197E-5 	 4.6452200415832545E-5 	 1.807862121398197E-5 	 4.6452200415832545E-5 	 1.807862121398197E-5 	 4.6452200415832545E-5 	 1.807862121398197E-5 	 4.6452200415832545E-5 	 0.009020640204887163 	 3.019425858693607E-4 	 0.009020640204887163 	 3.019425858693607E-4 	 0.009020640204887163 	 3.019425858693607E-4 	 0.009020640204887163 	 3.019425858693607E-4 	 
-0.7199999999999998 	 1.3934327045052053E-5 	 5.1545679530438546E-5 	 1.3934327045052053E-5 	 5.1545679530438546E-5 	 1.3934327045052053E-5 	 5.1545679530438546E-5 	 1.3934327045052053E-5 	 5.1545679530438546E-5 	 0.01063614364677145 	 2.999886867862842E-4 	 0.01063614364677145 	 2.999886867862842E-4 	 0.01063614364677145 	 2.999886867862842E-4 	 0.01063614364677145 	 2.999886867862842E-4 	 
-0.6959999999999997 	 2.601715236317864E-5 	 5.585630394939986E-5 	 2.601715236317864E-5 	 5.585630394939986E-5 	 2.601715236317864E-5 	 5.585630394939986E-5 	 2.601715236317864E-5 	 5.585630394939986E-5 	 0.012409176911697978 	 3.055817973790384E-4 	 0.012409176911697978 	 3.055817973790384E-4 	 0.012409176911697978 	 3.055817973790384E-4 	 0.012409176911697978 	 3.055817973790384E-4 	 
-0.6720000000000002 	 2.346721193694485E-5 	 5.8447604107209316E-5 	 2.346721193694485E-5 	 5.8447604107209316E-5 	 2.346721193694485E-5 	 5.8447604107209316E-5 	 2.346721193694485E-5 	 5.8447604107209316E-5 	 0.014606719398529009 	 3.032453108648752E-4 	 0.014606719398529009 	 3.032453108648752E-4 	 0.014606719398529009 	 3.032453108648752E-4 	 0.014606719398529009 	 3.032453108648752E-4 	 
-0.6480000000000001 	 2.0729850849152213E-4 	 2.988258608787499E-4 	 2.0729850849152213E-4 	 2.988258608787499E-4 	 2.0729850849152213E-4 	 2.988258608787499E-4 	 2.0729850849152213E-4 	 2.988258608787499E-4 	 0.017247929342426877 	 4.7307357296946003E-4 	 0.017247929342426877 	 4.7307357296946003E-4 	 0.017247929342426877 	 4.7307357296946003E-4 	 0.017247929342426877 	 4.7307357296946003E-4 	 
-0.6240000000000001 	 5.835953052189563E-5 	 7.0512118193971E-5 	 5.835953052189563E-5 	 7.0512118193971E-5 	 5.835953052189563E-5 	 7.0512118193971E-5 	 5.835953052189563E-5 	 7.0512118193971E-5 	 0.02023342811262478 	 3.4211484038392957E-4 	 0.02023342811262478 	 3.4211484038392957E-4 	 0.02023342811262478 	 3.4211484038392957E-4 	 0.02023342811262478 	 3.4211484038392957E-4 	 
-0.6000000000000001 	 2.9701457005957212E-5 	 7.36846583926405E-5 	 2.9701457005957212E-5 	 7.36846583926405E-5 	 2.9701457005957212E-5 	 7.36846583926405E-5 	 2.9701457005957212E-5 	 7.36846583926405E-5 	 0.023703161798191864 	 3.1844308629735903E-4 	 0.023703161798191864 	 3.1844308629735903E-4 	 0.023703161798191864 	 3.1844308629735903E-4 	 0.023703161798191864 	 3.1844308629735903E-4 	 
-0.5760000000000001 	 3.03765356153328E-5 	 8.018646313428065E-5 	 3.03765356153328E-5 	 8.018646313428065E-5 	 3.03765356153328E-5 	 8.018646313428065E-5 	 3.03765356153328E-5 	 8.018646313428065E-5 	 0.027726346898906105 	 3.200558911592424E-4 	 0.027726346898906105 	 3.200558911592424E-4 	 0.027726346898906105 	 3.200558911592424E-4 	 0.027726346898906105 	 3.200558911592424E-4 	 
-0.552 	 3.6475930830273E-5 	 8.881580333330082E-5 	 3.6475930830273E-5 	 8.881580333330082E-5 	 3.6475930830273E-5 	 8.881580333330082E-5 	 3.6475930830273E-5 	 8.881580333330082E-5 	 0.03169152903783684 	 3.319525588433689E-4 	 0.03169152903783684 	 3.319525588433689E-4 	 0.03169152903783684 	 3.319525588433689E-4 	 0.03169152903783684 	 3.319525588433689E-4 	 
-0.528 	 4.2930281412940826E-5 	 9.70498925217058E-5 	 4.2930281412940826E-5 	 9.70498925217058E-5 	 4.2930281412940826E-5 	 9.70498925217058E-5 	 4.2930281412940826E-5 	 9.70498925217058E-5 	 0.03656331018737207 	 3.4516347307421327E-4 	 0.03656331018737207 	 3.4516347307421327E-4 	 0.03656331018737207 	 3.4516347307421327E-4 	 0.03656331018737207 	 3.4516347307421327E-4 	 
-0.504 	 5.075588189091405E-5 	 1.0477238591858766E-4 	 5.075588189091405E-5 	 1.0477238591858766E-4 	 5.075588189091405E-5 	 1.0477238591858766E-4 	 5.075588189091405E-5 	 1.0477238591858766E-4 	 0.04066257747163007 	 3.561366026770293E-4 	 0.04066257747163007 	 3.561366026770293E-4 	 0.04066257747163007 	 3.561366026770293E-4 	 0.04066257747163007 	 3.561366026770293E-4 	 
-0.48 	 5.9996779597030696E-5 	 1.148438661771118E-4 	 5.9996779597030696E-5 	 1.148438661771118E-4 	 5.9996779597030696E-5 	 1.148438661771118E-4 	 5.9996779597030696E-5 	 1.148438661771118E-4 	 0.04464331211039049 	 3.765502818797391E-4 	 0.04464331211039049 	 3.765502818797391E-4 	 0.04464331211039049 	 3.765502818797391E-4 	 0.04464331211039049 	 3.765502818797391E-4 	 
-0.45599999999999996 	 7.308189332623853E-5 	 1.2421988538070542E-4 	 7.308189332623853E-5 	 1.2421988538070542E-4 	 7.308189332623853E-5 	 1.2421988538070542E-4 	 7.308189332623853E-5 	 1.2421988538070542E-4 	 0.04783959344750907 	 3.8609506644567013E-4 	 0.04783959344750907 	 3.8609506644567013E-4 	 0.04783959344750907 	 3.8609506644567013E-4 	 0.04783959344750907 	 3.8609506644567013E-4 	 
-0.43199999999999994 	 7.659071642695576E-5 	 1.2672252379567687E-4 	 7.659071642695576E-5 	 1.2672252379567687E-4 	 7.659071642695576E-5 	 1.2672252379567687E-4 	 7.659071642695576E-5 	 1.2672252379567687E-4 	 0.05025030993141215 	 3.9581567124610963E-4 	 0.05025030993141215 	 3.9581567124610963E-4 	 0.05025030993141215 	 3.9581567124610963E-4 	 0.05025030993141215 	 3.9581567124610963E-4 	 
-0.4079999999999999 	 8.526105568818125E-5 	 1.3686248973588693E-4 	 8.526105568818125E-5 	 1.3686248973588693E-4 	 8.526105568818125E-5 	 1.3686248973588693E-4 	 8.526105568818125E-5 	 1.3686248973588693E-4 	 0.05184254112018325 	 4.0260632035692096E-4 	 0.05184254112018325 	 4.0260632035692096E-4 	 0.05184254112018325 	 4.0260632035692096E-4 	 0.05184254112018325 	 4.0260632035692096E-4 	 
-0.3839999999999999 	 8.887935436645536E-5 	 1.4035514974669773E-4 	 8.887935436645536E-5 	 1.4035514974669773E-4 	 8.887935436645536E-5 	 1.4035514974669773E-4 	 8.887935436645536E-5 	 1.4035514974669773E-4 	 0.05109270030330599 	 3.9282733115162836E-4 	 0.05109270030330599 	 3.9282733115162836E-4 	 0.05109270030330599 	 3.9282733115162836E-4 	 0.05109270030330599 	 3.9282733115162836E-4 	 
-0.3599999999999999 	 2.7252837236869297E-4 	 3.712105714728115E-4 	 2.7252837236869297E-4 	 3.712105714728115E-4 	 2.7252837236869297E-4 	 3.712105714728115E-4 	 2.7252837236869297E-4 	 3.712105714728115E-4 	 0.04921425576163135 	 5.409552315061522E-4 	 0.04921425576163135 	 5.409552315061522E-4 	 0.04921425576163135 	 5.409552315061522E-4 	 0.04921425576163135 	 5.409552315061522E-4 	 
-0.33599999999999985 	 1.2046138956177078E-4 	 1.3135120886171003E-4 	 1.2046138956177078E-4 	 1.3135120886171003E-4 	 1.2046138956177078E-4 	 1.3135120886171003E-4 	 1.2046138956177078E-4 	 1.3135120886171003E-4 	 0.04689425617370676 	 3.8517502646663354E-4 	 0.04689425617370676 	 3.8517502646663354E-4 	 0.04689425617370676 	 3.8517502646663354E-4 	 0.04689425617370676 	 3.8517502646663354E-4 	 
-0.31199999999999983 	 8.650466311781731E-5 	 1.233546501032692E-4 	 8.650466311781731E-5 	 1.233546501032692E-4 	 8.650466311781731E-5 	 1.233546501032692E-4 	 8.650466311781731E-5 	 1.233546501032692E-4 	 0.04387509968231615 	 3.333802257923097E-4 	 0.04387509968231615 	 3.333802257923097E-4 	 0.04387509968231615 	 3.333802257923097E-4 	 0.04387509968231615 	 3.333802257923097E-4 	 
-0.2879999999999998 	 7.986040928863673E-5 	 1.153862796834854E-4 	 7.986040928863673E-5 	 1.153862796834854E-4 	 7.986040928863673E-5 	 1.153862796834854E-4 	 7.986040928863673E-5 	 1.153862796834854E-4 	 0.040305501304694194 	 3.0805541920159266E-4 	 0.040305501304694194 	 3.0805541920159266E-4 	 0.040305501304694194 	 3.0805541920159266E-4 	 0.040305501304694194 	 3.0805541920159266E-4 	 
-0.2639999999999998 	 7.542558551357194E-5 	 1.092467580302184E-4 	 7.542558551357194E-5 	 1.092467580302184E-4 	 7.542558551357194E-5 	 1.092467580302184E-4 	 7.542558551357194E-5 	 1.092467580302184E-4 	 0.03606973353916842 	 2.771841617996007E-4 	 0.03606973353916842 	 2.771841617996007E-4 	 0.03606973353916842 	 2.771841617996007E-4 	 0.03606973353916842 	 2.771841617996007E-4 	 
-0.23999999999999977 	 6.631846185207087E-5 	 9.500209628497347E-5 	 6.631846185207087E-5 	 9.500209628497347E-5 	 6.631846185207087E-5 	 9.500209628497347E-5 	 6.631846185207087E-5 	 9.500209628497347E-5 	 0.031165654013131604 	 2.382264468245383E-4 	 0.031165654013131604 	 2.382264468245383E-4 	 0.031165654013131604 	 2.382264468245383E-4 	 0.031165654013131604 	 2.382264468245383E-4 	 
-0.21599999999999975 	 5.822886572525149E-5 	 8.25285473358377E-5 	 5.822886572525149E-5 	 8.25285473358377E-5 	 5.822886572525149E-5 	 8.25285473358377E-5 	 5.822886572525149E-5 	 8.25285473358377E-5 	 0.026948670109446474 	 2.0895288760648063E-4 	 0.026948670109446474 	 2.0895288760648063E-4 	 0.026948670109446474 	 2.0895288760648063E-4 	 0.026948670109446474 	 2.0895288760648063E-4 	 
-0.19199999999999973 	 5.083668049715061E-5 	 7.217245949152812E-5 	 5.083668049715061E-5 	 7.217245949152812E-5 	 5.083668049715061E-5 	 7.217245949152812E-5 	 5.083668049715061E-5 	 7.217245949152812E-5 	 0.022597975816962445 	 1.779928368772895E-4 	 0.022597975816962445 	 1.779928368772895E-4 	 0.022597975816962445 	 1.779928368772895E-4 	 0.022597975816962445 	 1.779928368772895E-4 	 
-0.16800000000000015 	 4.2034465570617585E-5 	 5.9448050049637256E-5 	 4.2034465570617585E-5 	 5.9448050049637256E-5 	 4.2034465570617585E-5 	 5.9448050049637256E-5 	 4.2034465570617585E-5 	 5.9448050049637256E-5 	 0.01906548408490197 	 1.472020693456066E-4 	 0.01906548408490197 	 1.472020693456066E-4 	 0.01906548408490197 	 1.472020693456066E-4 	 0.01906548408490197 	 1.472020693456066E-4 	 
-0.14400000000000013 	 3.5756367676927175E-5 	 5.074597664841353E-5 	 3.5756367676927175E-5 	 5.074597664841353E-5 	 3.5756367676927175E-5 	 5.074597664841353E-5 	 3.5756367676927175E-5 	 5.074597664841353E-5 	 0.015739984776882824 	 1.2524403122408676E-4 	 0.015739984776882824 	 1.2524403122408676E-4 	 0.015739984776882824 	 1.2524403122408676E-4 	 0.015739984776882824 	 1.2524403122408676E-4 	 
-0.1200000000000001 	 3.0179202266304305E-5 	 4.192413843583996E-5 	 3.0179202266304305E-5 	 4.192413843583996E-5 	 3.0179202266304305E-5 	 4.192413843583996E-5 	 3.0179202266304305E-5 	 4.192413843583996E-5 	 0.013054674130130154 	 1.0427855215373874E-4 	 0.013054674130130154 	 1.0427855215373874E-4 	 0.013054674130130154 	 1.0427855215373874E-4 	 0.013054674130130154 	 1.0427855215373874E-4 	 
-0.09600000000000009 	 2.5210349907052366E-5 	 3.6307893452835414E-5 	 2.5210349907052366E-5 	 3.6307893452835414E-5 	 2.5210349907052366E-5 	 3.6307893452835414E-5 	 2.5210349907052366E-5 	 3.6307893452835414E-5 	 0.0105080046707452 	 8.517776483495485E-5 	 0.0105080046707452 	 8.517776483495485E-5 	 0.0105080046707452 	 8.517776483495485E-5 	 0.0105080046707452 	 8.517776483495485E-5 	 
-0.07200000000000006 	 1.8790516427825082E-5 	 2.6322816967677285E-5 	 1.8790516427825082E-5 	 2.6322816967677285E-5 	 1.8790516427825082E-5 	 2.6322816967677285E-5 	 1.8790516427825082E-5 	 2.6322816967677285E-5 	 0.008422138271505937 	 6.641685881146745E-5 	 0.008422138271505937 	 6.641685881146745E-5 	 0.008422138271505937 	 6.641685881146745E-5 	 0.008422138271505937 	 6.641685881146745E-5 	 
-0.04800000000000004 	 1.617334836235072E-5 	 2.3290318847441463E-5 	 1.617334836235072E-5 	 2.3290318847441463E-5 	 1.617334836235072E-5 	 2.3290318847441463E-5 	 1.617334836235072E-5 	 2.3290318847441463E-5 	 0.007013363135734182 	 5.6843875202371145E-5 	 0.007013363135734182 	 5.6843875202371145E-5 	 0.007013363135734182 	 5.6843875202371145E-5 	 0.007013363135734182 	 5.6843875202371145E-5 	 
-0.02400000000000002 	 1.233691272963521E-5 	 1.8365427864506813E-5 	 1.233691272963521E-5 	 1.8365427864506813E-5 	 1.233691272963521E-5 	 1.8365427864506813E-5 	 1.233691272963521E-5 	 1.8365427864506813E-5 	 0.005846167537918383 	 4.5392534755601855E-5 	 0.005846167537918383 	 4.5392534755601855E-5 	 0.005846167537918383 	 4.5392534755601855E-5 	 0.005846167537918383 	 4.5392534755601855E-5 	 
0.0 	 1.01797026557013E-5 	 1.482094938021346E-5 	 1.01797026557013E-5 	 1.482094938021346E-5 	 1.01797026557013E-5 	 1.482094938021346E-5 	 1.01797026557013E-5 	 1.482094938021346E-5 	 0.005101351430503148 	 3.9102392562100894E-5 	 0.005101351430503148 	 3.9102392562100894E-5 	 0.005101351430503148 	 3.9102392562100894E-5 	 0.005101351430503148 	 3.9102392562100894E-5 	 
0.02400000000000002 	 9.741244992398281E-6 	 1.3656068015468103E-5 	 9.741244992398281E-6 	 1.3656068015468103E-5 	 9.741244992398281E-6 	 1.3656068015468103E-5 	 9.741244992398281E-6 	 1.3656068015468103E-5 	 0.0044926801048154235 	 3.514189852940012E-5 	 0.0044926801048154235 	 3.514189852940012E-5 	 0.0044926801048154235 	 3.514189852940012E-5 	 0.0044926801048154235 	 3.514189852940012E-5 	 
0.04800000000000004 	 8.554958244530487E-6 	 1.2380393313876404E-5 	 8.554958244530487E-6 	 1.2380393313876404E-5 	 8.554958244530487E-6 	 1.2380393313876404E-5 	 8.554958244530487E-6 	 1.2380393313876404E-5 	 0.0038627599217271845 	 3.160678608948676E-5 	 0.0038627599217271845 	 3.160678608948676E-5 	 0.0038627599217271845 	 3.160678608948676E-5 	 0.0038627599217271845 	 3.160678608948676E-5 	 
0.07200000000000006 	 7.019293940082338E-6 	 1.013214463959218E-5 	 7.019293940082338E-6 	 1.013214463959218E-5 	 7.019293940082338E-6 	 1.013214463959218E-5 	 7.019293940082338E-6 	 1.013214463959218E-5 	 0.0031723707479157097 	 2.5153587362674514E-5 	 0.0031723707479157097 	 2.5153587362674514E-5 	 0.0031723707479157097 	 2.5153587362674514E-5 	 0.0031723707479157097 	 2.5153587362674514E-5 	 
0.09600000000000009 	 6.244348939431079E-6 	 8.656191760352092E-6 	 6.244348939431079E-6 	 8.656191760352092E-6 	 6.244348939431079E-6 	 8.656191760352092E-6 	 6.244348939431079E-6 	 8.656191760352092E-6 	 0.0027072056977709234 	 2.1943214464181247E-5 	 0.0027072056977709234 	 2.1943214464181247E-5 	 0.0027072056977709234 	 2.1943214464181247E-5 	 0.0027072056977709234 	 2.1943214464181247E-5 	 
0.1200000000000001 	 5.254916928886826E-6 	 7.761232711438484E-6 	 5.254916928886826E-6 	 7.761232711438484E-6 	 5.254916928886826E-6 	 7.761232711438484E-6 	 5.254916928886826E-6 	 7.761232711438484E-6 	 0.0021135677958294312 	 1.7950834495071314E-5 	 0.0021135677958294312 	 1.7950834495071314E-5 	 0.0021135677958294312 	 1.7950834495071314E-5 	 0.0021135677958294312 	 1.7950834495071314E-5 	 
0.14400000000000013 	 3.7136364240471945E-6 	 5.35908966746703E-6 	 3.7136364240471945E-6 	 5.35908966746703E-6 	 3.7136364240471945E-6 	 5.35908966746703E-6 	 3.7136364240471945E-6 	 5.35908966746703E-6 	 0.0016583907338667337 	 1.3931236968419448E-5 	 0.0016583907338667337 	 1.3931236968419448E-5 	 0.0016583907338667337 	 1.3931236968419448E-5 	 0.0016583907338667337 	 1.3931236968419448E-5 	 
0.16800000000000015 	 3.0663700635528164E-6 	 4.761687455816961E-6 	 3.0663700635528164E-6 	 4.761687455816961E-6 	 3.0663700635528164E-6 	 4.761687455816961E-6 	 3.0663700635528164E-6 	 4.761687455816961E-6 	 0.0014922396826387706 	 1.1249482797272828E-5 	 0.0014922396826387706 	 1.1249482797272828E-5 	 0.0014922396826387706 	 1.1249482797272828E-5 	 0.0014922396826387706 	 1.1249482797272828E-5 	 
0.19200000000000017 	 2.3218001971780206E-6 	 3.432351935274384E-6 	 2.3218001971780206E-6 	 3.432351935274384E-6 	 2.3218001971780206E-6 	 3.432351935274384E-6 	 2.3218001971780206E-6 	 3.432351935274384E-6 	 0.0012147760930456136 	 9.843689542586816E-6 	 0.0012147760930456136 	 9.843689542586816E-6 	 0.0012147760930456136 	 9.843689542586816E-6 	 0.0012147760930456136 	 9.843689542586816E-6 	 
0.2160000000000002 	 2.374662301083949E-6 	 3.5845546382239355E-6 	 2.374662301083949E-6 	 3.5845546382239355E-6 	 2.374662301083949E-6 	 3.5845546382239355E-6 	 2.374662301083949E-6 	 3.5845546382239355E-6 	 0.0012218254055484704 	 9.483276437005142E-6 	 0.0012218254055484704 	 9.483276437005142E-6 	 0.0012218254055484704 	 9.483276437005142E-6 	 0.0012218254055484704 	 9.483276437005142E-6 	 
0.2400000000000002 	 1.8979009644120713E-6 	 3.2071763869264263E-6 	 1.8979009644120713E-6 	 3.2071763869264263E-6 	 1.8979009644120713E-6 	 3.2071763869264263E-6 	 1.8979009644120713E-6 	 3.2071763869264263E-6 	 0.0010548142259417768 	 7.581461574510745E-6 	 0.0010548142259417768 	 7.581461574510745E-6 	 0.0010548142259417768 	 7.581461574510745E-6 	 0.0010548142259417768 	 7.581461574510745E-6 	 
0.26400000000000023 	 1.6541924322466137E-6 	 2.1228347383837714E-6 	 1.6541924322466137E-6 	 2.1228347383837714E-6 	 1.6541924322466137E-6 	 2.1228347383837714E-6 	 1.6541924322466137E-6 	 2.1228347383837714E-6 	 0.0010492677048183443 	 7.699851262079712E-6 	 0.0010492677048183443 	 7.699851262079712E-6 	 0.0010492677048183443 	 7.699851262079712E-6 	 0.0010492677048183443 	 7.699851262079712E-6 	 
0.28800000000000026 	 2.5979094626122464E-6 	 3.7339626577334616E-6 	 2.5979094626122464E-6 	 3.7339626577334616E-6 	 2.5979094626122464E-6 	 3.7339626577334616E-6 	 2.5979094626122464E-6 	 3.7339626577334616E-6 	 9.369182815123795E-4 	 8.10507939569217E-6 	 9.369182815123795E-4 	 8.10507939569217E-6 	 9.369182815123795E-4 	 8.10507939569217E-6 	 9.369182815123795E-4 	 8.10507939569217E-6 	 
0.3120000000000003 	 1.5317853158063384E-6 	 2.419343233908421E-6 	 1.5317853158063384E-6 	 2.419343233908421E-6 	 1.5317853158063384E-6 	 2.419343233908421E-6 	 1.5317853158063384E-6 	 2.419343233908421E-6 	 7.29166751791955E-4 	 5.504952699993446E-6 	 7.29166751791955E-4 	 5.504952699993446E-6 	 7.29166751791955E-4 	 5.504952699993446E-6 	 7.29166751791955E-4 	 5.504952699993446E-6 	 
0.33599999999999985 	 1.1477616414581448E-6 	 1.6015329381322361E-6 	 1.1477616414581448E-6 	 1.6015329381322361E-6 	 1.1477616414581448E-6 	 1.6015329381322361E-6 	 1.1477616414581448E-6 	 1.6015329381322361E-6 	 5.678136424501232E-4 	 4.1781663038929814E-6 	 5.678136424501232E-4 	 4.1781663038929814E-6 	 5.678136424501232E-4 	 4.1781663038929814E-6 	 5.678136424501232E-4 	 4.1781663038929814E-6 	 
0.3599999999999999 	 1.0950088665176907E-6 	 1.629634003444598E-6 	 1.0950088665176907E-6 	 1.629634003444598E-6 	 1.0950088665176907E-6 	 1.629634003444598E-6 	 1.0950088665176907E-6 	 1.629634003444598E-6 	 5.8793914451135E-4 	 4.326830547205533E-6 	 5.8793914451135E-4 	 4.326830547205533E-6 	 5.8793914451135E-4 	 4.326830547205533E-6 	 5.8793914451135E-4 	 4.326830547205533E-6 	 
0.3839999999999999 	 8.228108227275551E-7 	 1.3765071543286509E-6 	 8.228108227275551E-7 	 1.3765071543286509E-6 	 8.228108227275551E-7 	 1.3765071543286509E-6 	 8.228108227275551E-7 	 1.3765071543286509E-6 	 5.067196918972201E-4 	 3.392881021086161E-6 	 5.067196918972201E-4 	 3.392881021086161E-6 	 5.067196918972201E-4 	 3.392881021086161E-6 	 5.067196918972201E-4 	 3.392881021086161E-6 	 
0.4079999999999999 	 8.746512514087831E-7 	 1.1530949990971106E-6 	 8.746512514087831E-7 	 1.1530949990971106E-6 	 8.746512514087831E-7 	 1.1530949990971106E-6 	 8.746512514087831E-7 	 1.1530949990971106E-6 	 5.506020441889284E-4 	 3.8929635599775526E-6 	 5.506020441889284E-4 	 3.8929635599775526E-6 	 5.506020441889284E-4 	 3.8929635599775526E-6 	 5.506020441889284E-4 	 3.8929635599775526E-6 	 
0.43199999999999994 	 1.2560324487359565E-6 	 1.7743682467111165E-6 	 1.2560324487359565E-6 	 1.7743682467111165E-6 	 1.2560324487359565E-6 	 1.7743682467111165E-6 	 1.2560324487359565E-6 	 1.7743682467111165E-6 	 4.756889261862262E-4 	 3.6089678499589195E-6 	 4.756889261862262E-4 	 3.6089678499589195E-6 	 4.756889261862262E-4 	 3.6089678499589195E-6 	 4.756889261862262E-4 	 3.6089678499589195E-6 	 
0.45599999999999996 	 7.494963370291945E-7 	 1.0513064762753117E-6 	 7.494963370291945E-7 	 1.0513064762753117E-6 	 7.494963370291945E-7 	 1.0513064762753117E-6 	 7.494963370291945E-7 	 1.0513064762753117E-6 	 3.683699458512106E-4 	 2.6964886514411356E-6 	 3.683699458512106E-4 	 2.6964886514411356E-6 	 3.683699458512106E-4 	 2.6964886514411356E-6 	 3.683699458512106E-4 	 2.6964886514411356E-6 	 
0.48 	 7.909307921156714E-7 	 1.056038765696458E-6 	 7.909307921156714E-7 	 1.056038765696458E-6 	 7.909307921156714E-7 	 1.056038765696458E-6 	 7.909307921156714E-7 	 1.056038765696458E-6 	 3.173214742821774E-4 	 2.518170810453107E-6 	 3.173214742821774E-4 	 2.518170810453107E-6 	 3.173214742821774E-4 	 2.518170810453107E-6 	 3.173214742821774E-4 	 2.518170810453107E-6 	 
0.504 	 6.515090833444638E-7 	 8.745355947021643E-7 	 6.515090833444638E-7 	 8.745355947021643E-7 	 6.515090833444638E-7 	 8.745355947021643E-7 	 6.515090833444638E-7 	 8.745355947021643E-7 	 2.6584322787479497E-4 	 1.9320229393702785E-6 	 2.6584322787479497E-4 	 1.9320229393702785E-6 	 2.6584322787479497E-4 	 1.9320229393702785E-6 	 2.6584322787479497E-4 	 1.9320229393702785E-6 	 
0.528 	 5.019349577598377E-7 	 6.206839234396295E-7 	 5.019349577598377E-7 	 6.206839234396295E-7 	 5.019349577598377E-7 	 6.206839234396295E-7 	 5.019349577598377E-7 	 6.206839234396295E-7 	 1.5605292462459442E-4 	 1.4188504595627535E-6 	 1.5605292462459442E-4 	 1.4188504595627535E-6 	 1.5605292462459442E-4 	 1.4188504595627535E-6 	 1.5605292462459442E-4 	 1.4188504595627535E-6 	 
0.552 	 3.210978835819992E-7 	 4.92689782736164E-7 	 3.210978835819992E-7 	 4.92689782736164E-7 	 3.210978835819992E-7 	 4.92689782736164E-7 	 3.210978835819992E-7 	 4.92689782736164E-7 	 1.455660646741731E-4 	 1.0747644888554048E-6 	 1.455660646741731E-4 	 1.0747644888554048E-6 	 1.455660646741731E-4 	 1.0747644888554048E-6 	 1.455660646741731E-4 	 1.0747644888554048E-6 	 
0.5760000000000001 	 1.1008035159989096E-7 	 2.7447261907326143E-7 	 1.1008035159989096E-7 	 2.7447261907326143E-7 	 1.1008035159989096E-7 	 2.7447261907326143E-7 	 1.1008035159989096E-7 	 2.7447261907326143E-7 	 9.9540056161045E-5 	 4.431016895878876E-7 	 9.9540056161045E-5 	 4.431016895878876E-7 	 9.9540056161045E-5 	 4.431016895878876E-7 	 9.9540056161045E-5 	 4.431016895878876E-7 	 
0.6000000000000001 	 2.2692268824804926E-7 	 1.243481832236755E-7 	 2.2692268824804926E-7 	 1.243481832236755E-7 	 2.2692268824804926E-7 	 1.243481832236755E-7 	 2.2692268824804926E-7 	 1.243481832236755E-7 	 1.307536101938731E-4 	 1.0648690663347322E-6 	 1.307536101938731E-4 	 1.0648690663347322E-6 	 1.307536101938731E-4 	 1.0648690663347322E-6 	 1.307536101938731E-4 	 1.0648690663347322E-6 	 
0.6240000000000001 	 5.01913586226418E-7 	 7.126748859593529E-7 	 5.01913586226418E-7 	 7.126748859593529E-7 	 5.01913586226418E-7 	 7.126748859593529E-7 	 5.01913586226418E-7 	 7.126748859593529E-7 	 8.391917349520946E-5 	 8.96394034750217E-7 	 8.391917349520946E-5 	 8.96394034750217E-7 	 8.391917349520946E-5 	 8.96394034750217E-7 	 8.391917349520946E-5 	 8.96394034750217E-7 	 
0.6480000000000001 	 5.654387657774236E-9 	 6.591425369154734E-9 	 5.654387657774236E-9 	 6.591425369154734E-9 	 5.654387657774236E-9 	 6.591425369154734E-9 	 5.654387657774236E-9 	 6.591425369154734E-9 	 9.866415469346735E-6 	 6.208930186719236E-8 	 9.866415469346735E-6 	 6.208930186719236E-8 	 9.866415469346735E-6 	 6.208930186719236E-8 	 9.866415469346735E-6 	 6.208930186719236E-8 	 
0.6720000000000002 	 1.7888373571600588E-8 	 3.667026196219089E-8 	 1.7888373571600588E-8 	 3.667026196219089E-8 	 1.7888373571600588E-8 	 3.667026196219089E-8 	 1.7888373571600588E-8 	 3.667026196219089E-8 	 2.647290894433454E-5 	 1.5491143075990155E-7 	 2.647290894433454E-5 	 1.5491143075990155E-7 	 2.647290894433454E-5 	 1.5491143075990155E-7 	 2.647290894433454E-5 	 1.5491143075990155E-7 	 
0.6960000000000002 	 2.6342877215592494E-8 	 6.11001055830499E-8 	 2.6342877215592494E-8 	 6.11001055830499E-8 	 2.6342877215592494E-8 	 6.11001055830499E-8 	 2.6342877215592494E-8 	 6.11001055830499E-8 	 2.313474707775974E-5 	 9.855363177904255E-8 	 2.313474707775974E-5 	 9.855363177904255E-8 	 2.313474707775974E-5 	 9.855363177904255E-8 	 2.313474707775974E-5 	 9.855363177904255E-8 	 
0.7200000000000002 	 5.5553513249808203E-8 	 2.920378882822487E-8 	 5.5553513249808203E-8 	 2.920378882822487E-8 	 5.5553513249808203E-8 	 2.920378882822487E-8 	 5.5553513249808203E-8 	 2.920378882822487E-8 	 3.063434605219554E-5 	 2.4903684902692714E-7 	 3.063434605219554E-5 	 2.4903684902692714E-7 	 3.063434605219554E-5 	 2.4903684902692714E-7 	 3.063434605219554E-5 	 2.4903684902692714E-7 	 
0.7440000000000002 	 1.214814618009167E-7 	 1.6923619354137762E-7 	 1.214814618009167E-7 	 1.6923619354137762E-7 	 1.214814618009167E-7 	 1.6923619354137762E-7 	 1.214814618009167E-7 	 1.6923619354137762E-7 	 1.642416374580937E-5 	 2.0673960469844656E-7 	 1.642416374580937E-5 	 2.0673960469844656E-7 	 1.642416374580937E-5 	 2.0673960469844656E-7 	 1.642416374580937E-5 	 2.0673960469844656E-7 	 
0.7680000000000002 	 0.0 	 0.0 	 0.0 	 0.0 	 0.0 	 0.0 	 0.0 	 0.0 	 0.0 	 0.0 	 0.0 	 0.0 	 0.0 	 0.0 	 0.0 	 0.0 	 
0.7920000000000003 	 0.0 	 0.0 	 0.0 	 0.0 	 0.0 	 0.0 	 0.0 	 0.0 	 0.0 	 0.0 	 0.0 	 0.0 	 0.0 	 0.0 	 0.0 	 0.0 	 
0.8160000000000003 	 0.0 	 0.0 	 0.0 	 0.0 	 0.0 	 0.0 	 0.0 	 0.0 	 0.0 	 0.0 	 0.0 	 0.0 	 0.0 	 0.0 	 0.0 	 0.0 	 
0.8399999999999999 	 0.0 	 0.0 	 0.0 	 0.0 	 0.0 	 0.0 	 0.0 	 0.0 	 0.0 	 0.0 	 0.0 	 0.0 	 0.0 	 0.0 	 0.0 	 0.0 	 
0.8639999999999999 	 0.0 	 0.0 	 0.0 	 0.0 	 0.0 	 0.0 	 0.0 	 0.0 	 0.0 	 0.0 	 0.0 	 0.0 	 0.0 	 0.0 	 0.0 	 0.0 	 
0.8879999999999999 	 0.0 	 0.0 	 0.0 	 0.0 	 0.0 	 0.0 	 0.0 	 0.0 	 0.0 	 0.0 	 0.0 	 0.0 	 0.0 	 0.0 	 0.0 	 0.0 	 
0.9119999999999999 	 0.0 	 0.0 	 0.0 	 0.0 	 0.0 	 0.0 	 0.0 	 0.0 	 0.0 	 0.0 	 0.0 	 0.0 	 0.0 	 0.0 	 0.0 	 0.0 	 
0.9359999999999999 	 0.0 	 0.0 	 0.0 	 0.0 	 0.0 	 0.0 	 0.0 	 0.0 	 0.0 	 0.0 	 0.0 	 0.0 	 0.0 	 0.0 	 0.0 	 0.0 	 
0.96 	 0.0 	 0.0 	 0.0 	 0.0 	 0.0 	 0.0 	 0.0 	 0.0 	 0.0 	 0.0 	 0.0 	 0.0 	 0.0 	 0.0 	 0.0 	 0.0 	 
0.984 	 0.0 	 0.0 	 0.0 	 0.0 	 0.0 	 0.0 	 0.0 	 0.0 	 0.0 	 0.0 	 0.0 	 0.0 	 0.0 	 0.0 	 0.0 	 0.0 	 
1.008 	 0.0 	 0.0 	 0.0 	 0.0 	 0.0 	 0.0 	 0.0 	 0.0 	 0.0 	 0.0 	 0.0 	 0.0 	 0.0 	 0.0 	 0.0 	 0.0 	 
1.032 	 0.0 	 0.0 	 0.0 	 0.0 	 0.0 	 0.0 	 0.0 	 0.0 	 0.0 	 0.0 	 0.0 	 0.0 	 0.0 	 0.0 	 0.0 	 0.0 	 
1.056 	 0.0 	 0.0 	 0.0 	 0.0 	 0.0 	 0.0 	 0.0 	 0.0 	 0.0 	 0.0 	 0.0 	 0.0 	 0.0 	 0.0 	 0.0 	 0.0 	 
1.08 	 0.0 	 0.0 	 0.0 	 0.0 	 0.0 	 0.0 	 0.0 	 0.0 	 0.0 	 0.0 	 0.0 	 0.0 	 0.0 	 0.0 	 0.0 	 0.0 	 
1.104 	 0.0 	 0.0 	 0.0 	 0.0 	 0.0 	 0.0 	 0.0 	 0.0 	 0.0 	 0.0 	 0.0 	 0.0 	 0.0 	 0.0 	 0.0 	 0.0 	 
1.1280000000000001 	 0.0 	 0.0 	 0.0 	 0.0 	 0.0 	 0.0 	 0.0 	 0.0 	 0.0 	 0.0 	 0.0 	 0.0 	 0.0 	 0.0 	 0.0 	 0.0 	 
1.1520000000000001 	 0.0 	 0.0 	 0.0 	 0.0 	 0.0 	 0.0 	 0.0 	 0.0 	 0.0 	 0.0 	 0.0 	 0.0 	 0.0 	 0.0 	 0.0 	 0.0 	 
1.1760000000000002 	 0.0 	 0.0 	 0.0 	 0.0 	 0.0 	 0.0 	 0.0 	 0.0 	 0.0 	 0.0 	 0.0 	 0.0 	 0.0 	 0.0 	 0.0 	 0.0 	 
1.2000000000000002 	 0.0 	 0.0 	 0.0 	 0.0 	 0.0 	 0.0 	 0.0 	 0.0 	 0.0 	 0.0 	 0.0 	 0.0 	 0.0 	 0.0 	 0.0 	 0.0 	 
1.2240000000000002 	 0.0 	 0.0 	 0.0 	 0.0 	 0.0 	 0.0 	 0.0 	 0.0 	 0.0 	 0.0 	 0.0 	 0.0 	 0.0 	 0.0 	 0.0 	 0.0 	 
1.2480000000000002 	 0.0 	 0.0 	 0.0 	 0.0 	 0.0 	 0.0 	 0.0 	 0.0 	 0.0 	 0.0 	 0.0 	 0.0 	 0.0 	 0.0 	 0.0 	 0.0 	 
1.2720000000000002 	 0.0 	 0.0 	 0.0 	 0.0 	 0.0 	 0.0 	 0.0 	 0.0 	 0.0 	 0.0 	 0.0 	 0.0 	 0.0 	 0.0 	 0.0 	 0.0 	 
1.2960000000000003 	 0.0 	 0.0 	 0.0 	 0.0 	 0.0 	 0.0 	 0.0 	 0.0 	 0.0 	 0.0 	 0.0 	 0.0 	 0.0 	 0.0 	 0.0 	 0.0 	 
1.3200000000000003 	 0.0 	 0.0 	 0.0 	 0.0 	 0.0 	 0.0 	 0.0 	 0.0 	 0.0 	 0.0 	 0.0 	 0.0 	 0.0 	 0.0 	 0.0 	 0.0 	 
1.3440000000000003 	 0.0 	 0.0 	 0.0 	 0.0 	 0.0 	 0.0 	 0.0 	 0.0 	 0.0 	 0.0 	 0.0 	 0.0 	 0.0 	 0.0 	 0.0 	 0.0 	 
1.3680000000000003 	 0.0 	 0.0 	 0.0 	 0.0 	 0.0 	 0.0 	 0.0 	 0.0 	 0.0 	 0.0 	 0.0 	 0.0 	 0.0 	 0.0 	 0.0 	 0.0 	 
1.3920000000000003 	 0.0 	 0.0 	 0.0 	 0.0 	 0.0 	 0.0 	 0.0 	 0.0 	 0.0 	 0.0 	 0.0 	 0.0 	 0.0 	 0.0 	 0.0 	 0.0 	 
1.4160000000000004 	 0.0 	 0.0 	 0.0 	 0.0 	 0.0 	 0.0 	 0.0 	 0.0 	 0.0 	 0.0 	 0.0 	 0.0 	 0.0 	 0.0 	 0.0 	 0.0 	 
1.4400000000000004 	 0.0 	 0.0 	 0.0 	 0.0 	 0.0 	 0.0 	 0.0 	 0.0 	 0.0 	 0.0 	 0.0 	 0.0 	 0.0 	 0.0 	 0.0 	 0.0 	 
1.4640000000000004 	 0.0 	 0.0 	 0.0 	 0.0 	 0.0 	 0.0 	 0.0 	 0.0 	 0.0 	 0.0 	 0.0 	 0.0 	 0.0 	 0.0 	 0.0 	 0.0 	 
1.4880000000000004 	 0.0 	 0.0 	 0.0 	 0.0 	 0.0 	 0.0 	 0.0 	 0.0 	 0.0 	 0.0 	 0.0 	 0.0 	 0.0 	 0.0 	 0.0 	 0.0 	 
1.5120000000000005 	 0.0 	 0.0 	 0.0 	 0.0 	 0.0 	 0.0 	 0.0 	 0.0 	 0.0 	 0.0 	 0.0 	 0.0 	 0.0 	 0.0 	 0.0 	 0.0 	 
1.5360000000000005 	 0.0 	 0.0 	 0.0 	 0.0 	 0.0 	 0.0 	 0.0 	 0.0 	 0.0 	 0.0 	 0.0 	 0.0 	 0.0 	 0.0 	 0.0 	 0.0 	 
1.5600000000000005 	 0.0 	 0.0 	 0.0 	 0.0 	 0.0 	 0.0 	 0.0 	 0.0 	 0.0 	 0.0 	 0.0 	 0.0 	 0.0 	 0.0 	 0.0 	 0.0 	 
1.5840000000000005 	 0.0 	 0.0 	 0.0 	 0.0 	 0.0 	 0.0 	 0.0 	 0.0 	 0.0 	 0.0 	 0.0 	 0.0 	 0.0 	 0.0 	 0.0 	 0.0 	 
1.6080000000000005 	 0.0 	 0.0 	 0.0 	 0.0 	 0.0 	 0.0 	 0.0 	 0.0 	 0.0 	 0.0 	 0.0 	 0.0 	 0.0 	 0.0 	 0.0 	 0.0 	 
1.6319999999999997 	 0.0 	 0.0 	 0.0 	 0.0 	 0.0 	 0.0 	 0.0 	 0.0 	 0.0 	 0.0 	 0.0 	 0.0 	 0.0 	 0.0 	 0.0 	 0.0 	 
1.6559999999999997 	 0.0 	 0.0 	 0.0 	 0.0 	 0.0 	 0.0 	 0.0 	 0.0 	 0.0 	 0.0 	 0.0 	 0.0 	 0.0 	 0.0 	 0.0 	 0.0 	 
1.6799999999999997 	 0.0 	 0.0 	 0.0 	 0.0 	 0.0 	 0.0 	 0.0 	 0.0 	 0.0 	 0.0 	 0.0 	 0.0 	 0.0 	 0.0 	 0.0 	 0.0 	 
1.7039999999999997 	 0.0 	 0.0 	 0.0 	 0.0 	 0.0 	 0.0 	 0.0 	 0.0 	 0.0 	 0.0 	 0.0 	 0.0 	 0.0 	 0.0 	 0.0 	 0.0 	 
1.7279999999999998 	 0.0 	 0.0 	 0.0 	 0.0 	 0.0 	 0.0 	 0.0 	 0.0 	 0.0 	 0.0 	 0.0 	 0.0 	 0.0 	 0.0 	 0.0 	 0.0 	 
1.7519999999999998 	 0.0 	 0.0 	 0.0 	 0.0 	 0.0 	 0.0 	 0.0 	 0.0 	 0.0 	 0.0 	 0.0 	 0.0 	 0.0 	 0.0 	 0.0 	 0.0 	 
1.7759999999999998 	 0.0 	 0.0 	 0.0 	 0.0 	 0.0 	 0.0 	 0.0 	 0.0 	 0.0 	 0.0 	 0.0 	 0.0 	 0.0 	 0.0 	 0.0 	 0.0 	 
1.7999999999999998 	 0.0 	 0.0 	 0.0 	 0.0 	 0.0 	 0.0 	 0.0 	 0.0 	 0.0 	 0.0 	 0.0 	 0.0 	 0.0 	 0.0 	 0.0 	 0.0 	 
1.8239999999999998 	 0.0 	 0.0 	 0.0 	 0.0 	 0.0 	 0.0 	 0.0 	 0.0 	 0.0 	 0.0 	 0.0 	 0.0 	 0.0 	 0.0 	 0.0 	 0.0 	 
1.8479999999999999 	 0.0 	 0.0 	 0.0 	 0.0 	 0.0 	 0.0 	 0.0 	 0.0 	 0.0 	 0.0 	 0.0 	 0.0 	 0.0 	 0.0 	 0.0 	 0.0 	 
1.8719999999999999 	 0.0 	 0.0 	 0.0 	 0.0 	 0.0 	 0.0 	 0.0 	 0.0 	 0.0 	 0.0 	 0.0 	 0.0 	 0.0 	 0.0 	 0.0 	 0.0 	 
1.896 	 0.0 	 0.0 	 0.0 	 0.0 	 0.0 	 0.0 	 0.0 	 0.0 	 0.0 	 0.0 	 0.0 	 0.0 	 0.0 	 0.0 	 0.0 	 0.0 	 
1.92 	 0.0 	 0.0 	 0.0 	 0.0 	 0.0 	 0.0 	 0.0 	 0.0 	 0.0 	 0.0 	 0.0 	 0.0 	 0.0 	 0.0 	 0.0 	 0.0 	 
1.944 	 0.0 	 0.0 	 0.0 	 0.0 	 0.0 	 0.0 	 0.0 	 0.0 	 0.0 	 0.0 	 0.0 	 0.0 	 0.0 	 0.0 	 0.0 	 0.0 	 
1.968 	 0.0 	 0.0 	 0.0 	 0.0 	 0.0 	 0.0 	 0.0 	 0.0 	 0.0 	 0.0 	 0.0 	 0.0 	 0.0 	 0.0 	 0.0 	 0.0 	 
1.992 	 0.0 	 0.0 	 0.0 	 0.0 	 0.0 	 0.0 	 0.0 	 0.0 	 0.0 	 0.0 	 0.0 	 0.0 	 0.0 	 0.0 	 0.0 	 0.0 	 
2.016 	 0.0 	 0.0 	 0.0 	 0.0 	 0.0 	 0.0 	 0.0 	 0.0 	 0.0 	 0.0 	 0.0 	 0.0 	 0.0 	 0.0 	 0.0 	 0.0 	 
2.04 	 0.0 	 0.0 	 0.0 	 0.0 	 0.0 	 0.0 	 0.0 	 0.0 	 0.0 	 0.0 	 0.0 	 0.0 	 0.0 	 0.0 	 0.0 	 0.0 	 
2.064 	 0.0 	 0.0 	 0.0 	 0.0 	 0.0 	 0.0 	 0.0 	 0.0 	 0.0 	 0.0 	 0.0 	 0.0 	 0.0 	 0.0 	 0.0 	 0.0 	 
2.088 	 0.0 	 0.0 	 0.0 	 0.0 	 0.0 	 0.0 	 0.0 	 0.0 	 0.0 	 0.0 	 0.0 	 0.0 	 0.0 	 0.0 	 0.0 	 0.0 	 
2.112 	 0.0 	 0.0 	 0.0 	 0.0 	 0.0 	 0.0 	 0.0 	 0.0 	 0.0 	 0.0 	 0.0 	 0.0 	 0.0 	 0.0 	 0.0 	 0.0 	 
2.136 	 0.0 	 0.0 	 0.0 	 0.0 	 0.0 	 0.0 	 0.0 	 0.0 	 0.0 	 0.0 	 0.0 	 0.0 	 0.0 	 0.0 	 0.0 	 0.0 	 
2.16 	 0.0 	 0.0 	 0.0 	 0.0 	 0.0 	 0.0 	 0.0 	 0.0 	 0.0 	 0.0 	 0.0 	 0.0 	 0.0 	 0.0 	 0.0 	 0.0 	 
2.184 	 0.0 	 0.0 	 0.0 	 0.0 	 0.0 	 0.0 	 0.0 	 0.0 	 0.0 	 0.0 	 0.0 	 0.0 	 0.0 	 0.0 	 0.0 	 0.0 	 
2.208 	 0.0 	 0.0 	 0.0 	 0.0 	 0.0 	 0.0 	 0.0 	 0.0 	 0.0 	 0.0 	 0.0 	 0.0 	 0.0 	 0.0 	 0.0 	 0.0 	 
2.232 	 0.0 	 0.0 	 0.0 	 0.0 	 0.0 	 0.0 	 0.0 	 0.0 	 0.0 	 0.0 	 0.0 	 0.0 	 0.0 	 0.0 	 0.0 	 0.0 	 
2.2560000000000002 	 0.0 	 0.0 	 0.0 	 0.0 	 0.0 	 0.0 	 0.0 	 0.0 	 0.0 	 0.0 	 0.0 	 0.0 	 0.0 	 0.0 	 0.0 	 0.0 	 
2.2800000000000002 	 0.0 	 0.0 	 0.0 	 0.0 	 0.0 	 0.0 	 0.0 	 0.0 	 0.0 	 0.0 	 0.0 	 0.0 	 0.0 	 0.0 	 0.0 	 0.0 	 
2.3040000000000003 	 0.0 	 0.0 	 0.0 	 0.0 	 0.0 	 0.0 	 0.0 	 0.0 	 0.0 	 0.0 	 0.0 	 0.0 	 0.0 	 0.0 	 0.0 	 0.0 	 
2.3280000000000003 	 0.0 	 0.0 	 0.0 	 0.0 	 0.0 	 0.0 	 0.0 	 0.0 	 0.0 	 0.0 	 0.0 	 0.0 	 0.0 	 0.0 	 0.0 	 0.0 	 
2.3520000000000003 	 0.0 	 0.0 	 0.0 	 0.0 	 0.0 	 0.0 	 0.0 	 0.0 	 0.0 	 0.0 	 0.0 	 0.0 	 0.0 	 0.0 	 0.0 	 0.0 	 
2.3760000000000003 	 0.0 	 0.0 	 0.0 	 0.0 	 0.0 	 0.0 	 0.0 	 0.0 	 0.0 	 0.0 	 0.0 	 0.0 	 0.0 	 0.0 	 0.0 	 0.0 	 
2.4000000000000004 	 0.0 	 0.0 	 0.0 	 0.0 	 0.0 	 0.0 	 0.0 	 0.0 	 0.0 	 0.0 	 0.0 	 0.0 	 0.0 	 0.0 	 0.0 	 0.0 	 
2.4240000000000004 	 0.0 	 0.0 	 0.0 	 0.0 	 0.0 	 0.0 	 0.0 	 0.0 	 0.0 	 0.0 	 0.0 	 0.0 	 0.0 	 0.0 	 0.0 	 0.0 	 
2.4480000000000004 	 0.0 	 0.0 	 0.0 	 0.0 	 0.0 	 0.0 	 0.0 	 0.0 	 0.0 	 0.0 	 0.0 	 0.0 	 0.0 	 0.0 	 0.0 	 0.0 	 
2.4720000000000004 	 0.0 	 0.0 	 0.0 	 0.0 	 0.0 	 0.0 	 0.0 	 0.0 	 0.0 	 0.0 	 0.0 	 0.0 	 0.0 	 0.0 	 0.0 	 0.0 	 
2.4960000000000004 	 0.0 	 0.0 	 0.0 	 0.0 	 0.0 	 0.0 	 0.0 	 0.0 	 0.0 	 0.0 	 0.0 	 0.0 	 0.0 	 0.0 	 0.0 	 0.0 	 
2.5200000000000005 	 0.0 	 0.0 	 0.0 	 0.0 	 0.0 	 0.0 	 0.0 	 0.0 	 0.0 	 0.0 	 0.0 	 0.0 	 0.0 	 0.0 	 0.0 	 0.0 	 
2.5440000000000005 	 0.0 	 0.0 	 0.0 	 0.0 	 0.0 	 0.0 	 0.0 	 0.0 	 0.0 	 0.0 	 0.0 	 0.0 	 0.0 	 0.0 	 0.0 	 0.0 	 
2.5680000000000005 	 0.0 	 0.0 	 0.0 	 0.0 	 0.0 	 0.0 	 0.0 	 0.0 	 0.0 	 0.0 	 0.0 	 0.0 	 0.0 	 0.0 	 0.0 	 0.0 	 
2.5920000000000005 	 0.0 	 0.0 	 0.0 	 0.0 	 0.0 	 0.0 	 0.0 	 0.0 	 0.0 	 0.0 	 0.0 	 0.0 	 0.0 	 0.0 	 0.0 	 0.0 	 
2.6160000000000005 	 0.0 	 0.0 	 0.0 	 0.0 	 0.0 	 0.0 	 0.0 	 0.0 	 0.0 	 0.0 	 0.0 	 0.0 	 0.0 	 0.0 	 0.0 	 0.0 	 
2.6399999999999997 	 0.0 	 0.0 	 0.0 	 0.0 	 0.0 	 0.0 	 0.0 	 0.0 	 0.0 	 0.0 	 0.0 	 0.0 	 0.0 	 0.0 	 0.0 	 0.0 	 
2.6639999999999997 	 0.0 	 0.0 	 0.0 	 0.0 	 0.0 	 0.0 	 0.0 	 0.0 	 0.0 	 0.0 	 0.0 	 0.0 	 0.0 	 0.0 	 0.0 	 0.0 	 
2.6879999999999997 	 0.0 	 0.0 	 0.0 	 0.0 	 0.0 	 0.0 	 0.0 	 0.0 	 0.0 	 0.0 	 0.0 	 0.0 	 0.0 	 0.0 	 0.0 	 0.0 	 
2.7119999999999997 	 0.0 	 0.0 	 0.0 	 0.0 	 0.0 	 0.0 	 0.0 	 0.0 	 0.0 	 0.0 	 0.0 	 0.0 	 0.0 	 0.0 	 0.0 	 0.0 	 
2.7359999999999998 	 0.0 	 0.0 	 0.0 	 0.0 	 0.0 	 0.0 	 0.0 	 0.0 	 0.0 	 0.0 	 0.0 	 0.0 	 0.0 	 0.0 	 0.0 	 0.0 	 
2.76 	 0.0 	 0.0 	 0.0 	 0.0 	 0.0 	 0.0 	 0.0 	 0.0 	 0.0 	 0.0 	 0.0 	 0.0 	 0.0 	 0.0 	 0.0 	 0.0 	 
2.784 	 0.0 	 0.0 	 0.0 	 0.0 	 0.0 	 0.0 	 0.0 	 0.0 	 0.0 	 0.0 	 0.0 	 0.0 	 0.0 	 0.0 	 0.0 	 0.0 	 
2.808 	 0.0 	 0.0 	 0.0 	 0.0 	 0.0 	 0.0 	 0.0 	 0.0 	 0.0 	 0.0 	 0.0 	 0.0 	 0.0 	 0.0 	 0.0 	 0.0 	 
2.832 	 0.0 	 0.0 	 0.0 	 0.0 	 0.0 	 0.0 	 0.0 	 0.0 	 0.0 	 0.0 	 0.0 	 0.0 	 0.0 	 0.0 	 0.0 	 0.0 	 
2.856 	 0.0 	 0.0 	 0.0 	 0.0 	 0.0 	 0.0 	 0.0 	 0.0 	 0.0 	 0.0 	 0.0 	 0.0 	 0.0 	 0.0 	 0.0 	 0.0 	 
2.88 	 0.0 	 0.0 	 0.0 	 0.0 	 0.0 	 0.0 	 0.0 	 0.0 	 0.0 	 0.0 	 0.0 	 0.0 	 0.0 	 0.0 	 0.0 	 0.0 	 
2.904 	 0.0 	 0.0 	 0.0 	 0.0 	 0.0 	 0.0 	 0.0 	 0.0 	 0.0 	 0.0 	 0.0 	 0.0 	 0.0 	 0.0 	 0.0 	 0.0 	 
2.928 	 0.0 	 0.0 	 0.0 	 0.0 	 0.0 	 0.0 	 0.0 	 0.0 	 0.0 	 0.0 	 0.0 	 0.0 	 0.0 	 0.0 	 0.0 	 0.0 	 
2.952 	 0.0 	 0.0 	 0.0 	 0.0 	 0.0 	 0.0 	 0.0 	 0.0 	 0.0 	 0.0 	 0.0 	 0.0 	 0.0 	 0.0 	 0.0 	 0.0 	 
2.976 	 0.0 	 0.0 	 0.0 	 0.0 	 0.0 	 0.0 	 0.0 	 0.0 	 0.0 	 0.0 	 0.0 	 0.0 	 0.0 	 0.0 	 0.0 	 0.0 	 
