-3.0 	 0.007935700758352496 	 0.012025661230672122 	 3.349717109811895E-5 	 0.008626555929230702 	 0.007935700758352496 	 0.012025661230672122 	 3.349717109811895E-5 	 0.008626555929230702 	 0.007935700758352496 	 0.012025661230672122 	 3.349717109811895E-5 	 0.008626555929230702 	 0.007935700758352496 	 0.012025661230672122 	 3.349717109811895E-5 	 0.008626555929230702 	 
-2.976 	 0.0030056282010837545 	 3.6017092546395166E-4 	 2.0933293539663964E-6 	 0.00344640938840786 	 0.0030056282010837545 	 3.6017092546395166E-4 	 2.0933293539663964E-6 	 0.00344640938840786 	 0.0030056282010837545 	 3.6017092546395166E-4 	 2.0933293539663964E-6 	 0.00344640938840786 	 0.0030056282010837545 	 3.6017092546395166E-4 	 2.0933293539663964E-6 	 0.00344640938840786 	 
-2.952 	 0.0015689080157703925 	 0.001414909419622233 	 4.611370198344169E-6 	 0.001532915872641049 	 0.0015689080157703925 	 0.001414909419622233 	 4.611370198344169E-6 	 0.001532915872641049 	 0.0015689080157703925 	 0.001414909419622233 	 4.611370198344169E-6 	 0.001532915872641049 	 0.0015689080157703925 	 0.001414909419622233 	 4.611370198344169E-6 	 0.001532915872641049 	 
-2.928 	 8.586266692934045E-4 	 2.9793200191025434E-4 	 1.7596638246092432E-6 	 7.860219737423494E-4 	 8.586266692934045E-4 	 2.9793200191025434E-4 	 1.7596638246092432E-6 	 7.860219737423494E-4 	 8.586266692934045E-4 	 2.9793200191025434E-4 	 1.7596638246092432E-6 	 7.860219737423494E-4 	 8.586266692934045E-4 	 2.9793200191025434E-4 	 1.7596638246092432E-6 	 7.860219737423494E-4 	 
-2.904 	 0.007775892590024188 	 0.011661970514442389 	 3.2706919882630844E-5 	 0.008430371005922796 	 0.007775892590024188 	 0.011661970514442389 	 3.2706919882630844E-5 	 0.008430371005922796 	 0.007775892590024188 	 0.011661970514442389 	 3.2706919882630844E-5 	 0.008430371005922796 	 0.007775892590024188 	 0.011661970514442389 	 3.2706919882630844E-5 	 0.008430371005922796 	 
-2.88 	 0.0032176329495180976 	 5.561111490887376E-4 	 2.542536366660707E-6 	 0.0036828946292338325 	 0.0032176329495180976 	 5.561111490887376E-4 	 2.542536366660707E-6 	 0.0036828946292338325 	 0.0032176329495180976 	 5.561111490887376E-4 	 2.542536366660707E-6 	 0.0036828946292338325 	 0.0032176329495180976 	 5.561111490887376E-4 	 2.542536366660707E-6 	 0.0036828946292338325 	 
-2.856 	 0.0011852867033476985 	 6.814486066582043E-4 	 3.184205067448463E-6 	 0.0010489013611373397 	 0.0011852867033476985 	 6.814486066582043E-4 	 3.184205067448463E-6 	 0.0010489013611373397 	 0.0011852867033476985 	 6.814486066582043E-4 	 3.184205067448463E-6 	 0.0010489013611373397 	 0.0011852867033476985 	 6.814486066582043E-4 	 3.184205067448463E-6 	 0.0010489013611373397 	 
-2.832 	 0.00782856829226091 	 0.011506095041095843 	 3.286631038584129E-5 	 0.008449033133950918 	 0.00782856829226091 	 0.011506095041095843 	 3.286631038584129E-5 	 0.008449033133950918 	 0.00782856829226091 	 0.011506095041095843 	 3.286631038584129E-5 	 0.008449033133950918 	 0.00782856829226091 	 0.011506095041095843 	 3.286631038584129E-5 	 0.008449033133950918 	 
-2.808 	 0.0032206835241277783 	 5.594088786823288E-4 	 2.7479260226468026E-6 	 0.003645598336934914 	 0.0032206835241277783 	 5.594088786823288E-4 	 2.7479260226468026E-6 	 0.003645598336934914 	 0.0032206835241277783 	 5.594088786823288E-4 	 2.7479260226468026E-6 	 0.003645598336934914 	 0.0032206835241277783 	 5.594088786823288E-4 	 2.7479260226468026E-6 	 0.003645598336934914 	 
-2.784 	 0.0016545374188441917 	 0.0014307827364658356 	 5.3292885594347994E-6 	 0.0015614850100120778 	 0.0016545374188441917 	 0.0014307827364658356 	 5.3292885594347994E-6 	 0.0015614850100120778 	 0.0016545374188441917 	 0.0014307827364658356 	 5.3292885594347994E-6 	 0.0015614850100120778 	 0.0016545374188441917 	 0.0014307827364658356 	 5.3292885594347994E-6 	 0.0015614850100120778 	 
-2.76 	 0.010049525134918025 	 0.014709956588844502 	 4.215708675260237E-5 	 0.010903540442903021 	 0.010049525134918025 	 0.014709956588844502 	 4.215708675260237E-5 	 0.010903540442903021 	 0.010049525134918025 	 0.014709956588844502 	 4.215708675260237E-5 	 0.010903540442903021 	 0.010049525134918025 	 0.014709956588844502 	 4.215708675260237E-5 	 0.010903540442903021 	 
-2.7359999999999998 	 0.004953819461058244 	 0.002144871924600502 	 7.825204134821167E-6 	 0.00562451771828255 	 0.004953819461058244 	 0.002144871924600502 	 7.825204134821167E-6 	 0.00562451771828255 	 0.004953819461058244 	 0.002144871924600502 	 7.825204134821167E-6 	 0.00562451771828255 	 0.004953819461058244 	 0.002144871924600502 	 7.825204134821167E-6 	 0.00562451771828255 	 
-2.7119999999999997 	 0.0015561054198144529 	 5.542250083193685E-4 	 4.358436285422652E-6 	 0.0014529158022990223 	 0.0015561054198144529 	 5.542250083193685E-4 	 4.358436285422652E-6 	 0.0014529158022990223 	 0.0015561054198144529 	 5.542250083193685E-4 	 4.358436285422652E-6 	 0.0014529158022990223 	 0.0015561054198144529 	 5.542250083193685E-4 	 4.358436285422652E-6 	 0.0014529158022990223 	 
-2.688 	 0.008193610411933196 	 0.01172431953771676 	 3.5132830317038434E-5 	 0.00880578604289263 	 0.008193610411933196 	 0.01172431953771676 	 3.5132830317038434E-5 	 0.00880578604289263 	 0.008193610411933196 	 0.01172431953771676 	 3.5132830317038434E-5 	 0.00880578604289263 	 0.008193610411933196 	 0.01172431953771676 	 3.5132830317038434E-5 	 0.00880578604289263 	 
-2.664 	 0.004079572708366697 	 0.0017073157601649506 	 9.968644645957802E-6 	 0.0045054276979034835 	 0.004079572708366697 	 0.0017073157601649506 	 9.968644645957802E-6 	 0.0045054276979034835 	 0.004079572708366697 	 0.0017073157601649506 	 9.968644645957802E-6 	 0.0045054276979034835 	 0.004079572708366697 	 0.0017073157601649506 	 9.968644645957802E-6 	 0.0045054276979034835 	 
-2.64 	 0.010879476094867392 	 0.015154952800196611 	 4.8948221025505345E-5 	 0.011717809573232159 	 0.010879476094867392 	 0.015154952800196611 	 4.8948221025505345E-5 	 0.011717809573232159 	 0.010879476094867392 	 0.015154952800196611 	 4.8948221025505345E-5 	 0.011717809573232159 	 0.010879476094867392 	 0.015154952800196611 	 4.8948221025505345E-5 	 0.011717809573232159 	 
-2.616 	 0.005810925345129251 	 0.0026100003756364524 	 4.978230722162119E-5 	 0.006417397797310192 	 0.005810925345129251 	 0.0026100003756364524 	 4.978230722162119E-5 	 0.006417397797310192 	 0.005810925345129251 	 0.0026100003756364524 	 4.978230722162119E-5 	 0.006417397797310192 	 0.005810925345129251 	 0.0026100003756364524 	 4.978230722162119E-5 	 0.006417397797310192 	 
-2.592 	 0.01011004464113747 	 0.013174338116727396 	 2.412599709306348E-4 	 0.010703221353947377 	 0.01011004464113747 	 0.013174338116727396 	 2.412599709306348E-4 	 0.010703221353947377 	 0.01011004464113747 	 0.013174338116727396 	 2.412599709306348E-4 	 0.010703221353947377 	 0.01011004464113747 	 0.013174338116727396 	 2.412599709306348E-4 	 0.010703221353947377 	 
-2.568 	 0.012334260550806156 	 0.013432516011519244 	 4.743162263559673E-5 	 0.013477159538314232 	 0.012334260550806156 	 0.013432516011519244 	 4.743162263559673E-5 	 0.013477159538314232 	 0.012334260550806156 	 0.013432516011519244 	 4.743162263559673E-5 	 0.013477159538314232 	 0.012334260550806156 	 0.013432516011519244 	 4.743162263559673E-5 	 0.013477159538314232 	 
-2.544 	 0.0058808724780934464 	 0.0026370955729528816 	 2.401416700004943E-5 	 0.006231089544541317 	 0.0058808724780934464 	 0.0026370955729528816 	 2.401416700004943E-5 	 0.006231089544541317 	 0.0058808724780934464 	 0.0026370955729528816 	 2.401416700004943E-5 	 0.006231089544541317 	 0.0058808724780934464 	 0.0026370955729528816 	 2.401416700004943E-5 	 0.006231089544541317 	 
-2.52 	 0.011319466560809616 	 0.014896723779637149 	 1.6012739527467536E-4 	 0.011933300581289006 	 0.011319466560809616 	 0.014896723779637149 	 1.6012739527467536E-4 	 0.011933300581289006 	 0.011319466560809616 	 0.014896723779637149 	 1.6012739527467536E-4 	 0.011933300581289006 	 0.011319466560809616 	 0.014896723779637149 	 1.6012739527467536E-4 	 0.011933300581289006 	 
-2.496 	 0.015556363183243061 	 0.017804480357464826 	 6.491253393308656E-4 	 0.01697357875656896 	 0.015556363183243061 	 0.017804480357464826 	 6.491253393308656E-4 	 0.01697357875656896 	 0.015556363183243061 	 0.017804480357464826 	 6.491253393308656E-4 	 0.01697357875656896 	 0.015556363183243061 	 0.017804480357464826 	 6.491253393308656E-4 	 0.01697357875656896 	 
-2.472 	 0.00899915944541939 	 0.006117460240029988 	 1.930872129890776E-5 	 0.00975372965879261 	 0.00899915944541939 	 0.006117460240029988 	 1.930872129890776E-5 	 0.00975372965879261 	 0.00899915944541939 	 0.006117460240029988 	 1.930872129890776E-5 	 0.00975372965879261 	 0.00899915944541939 	 0.006117460240029988 	 1.930872129890776E-5 	 0.00975372965879261 	 
-2.448 	 0.014589177308886755 	 0.018392369706448652 	 5.320836751926163E-5 	 0.015585186807864205 	 0.014589177308886755 	 0.018392369706448652 	 5.320836751926163E-5 	 0.015585186807864205 	 0.014589177308886755 	 0.018392369706448652 	 5.320836751926163E-5 	 0.015585186807864205 	 0.014589177308886755 	 0.018392369706448652 	 5.320836751926163E-5 	 0.015585186807864205 	 
-2.424 	 0.014041755358635591 	 0.013643567155022957 	 4.023642629811915E-5 	 0.015290060439875486 	 0.014041755358635591 	 0.013643567155022957 	 4.023642629811915E-5 	 0.015290060439875486 	 0.014041755358635591 	 0.013643567155022957 	 4.023642629811915E-5 	 0.015290060439875486 	 0.014041755358635591 	 0.013643567155022957 	 4.023642629811915E-5 	 0.015290060439875486 	 
-2.4 	 0.01507608396419516 	 0.01636840888236231 	 4.817142286829999E-5 	 0.01620488895919688 	 0.01507608396419516 	 0.01636840888236231 	 4.817142286829999E-5 	 0.01620488895919688 	 0.01507608396419516 	 0.01636840888236231 	 4.817142286829999E-5 	 0.01620488895919688 	 0.01507608396419516 	 0.01636840888236231 	 4.817142286829999E-5 	 0.01620488895919688 	 
-2.376 	 0.01736401287193871 	 0.01907277632402187 	 5.600428037763881E-5 	 0.01874169528825456 	 0.01736401287193871 	 0.01907277632402187 	 5.600428037763881E-5 	 0.01874169528825456 	 0.01736401287193871 	 0.01907277632402187 	 5.600428037763881E-5 	 0.01874169528825456 	 0.01736401287193871 	 0.01907277632402187 	 5.600428037763881E-5 	 0.01874169528825456 	 
-2.352 	 0.018459280756744148 	 0.019722757390535257 	 5.8288100859232195E-5 	 0.019959399209035538 	 0.018459280756744148 	 0.019722757390535257 	 5.8288100859232195E-5 	 0.019959399209035538 	 0.018459280756744148 	 0.019722757390535257 	 5.8288100859232195E-5 	 0.019959399209035538 	 0.018459280756744148 	 0.019722757390535257 	 5.8288100859232195E-5 	 0.019959399209035538 	 
-2.328 	 0.021781283085623843 	 0.024444165777769908 	 7.233891637511358E-5 	 0.0235827225524941 	 0.021781283085623843 	 0.024444165777769908 	 7.233891637511358E-5 	 0.0235827225524941 	 0.021781283085623843 	 0.024444165777769908 	 7.233891637511358E-5 	 0.0235827225524941 	 0.021781283085623843 	 0.024444165777769908 	 7.233891637511358E-5 	 0.0235827225524941 	 
-2.304 	 0.01987193808081359 	 0.019720162109308628 	 6.167278506049058E-5 	 0.02154811765393442 	 0.01987193808081359 	 0.019720162109308628 	 6.167278506049058E-5 	 0.02154811765393442 	 0.01987193808081359 	 0.019720162109308628 	 6.167278506049058E-5 	 0.02154811765393442 	 0.01987193808081359 	 0.019720162109308628 	 6.167278506049058E-5 	 0.02154811765393442 	 
-2.2800000000000002 	 0.021135788068160497 	 0.022649154969024525 	 7.253542306073173E-5 	 0.022732572341201015 	 0.021135788068160497 	 0.022649154969024525 	 7.253542306073173E-5 	 0.022732572341201015 	 0.021135788068160497 	 0.022649154969024525 	 7.253542306073173E-5 	 0.022732572341201015 	 0.021135788068160497 	 0.022649154969024525 	 7.253542306073173E-5 	 0.022732572341201015 	 
-2.2560000000000002 	 0.020977795328006435 	 0.021430940529780826 	 1.0567629191869224E-4 	 0.02252430085063866 	 0.020977795328006435 	 0.021430940529780826 	 1.0567629191869224E-4 	 0.02252430085063866 	 0.020977795328006435 	 0.021430940529780826 	 1.0567629191869224E-4 	 0.02252430085063866 	 0.020977795328006435 	 0.021430940529780826 	 1.0567629191869224E-4 	 0.02252430085063866 	 
-2.232 	 0.028613925863254026 	 0.03377376560698432 	 3.0195888917622306E-4 	 0.030808453208209175 	 0.028613925863254026 	 0.03377376560698432 	 3.0195888917622306E-4 	 0.030808453208209175 	 0.028613925863254026 	 0.03377376560698432 	 3.0195888917622306E-4 	 0.030808453208209175 	 0.028613925863254026 	 0.03377376560698432 	 3.0195888917622306E-4 	 0.030808453208209175 	 
-2.208 	 0.024008090248340334 	 0.02215712526339269 	 1.0689186672469679E-4 	 0.025959020881700386 	 0.024008090248340334 	 0.02215712526339269 	 1.0689186672469679E-4 	 0.025959020881700386 	 0.024008090248340334 	 0.02215712526339269 	 1.0689186672469679E-4 	 0.025959020881700386 	 0.024008090248340334 	 0.02215712526339269 	 1.0689186672469679E-4 	 0.025959020881700386 	 
-2.184 	 0.02199220230292583 	 0.021956458081212552 	 2.690536117656458E-4 	 0.023225424673132808 	 0.02199220230292583 	 0.021956458081212552 	 2.690536117656458E-4 	 0.023225424673132808 	 0.02199220230292583 	 0.021956458081212552 	 2.690536117656458E-4 	 0.023225424673132808 	 0.02199220230292583 	 0.021956458081212552 	 2.690536117656458E-4 	 0.023225424673132808 	 
-2.16 	 0.032122805429748505 	 0.038063621450555925 	 1.1809009306177143E-4 	 0.034283553070641765 	 0.032122805429748505 	 0.038063621450555925 	 1.1809009306177143E-4 	 0.034283553070641765 	 0.032122805429748505 	 0.038063621450555925 	 1.1809009306177143E-4 	 0.034283553070641765 	 0.032122805429748505 	 0.038063621450555925 	 1.1809009306177143E-4 	 0.034283553070641765 	 
-2.136 	 0.03304585015382414 	 0.033855158455647745 	 1.442037772471262E-4 	 0.03554789272643052 	 0.03304585015382414 	 0.033855158455647745 	 1.442037772471262E-4 	 0.03554789272643052 	 0.03304585015382414 	 0.033855158455647745 	 1.442037772471262E-4 	 0.03554789272643052 	 0.03304585015382414 	 0.033855158455647745 	 1.442037772471262E-4 	 0.03554789272643052 	 
-2.112 	 0.025134261656942013 	 0.021900259056276163 	 3.0821391044483595E-4 	 0.026370705569558592 	 0.025134261656942013 	 0.021900259056276163 	 3.0821391044483595E-4 	 0.026370705569558592 	 0.025134261656942013 	 0.021900259056276163 	 3.0821391044483595E-4 	 0.026370705569558592 	 0.025134261656942013 	 0.021900259056276163 	 3.0821391044483595E-4 	 0.026370705569558592 	 
-2.088 	 0.029941703178771373 	 0.03309737136969416 	 3.025594814884544E-4 	 0.031128931956594094 	 0.029941703178771373 	 0.03309737136969416 	 3.025594814884544E-4 	 0.031128931956594094 	 0.029941703178771373 	 0.03309737136969416 	 3.025594814884544E-4 	 0.031128931956594094 	 0.029941703178771373 	 0.03309737136969416 	 3.025594814884544E-4 	 0.031128931956594094 	 
-2.064 	 0.029142537246078737 	 0.0283610688558628 	 1.2509377140299988E-4 	 0.030387380486787366 	 0.029142537246078737 	 0.0283610688558628 	 1.2509377140299988E-4 	 0.030387380486787366 	 0.029142537246078737 	 0.0283610688558628 	 1.2509377140299988E-4 	 0.030387380486787366 	 0.029142537246078737 	 0.0283610688558628 	 1.2509377140299988E-4 	 0.030387380486787366 	 
-2.04 	 0.02875893136808069 	 0.028878242880854957 	 2.8766638481602275E-4 	 0.029649037692641142 	 0.02875893136808069 	 0.028878242880854957 	 2.8766638481602275E-4 	 0.029649037692641142 	 0.02875893136808069 	 0.028878242880854957 	 2.8766638481602275E-4 	 0.029649037692641142 	 0.02875893136808069 	 0.028878242880854957 	 2.8766638481602275E-4 	 0.029649037692641142 	 
-2.016 	 0.02949514641434882 	 0.02989190373017942 	 9.25690913920181E-5 	 0.030265430399943012 	 0.02949514641434882 	 0.02989190373017942 	 9.25690913920181E-5 	 0.030265430399943012 	 0.02949514641434882 	 0.02989190373017942 	 9.25690913920181E-5 	 0.030265430399943012 	 0.02949514641434882 	 0.02989190373017942 	 9.25690913920181E-5 	 0.030265430399943012 	 
-1.992 	 0.032738788533282805 	 0.03463429406285131 	 1.074845549613675E-4 	 0.033768161536023925 	 0.032738788533282805 	 0.03463429406285131 	 1.074845549613675E-4 	 0.033768161536023925 	 0.032738788533282805 	 0.03463429406285131 	 1.074845549613675E-4 	 0.033768161536023925 	 0.032738788533282805 	 0.03463429406285131 	 1.074845549613675E-4 	 0.033768161536023925 	 
-1.968 	 0.02584221344986345 	 0.022079781291434404 	 7.638378747534642E-5 	 0.026202761730579928 	 0.02584221344986345 	 0.022079781291434404 	 7.638378747534642E-5 	 0.026202761730579928 	 0.02584221344986345 	 0.022079781291434404 	 7.638378747534642E-5 	 0.026202761730579928 	 0.02584221344986345 	 0.022079781291434404 	 7.638378747534642E-5 	 0.026202761730579928 	 
-1.944 	 0.025051671971225046 	 0.02479841675625865 	 1.1791948033829688E-4 	 0.024907501943972014 	 0.025051671971225046 	 0.02479841675625865 	 1.1791948033829688E-4 	 0.024907501943972014 	 0.025051671971225046 	 0.02479841675625865 	 1.1791948033829688E-4 	 0.024907501943972014 	 0.025051671971225046 	 0.02479841675625865 	 1.1791948033829688E-4 	 0.024907501943972014 	 
-1.92 	 0.02613699198162385 	 0.026162609146118267 	 2.82735287754223E-4 	 0.026220809714854642 	 0.02613699198162385 	 0.026162609146118267 	 2.82735287754223E-4 	 0.026220809714854642 	 0.02613699198162385 	 0.026162609146118267 	 2.82735287754223E-4 	 0.026220809714854642 	 0.02613699198162385 	 0.026162609146118267 	 2.82735287754223E-4 	 0.026220809714854642 	 
-1.896 	 0.023603807369047974 	 0.021885520802956377 	 7.231105307607456E-5 	 0.023491788731204208 	 0.023603807369047974 	 0.021885520802956377 	 7.231105307607456E-5 	 0.023491788731204208 	 0.023603807369047974 	 0.021885520802956377 	 7.231105307607456E-5 	 0.023491788731204208 	 0.023603807369047974 	 0.021885520802956377 	 7.231105307607456E-5 	 0.023491788731204208 	 
-1.8719999999999999 	 0.02355732286209706 	 0.023284597366679247 	 7.657948706491112E-5 	 0.023361600474227223 	 0.02355732286209706 	 0.023284597366679247 	 7.657948706491112E-5 	 0.023361600474227223 	 0.02355732286209706 	 0.023284597366679247 	 7.657948706491112E-5 	 0.023361600474227223 	 0.02355732286209706 	 0.023284597366679247 	 7.657948706491112E-5 	 0.023361600474227223 	 
-1.8479999999999999 	 0.021390746707591234 	 0.0197524507410827 	 6.806364199354268E-5 	 0.02106039393830662 	 0.021390746707591234 	 0.0197524507410827 	 6.806364199354268E-5 	 0.02106039393830662 	 0.021390746707591234 	 0.0197524507410827 	 6.806364199354268E-5 	 0.02106039393830662 	 0.021390746707591234 	 0.0197524507410827 	 6.806364199354268E-5 	 0.02106039393830662 	 
-1.824 	 0.020080706536067576 	 0.01922927604737972 	 6.715814771208884E-5 	 0.019697230419270902 	 0.020080706536067576 	 0.01922927604737972 	 6.715814771208884E-5 	 0.019697230419270902 	 0.020080706536067576 	 0.01922927604737972 	 6.715814771208884E-5 	 0.019697230419270902 	 0.020080706536067576 	 0.01922927604737972 	 6.715814771208884E-5 	 0.019697230419270902 	 
-1.8 	 0.020443341118427147 	 0.02031732583140586 	 7.31992777988606E-5 	 0.020180085339644604 	 0.020443341118427147 	 0.02031732583140586 	 7.31992777988606E-5 	 0.020180085339644604 	 0.020443341118427147 	 0.02031732583140586 	 7.31992777988606E-5 	 0.020180085339644604 	 0.020443341118427147 	 0.02031732583140586 	 7.31992777988606E-5 	 0.020180085339644604 	 
-1.776 	 0.01852844958079754 	 0.017305403217828086 	 7.046235115764261E-5 	 0.018245656158485814 	 0.01852844958079754 	 0.017305403217828086 	 7.046235115764261E-5 	 0.018245656158485814 	 0.01852844958079754 	 0.017305403217828086 	 7.046235115764261E-5 	 0.018245656158485814 	 0.01852844958079754 	 0.017305403217828086 	 7.046235115764261E-5 	 0.018245656158485814 	 
-1.752 	 0.016541121723970962 	 0.015498483735967909 	 1.0476007433923998E-4 	 0.016126696780482303 	 0.016541121723970962 	 0.015498483735967909 	 1.0476007433923998E-4 	 0.016126696780482303 	 0.016541121723970962 	 0.015498483735967909 	 1.0476007433923998E-4 	 0.016126696780482303 	 0.016541121723970962 	 0.015498483735967909 	 1.0476007433923998E-4 	 0.016126696780482303 	 
-1.728 	 0.012648323601838998 	 0.01052314807956969 	 2.9131495976968445E-4 	 0.011980998352073797 	 0.012648323601838998 	 0.01052314807956969 	 2.9131495976968445E-4 	 0.011980998352073797 	 0.012648323601838998 	 0.01052314807956969 	 2.9131495976968445E-4 	 0.011980998352073797 	 0.012648323601838998 	 0.01052314807956969 	 2.9131495976968445E-4 	 0.011980998352073797 	 
-1.704 	 0.009871763320303454 	 0.008277685987578571 	 3.180467657837978E-4 	 0.00898867374768916 	 0.009871763320303454 	 0.008277685987578571 	 3.180467657837978E-4 	 0.00898867374768916 	 0.009871763320303454 	 0.008277685987578571 	 3.180467657837978E-4 	 0.00898867374768916 	 0.009871763320303454 	 0.008277685987578571 	 3.180467657837978E-4 	 0.00898867374768916 	 
-1.68 	 0.011140924837568497 	 0.011505863869073398 	 4.5326355567809986E-4 	 0.010570661357769056 	 0.011140924837568497 	 0.011505863869073398 	 4.5326355567809986E-4 	 0.010570661357769056 	 0.011140924837568497 	 0.011505863869073398 	 4.5326355567809986E-4 	 0.010570661357769056 	 0.011140924837568497 	 0.011505863869073398 	 4.5326355567809986E-4 	 0.010570661357769056 	 
-1.656 	 0.008957438051187365 	 0.007422243096032993 	 1.1430885629454195E-4 	 0.008402410903643657 	 0.008957438051187365 	 0.007422243096032993 	 1.1430885629454195E-4 	 0.008402410903643657 	 0.008957438051187365 	 0.007422243096032993 	 1.1430885629454195E-4 	 0.008402410903643657 	 0.008957438051187365 	 0.007422243096032993 	 1.1430885629454195E-4 	 0.008402410903643657 	 
-1.632 	 0.006674435853970875 	 0.005409523107598618 	 4.6435563393739635E-4 	 0.005890250802133215 	 0.006674435853970875 	 0.005409523107598618 	 4.6435563393739635E-4 	 0.005890250802133215 	 0.006674435853970875 	 0.005409523107598618 	 4.6435563393739635E-4 	 0.005890250802133215 	 0.006674435853970875 	 0.005409523107598618 	 4.6435563393739635E-4 	 0.005890250802133215 	 
-1.6079999999999999 	 0.006882093273850272 	 0.006795051184766747 	 2.315876269669067E-4 	 0.006240261708507173 	 0.006882093273850272 	 0.006795051184766747 	 2.315876269669067E-4 	 0.006240261708507173 	 0.006882093273850272 	 0.006795051184766747 	 2.315876269669067E-4 	 0.006240261708507173 	 0.006882093273850272 	 0.006795051184766747 	 2.315876269669067E-4 	 0.006240261708507173 	 
-1.584 	 0.0057737878788819245 	 0.004916749203631102 	 3.09064709008864E-5 	 0.005172187683262286 	 0.0057737878788819245 	 0.004916749203631102 	 3.09064709008864E-5 	 0.005172187683262286 	 0.0057737878788819245 	 0.004916749203631102 	 3.09064709008864E-5 	 0.005172187683262286 	 0.0057737878788819245 	 0.004916749203631102 	 3.09064709008864E-5 	 0.005172187683262286 	 
-1.56 	 0.005728069823152073 	 0.0055939488055023225 	 6.938725338540624E-5 	 0.005162152911753362 	 0.005728069823152073 	 0.0055939488055023225 	 6.938725338540624E-5 	 0.005162152911753362 	 0.005728069823152073 	 0.0055939488055023225 	 6.938725338540624E-5 	 0.005162152911753362 	 0.005728069823152073 	 0.0055939488055023225 	 6.938725338540624E-5 	 0.005162152911753362 	 
-1.536 	 0.005256827717395602 	 0.0048216064294621126 	 2.6257205858324685E-4 	 0.004767160856060141 	 0.005256827717395602 	 0.0048216064294621126 	 2.6257205858324685E-4 	 0.004767160856060141 	 0.005256827717395602 	 0.0048216064294621126 	 2.6257205858324685E-4 	 0.004767160856060141 	 0.005256827717395602 	 0.0048216064294621126 	 2.6257205858324685E-4 	 0.004767160856060141 	 
-1.512 	 0.004704531044322921 	 0.0042326962070843655 	 2.2410845300303416E-4 	 0.004179015080264463 	 0.004704531044322921 	 0.0042326962070843655 	 2.2410845300303416E-4 	 0.004179015080264463 	 0.004704531044322921 	 0.0042326962070843655 	 2.2410845300303416E-4 	 0.004179015080264463 	 0.004704531044322921 	 0.0042326962070843655 	 2.2410845300303416E-4 	 0.004179015080264463 	 
-1.488 	 0.0038514565265134475 	 0.003241859625421374 	 2.4342859078969252E-5 	 0.003308306576537009 	 0.0038514565265134475 	 0.003241859625421374 	 2.4342859078969252E-5 	 0.003308306576537009 	 0.0038514565265134475 	 0.003241859625421374 	 2.4342859078969252E-5 	 0.003308306576537009 	 0.0038514565265134475 	 0.003241859625421374 	 2.4342859078969252E-5 	 0.003308306576537009 	 
-1.464 	 0.0035347444377608335 	 0.00320316780067372 	 5.9271872495638714E-5 	 0.002974995334651129 	 0.0035347444377608335 	 0.00320316780067372 	 5.9271872495638714E-5 	 0.002974995334651129 	 0.0035347444377608335 	 0.00320316780067372 	 5.9271872495638714E-5 	 0.002974995334651129 	 0.0035347444377608335 	 0.00320316780067372 	 5.9271872495638714E-5 	 0.002974995334651129 	 
-1.44 	 0.0030489941590837425 	 0.002613208877233424 	 2.1892299368483957E-4 	 0.002501056496999603 	 0.0030489941590837425 	 0.002613208877233424 	 2.1892299368483957E-4 	 0.002501056496999603 	 0.0030489941590837425 	 0.002613208877233424 	 2.1892299368483957E-4 	 0.002501056496999603 	 0.0030489941590837425 	 0.002613208877233424 	 2.1892299368483957E-4 	 0.002501056496999603 	 
-1.416 	 0.0017827722323578838 	 8.988051863462632E-4 	 1.6042159936200995E-5 	 0.0011390522204471258 	 0.0017827722323578838 	 8.988051863462632E-4 	 1.6042159936200995E-5 	 0.0011390522204471258 	 0.0017827722323578838 	 8.988051863462632E-4 	 1.6042159936200995E-5 	 0.0011390522204471258 	 0.0017827722323578838 	 8.988051863462632E-4 	 1.6042159936200995E-5 	 0.0011390522204471258 	 
-1.392 	 0.0017817771685359792 	 0.0015715090119268992 	 2.0155956195498983E-5 	 0.001165026616195941 	 0.0017817771685359792 	 0.0015715090119268992 	 2.0155956195498983E-5 	 0.001165026616195941 	 0.0017817771685359792 	 0.0015715090119268992 	 2.0155956195498983E-5 	 0.001165026616195941 	 0.0017817771685359792 	 0.0015715090119268992 	 2.0155956195498983E-5 	 0.001165026616195941 	 
-1.3679999999999999 	 0.0022200845534937415 	 0.0021457316228224105 	 2.6142534653076787E-5 	 0.001697963561529734 	 0.0022200845534937415 	 0.0021457316228224105 	 2.6142534653076787E-5 	 0.001697963561529734 	 0.0022200845534937415 	 0.0021457316228224105 	 2.6142534653076787E-5 	 0.001697963561529734 	 0.0022200845534937415 	 0.0021457316228224105 	 2.6142534653076787E-5 	 0.001697963561529734 	 
-1.3439999999999999 	 0.0019426214857084874 	 0.0015684361934524458 	 3.060712559618477E-5 	 0.001463830553263379 	 0.0019426214857084874 	 0.0015684361934524458 	 3.060712559618477E-5 	 0.001463830553263379 	 0.0019426214857084874 	 0.0015684361934524458 	 3.060712559618477E-5 	 0.001463830553263379 	 0.0019426214857084874 	 0.0015684361934524458 	 3.060712559618477E-5 	 0.001463830553263379 	 
-1.32 	 0.001801507638789821 	 0.001551062752184143 	 9.822603699765329E-5 	 0.0013148261768861458 	 0.001801507638789821 	 0.001551062752184143 	 9.822603699765329E-5 	 0.0013148261768861458 	 0.001801507638789821 	 0.001551062752184143 	 9.822603699765329E-5 	 0.0013148261768861458 	 0.001801507638789821 	 0.001551062752184143 	 9.822603699765329E-5 	 0.0013148261768861458 	 
-1.296 	 0.0023732827894576967 	 0.002478326037636969 	 4.224336214099529E-4 	 0.0019660693993108066 	 0.0023732827894576967 	 0.002478326037636969 	 4.224336214099529E-4 	 0.0019660693993108066 	 0.0023732827894576967 	 0.002478326037636969 	 4.224336214099529E-4 	 0.0019660693993108066 	 0.0023732827894576967 	 0.002478326037636969 	 4.224336214099529E-4 	 0.0019660693993108066 	 
-1.272 	 0.002816959862803428 	 0.002872447879837048 	 2.69142146424191E-5 	 0.0024957138512402624 	 0.002816959862803428 	 0.002872447879837048 	 2.69142146424191E-5 	 0.0024957138512402624 	 0.002816959862803428 	 0.002872447879837048 	 2.69142146424191E-5 	 0.0024957138512402624 	 0.002816959862803428 	 0.002872447879837048 	 2.69142146424191E-5 	 0.0024957138512402624 	 
-1.248 	 0.0020671739964360776 	 0.0015556167721938064 	 2.207541504659309E-5 	 0.0017082552789281379 	 0.0020671739964360776 	 0.0015556167721938064 	 2.207541504659309E-5 	 0.0017082552789281379 	 0.0020671739964360776 	 0.0015556167721938064 	 2.207541504659309E-5 	 0.0017082552789281379 	 0.0020671739964360776 	 0.0015556167721938064 	 2.207541504659309E-5 	 0.0017082552789281379 	 
-1.224 	 0.0015553085654670007 	 0.0011560064061656888 	 2.1437244179567735E-5 	 0.0011040194815952677 	 0.0015553085654670007 	 0.0011560064061656888 	 2.1437244179567735E-5 	 0.0011040194815952677 	 0.0015553085654670007 	 0.0011560064061656888 	 2.1437244179567735E-5 	 0.0011040194815952677 	 0.0015553085654670007 	 0.0011560064061656888 	 2.1437244179567735E-5 	 0.0011040194815952677 	 
-1.2 	 0.0017568823556946083 	 0.0016929983259358814 	 2.4245535052030824E-5 	 0.0013388585976891018 	 0.0017568823556946083 	 0.0016929983259358814 	 2.4245535052030824E-5 	 0.0013388585976891018 	 0.0017568823556946083 	 0.0016929983259358814 	 2.4245535052030824E-5 	 0.0013388585976891018 	 0.0017568823556946083 	 0.0016929983259358814 	 2.4245535052030824E-5 	 0.0013388585976891018 	 
-1.176 	 0.0010937699780326573 	 5.619775506559686E-4 	 2.001497158432362E-5 	 6.600420745344897E-4 	 0.0010937699780326573 	 5.619775506559686E-4 	 2.001497158432362E-5 	 6.600420745344897E-4 	 0.0010937699780326573 	 5.619775506559686E-4 	 2.001497158432362E-5 	 6.600420745344897E-4 	 0.0010937699780326573 	 5.619775506559686E-4 	 2.001497158432362E-5 	 6.600420745344897E-4 	 
-1.152 	 0.001074860249433731 	 9.15458549462642E-4 	 2.292982960961615E-5 	 6.049335303281969E-4 	 0.001074860249433731 	 9.15458549462642E-4 	 2.292982960961615E-5 	 6.049335303281969E-4 	 0.001074860249433731 	 9.15458549462642E-4 	 2.292982960961615E-5 	 6.049335303281969E-4 	 0.001074860249433731 	 9.15458549462642E-4 	 2.292982960961615E-5 	 6.049335303281969E-4 	 
-1.128 	 9.620268705379207E-4 	 7.14197575120433E-4 	 2.6026699707265172E-5 	 5.403423306430025E-4 	 9.620268705379207E-4 	 7.14197575120433E-4 	 2.6026699707265172E-5 	 5.403423306430025E-4 	 9.620268705379207E-4 	 7.14197575120433E-4 	 2.6026699707265172E-5 	 5.403423306430025E-4 	 9.620268705379207E-4 	 7.14197575120433E-4 	 2.6026699707265172E-5 	 5.403423306430025E-4 	 
-1.1039999999999999 	 0.0012739697920621902 	 0.0012620903882339524 	 3.123831245233293E-5 	 8.880186604243636E-4 	 0.0012739697920621902 	 0.0012620903882339524 	 3.123831245233293E-5 	 8.880186604243636E-4 	 0.0012739697920621902 	 0.0012620903882339524 	 3.123831245233293E-5 	 8.880186604243636E-4 	 0.0012739697920621902 	 0.0012620903882339524 	 3.123831245233293E-5 	 8.880186604243636E-4 	 
-1.08 	 7.588032044745696E-4 	 3.2680306088015966E-4 	 9.643403880664718E-5 	 3.6636998829788696E-4 	 7.588032044745696E-4 	 3.2680306088015966E-4 	 9.643403880664718E-5 	 3.6636998829788696E-4 	 7.588032044745696E-4 	 3.2680306088015966E-4 	 9.643403880664718E-5 	 3.6636998829788696E-4 	 7.588032044745696E-4 	 3.2680306088015966E-4 	 9.643403880664718E-5 	 3.6636998829788696E-4 	 
-1.056 	 9.059419759241779E-4 	 8.577408149052829E-4 	 4.2053064066234014E-4 	 5.108722817717467E-4 	 9.059419759241779E-4 	 8.577408149052829E-4 	 4.2053064066234014E-4 	 5.108722817717467E-4 	 9.059419759241779E-4 	 8.577408149052829E-4 	 4.2053064066234014E-4 	 5.108722817717467E-4 	 9.059419759241779E-4 	 8.577408149052829E-4 	 4.2053064066234014E-4 	 5.108722817717467E-4 	 
-1.032 	 0.0018376588548676173 	 0.0021737431983148594 	 2.6679896593519013E-5 	 0.001568176282257369 	 0.0018376588548676173 	 0.0021737431983148594 	 2.6679896593519013E-5 	 0.001568176282257369 	 0.0018376588548676173 	 0.0021737431983148594 	 2.6679896593519013E-5 	 0.001568176282257369 	 0.0018376588548676173 	 0.0021737431983148594 	 2.6679896593519013E-5 	 0.001568176282257369 	 
-1.008 	 0.0012949377498280878 	 8.88745376526874E-4 	 2.4425161853340156E-5 	 0.0010116292593306837 	 0.0012949377498280878 	 8.88745376526874E-4 	 2.4425161853340156E-5 	 0.0010116292593306837 	 0.0012949377498280878 	 8.88745376526874E-4 	 2.4425161853340156E-5 	 0.0010116292593306837 	 0.0012949377498280878 	 8.88745376526874E-4 	 2.4425161853340156E-5 	 0.0010116292593306837 	 
-0.984 	 0.0010208819873304882 	 8.580781082212438E-4 	 2.8001093643651324E-5 	 6.822605857303311E-4 	 0.0010208819873304882 	 8.580781082212438E-4 	 2.8001093643651324E-5 	 6.822605857303311E-4 	 0.0010208819873304882 	 8.580781082212438E-4 	 2.8001093643651324E-5 	 6.822605857303311E-4 	 0.0010208819873304882 	 8.580781082212438E-4 	 2.8001093643651324E-5 	 6.822605857303311E-4 	 
-0.96 	 8.500349287549719E-4 	 6.482993900576324E-4 	 6.413571857535209E-5 	 5.265916473190736E-4 	 8.500349287549719E-4 	 6.482993900576324E-4 	 6.413571857535209E-5 	 5.265916473190736E-4 	 8.500349287549719E-4 	 6.482993900576324E-4 	 6.413571857535209E-5 	 5.265916473190736E-4 	 8.500349287549719E-4 	 6.482993900576324E-4 	 6.413571857535209E-5 	 5.265916473190736E-4 	 
-0.9359999999999999 	 0.001287256817668598 	 0.001395173990489449 	 2.600882449939732E-4 	 9.999323290437435E-4 	 0.001287256817668598 	 0.001395173990489449 	 2.600882449939732E-4 	 9.999323290437435E-4 	 0.001287256817668598 	 0.001395173990489449 	 2.600882449939732E-4 	 9.999323290437435E-4 	 0.001287256817668598 	 0.001395173990489449 	 2.600882449939732E-4 	 9.999323290437435E-4 	 
-0.9119999999999999 	 8.330252828526951E-4 	 4.665163606378226E-4 	 2.1865722842090513E-4 	 5.371629764005532E-4 	 8.330252828526951E-4 	 4.665163606378226E-4 	 2.1865722842090513E-4 	 5.371629764005532E-4 	 8.330252828526951E-4 	 4.665163606378226E-4 	 2.1865722842090513E-4 	 5.371629764005532E-4 	 8.330252828526951E-4 	 4.665163606378226E-4 	 2.1865722842090513E-4 	 5.371629764005532E-4 	 
-0.8879999999999999 	 6.283490447024648E-4 	 4.413349893786059E-4 	 2.103173461035192E-5 	 2.894591230938841E-4 	 6.283490447024648E-4 	 4.413349893786059E-4 	 2.103173461035192E-5 	 2.894591230938841E-4 	 6.283490447024648E-4 	 4.413349893786059E-4 	 2.103173461035192E-5 	 2.894591230938841E-4 	 6.283490447024648E-4 	 4.413349893786059E-4 	 2.103173461035192E-5 	 2.894591230938841E-4 	 
-0.8639999999999999 	 4.8338200230937245E-4 	 2.4260945772491162E-4 	 1.8830627693768098E-5 	 1.5226718501357522E-4 	 4.8338200230937245E-4 	 2.4260945772491162E-4 	 1.8830627693768098E-5 	 1.5226718501357522E-4 	 4.8338200230937245E-4 	 2.4260945772491162E-4 	 1.8830627693768098E-5 	 1.5226718501357522E-4 	 4.8338200230937245E-4 	 2.4260945772491162E-4 	 1.8830627693768098E-5 	 1.5226718501357522E-4 	 
-0.8399999999999999 	 6.784934713350212E-4 	 6.087156852707819E-4 	 2.132809633282348E-5 	 3.6367588575081296E-4 	 6.784934713350212E-4 	 6.087156852707819E-4 	 2.132809633282348E-5 	 3.6367588575081296E-4 	 6.784934713350212E-4 	 6.087156852707819E-4 	 2.132809633282348E-5 	 3.6367588575081296E-4 	 6.784934713350212E-4 	 6.087156852707819E-4 	 2.132809633282348E-5 	 3.6367588575081296E-4 	 
-0.8159999999999998 	 7.326488159962909E-4 	 6.110499343123107E-4 	 2.306312053097801E-5 	 4.443478269687905E-4 	 7.326488159962909E-4 	 6.110499343123107E-4 	 2.306312053097801E-5 	 4.443478269687905E-4 	 7.326488159962909E-4 	 6.110499343123107E-4 	 2.306312053097801E-5 	 4.443478269687905E-4 	 7.326488159962909E-4 	 6.110499343123107E-4 	 2.306312053097801E-5 	 4.443478269687905E-4 	 
-0.7919999999999998 	 7.453192323058123E-4 	 6.137800793545212E-4 	 2.6108751418577813E-5 	 4.51899764978985E-4 	 7.453192323058123E-4 	 6.137800793545212E-4 	 2.6108751418577813E-5 	 4.51899764978985E-4 	 7.453192323058123E-4 	 6.137800793545212E-4 	 2.6108751418577813E-5 	 4.51899764978985E-4 	 7.453192323058123E-4 	 6.137800793545212E-4 	 2.6108751418577813E-5 	 4.51899764978985E-4 	 
-0.7679999999999998 	 7.388828634032682E-4 	 6.102613376297225E-4 	 2.9724279054860706E-5 	 4.561930593096793E-4 	 7.388828634032682E-4 	 6.102613376297225E-4 	 2.9724279054860706E-5 	 4.561930593096793E-4 	 7.388828634032682E-4 	 6.102613376297225E-4 	 2.9724279054860706E-5 	 4.561930593096793E-4 	 7.388828634032682E-4 	 6.102613376297225E-4 	 2.9724279054860706E-5 	 4.561930593096793E-4 	 
-0.7439999999999998 	 7.356780283660313E-4 	 6.094242290076025E-4 	 6.743291553145288E-5 	 4.558896849969801E-4 	 7.356780283660313E-4 	 6.094242290076025E-4 	 6.743291553145288E-5 	 4.558896849969801E-4 	 7.356780283660313E-4 	 6.094242290076025E-4 	 6.743291553145288E-5 	 4.558896849969801E-4 	 7.356780283660313E-4 	 6.094242290076025E-4 	 6.743291553145288E-5 	 4.558896849969801E-4 	 
-0.7199999999999998 	 4.7652991253549016E-4 	 2.3027233628017128E-4 	 2.2819598088278E-4 	 1.7532907346243E-4 	 4.7652991253549016E-4 	 2.3027233628017128E-4 	 2.2819598088278E-4 	 1.7532907346243E-4 	 4.7652991253549016E-4 	 2.3027233628017128E-4 	 2.2819598088278E-4 	 1.7532907346243E-4 	 4.7652991253549016E-4 	 2.3027233628017128E-4 	 2.2819598088278E-4 	 1.7532907346243E-4 	 
-0.6959999999999997 	 7.494651925770722E-4 	 7.81590766608951E-4 	 3.40453441279321E-5 	 4.712096658075411E-4 	 7.494651925770722E-4 	 7.81590766608951E-4 	 3.40453441279321E-5 	 4.712096658075411E-4 	 7.494651925770722E-4 	 7.81590766608951E-4 	 3.40453441279321E-5 	 4.712096658075411E-4 	 7.494651925770722E-4 	 7.81590766608951E-4 	 3.40453441279321E-5 	 4.712096658075411E-4 	 
-0.6720000000000002 	 7.360946405064344E-4 	 6.025400179374251E-4 	 3.6447653339963787E-5 	 4.8277049348407374E-4 	 7.360946405064344E-4 	 6.025400179374251E-4 	 3.6447653339963787E-5 	 4.8277049348407374E-4 	 7.360946405064344E-4 	 6.025400179374251E-4 	 3.6447653339963787E-5 	 4.8277049348407374E-4 	 7.360946405064344E-4 	 6.025400179374251E-4 	 3.6447653339963787E-5 	 4.8277049348407374E-4 	 
-0.6480000000000001 	 7.027082560670002E-4 	 5.994507784352061E-4 	 3.844215325958024E-5 	 4.405097923559328E-4 	 7.027082560670002E-4 	 5.994507784352061E-4 	 3.844215325958024E-5 	 4.405097923559328E-4 	 7.027082560670002E-4 	 5.994507784352061E-4 	 3.844215325958024E-5 	 4.405097923559328E-4 	 7.027082560670002E-4 	 5.994507784352061E-4 	 3.844215325958024E-5 	 4.405097923559328E-4 	 
-0.6240000000000001 	 5.787598004596717E-4 	 4.12722654784301E-4 	 4.388271012210746E-5 	 3.0411921074962396E-4 	 5.787598004596717E-4 	 4.12722654784301E-4 	 4.388271012210746E-5 	 3.0411921074962396E-4 	 5.787598004596717E-4 	 4.12722654784301E-4 	 4.388271012210746E-5 	 3.0411921074962396E-4 	 5.787598004596717E-4 	 4.12722654784301E-4 	 4.388271012210746E-5 	 3.0411921074962396E-4 	 
-0.6000000000000001 	 3.937341150503501E-4 	 2.1365524095619164E-4 	 4.505242197007216E-5 	 1.1752699764247646E-4 	 3.937341150503501E-4 	 2.1365524095619164E-4 	 4.505242197007216E-5 	 1.1752699764247646E-4 	 3.937341150503501E-4 	 2.1365524095619164E-4 	 4.505242197007216E-5 	 1.1752699764247646E-4 	 3.937341150503501E-4 	 2.1365524095619164E-4 	 4.505242197007216E-5 	 1.1752699764247646E-4 	 
-0.5760000000000001 	 3.5576153828109457E-4 	 2.1409618618062877E-4 	 4.917696651352476E-5 	 6.80724704507679E-5 	 3.5576153828109457E-4 	 2.1409618618062877E-4 	 4.917696651352476E-5 	 6.80724704507679E-5 	 3.5576153828109457E-4 	 2.1409618618062877E-4 	 4.917696651352476E-5 	 6.80724704507679E-5 	 3.5576153828109457E-4 	 2.1409618618062877E-4 	 4.917696651352476E-5 	 6.80724704507679E-5 	 
-0.552 	 3.5370054126321543E-4 	 2.136240585973838E-4 	 5.227340507289901E-5 	 6.986843548325368E-5 	 3.5370054126321543E-4 	 2.136240585973838E-4 	 5.227340507289901E-5 	 6.986843548325368E-5 	 3.5370054126321543E-4 	 2.136240585973838E-4 	 5.227340507289901E-5 	 6.986843548325368E-5 	 3.5370054126321543E-4 	 2.136240585973838E-4 	 5.227340507289901E-5 	 6.986843548325368E-5 	 
-0.528 	 3.364110766702864E-4 	 2.0870746654954895E-4 	 5.399252400287965E-5 	 6.303325980604399E-5 	 3.364110766702864E-4 	 2.0870746654954895E-4 	 5.399252400287965E-5 	 6.303325980604399E-5 	 3.364110766702864E-4 	 2.0870746654954895E-4 	 5.399252400287965E-5 	 6.303325980604399E-5 	 3.364110766702864E-4 	 2.0870746654954895E-4 	 5.399252400287965E-5 	 6.303325980604399E-5 	 
-0.504 	 3.1919972687383683E-4 	 2.0811818073993103E-4 	 5.7876208851346895E-5 	 5.1465702310702517E-5 	 3.1919972687383683E-4 	 2.0811818073993103E-4 	 5.7876208851346895E-5 	 5.1465702310702517E-5 	 3.1919972687383683E-4 	 2.0811818073993103E-4 	 5.7876208851346895E-5 	 5.1465702310702517E-5 	 3.1919972687383683E-4 	 2.0811818073993103E-4 	 5.7876208851346895E-5 	 5.1465702310702517E-5 	 
-0.48 	 3.1496310757483345E-4 	 2.0758170855430868E-4 	 6.300209171858156E-5 	 4.712161331851254E-5 	 3.1496310757483345E-4 	 2.0758170855430868E-4 	 6.300209171858156E-5 	 4.712161331851254E-5 	 3.1496310757483345E-4 	 2.0758170855430868E-4 	 6.300209171858156E-5 	 4.712161331851254E-5 	 3.1496310757483345E-4 	 2.0758170855430868E-4 	 6.300209171858156E-5 	 4.712161331851254E-5 	 
-0.45599999999999996 	 4.3863183761592723E-4 	 4.031529762602708E-4 	 7.201366527500455E-5 	 1.8120004042123964E-4 	 4.3863183761592723E-4 	 4.031529762602708E-4 	 7.201366527500455E-5 	 1.8120004042123964E-4 	 4.3863183761592723E-4 	 4.031529762602708E-4 	 7.201366527500455E-5 	 1.8120004042123964E-4 	 4.3863183761592723E-4 	 4.031529762602708E-4 	 7.201366527500455E-5 	 1.8120004042123964E-4 	 
-0.43199999999999994 	 3.3655203262336066E-4 	 2.0902451071529458E-4 	 1.0674535882759166E-4 	 9.58069022405295E-5 	 3.3655203262336066E-4 	 2.0902451071529458E-4 	 1.0674535882759166E-4 	 9.58069022405295E-5 	 3.3655203262336066E-4 	 2.0902451071529458E-4 	 1.0674535882759166E-4 	 9.58069022405295E-5 	 3.3655203262336066E-4 	 2.0902451071529458E-4 	 1.0674535882759166E-4 	 9.58069022405295E-5 	 
-0.4079999999999999 	 4.242140829959609E-4 	 4.015276398243637E-4 	 2.7889330782682284E-4 	 1.7464667562789774E-4 	 4.242140829959609E-4 	 4.015276398243637E-4 	 2.7889330782682284E-4 	 1.7464667562789774E-4 	 4.242140829959609E-4 	 4.015276398243637E-4 	 2.7889330782682284E-4 	 1.7464667562789774E-4 	 4.242140829959609E-4 	 4.015276398243637E-4 	 2.7889330782682284E-4 	 1.7464667562789774E-4 	 
-0.3839999999999999 	 5.715044839536731E-4 	 5.876853769621383E-4 	 1.2090309716925421E-4 	 3.53014414737637E-4 	 5.715044839536731E-4 	 5.876853769621383E-4 	 1.2090309716925421E-4 	 3.53014414737637E-4 	 5.715044839536731E-4 	 5.876853769621383E-4 	 1.2090309716925421E-4 	 3.53014414737637E-4 	 5.715044839536731E-4 	 5.876853769621383E-4 	 1.2090309716925421E-4 	 3.53014414737637E-4 	 
-0.3599999999999999 	 3.814037439813592E-4 	 2.2124934657053252E-4 	 3.221209377745762E-4 	 1.4612245014306493E-4 	 3.814037439813592E-4 	 2.2124934657053252E-4 	 3.221209377745762E-4 	 1.4612245014306493E-4 	 3.814037439813592E-4 	 2.2124934657053252E-4 	 3.221209377745762E-4 	 1.4612245014306493E-4 	 3.814037439813592E-4 	 2.2124934657053252E-4 	 3.221209377745762E-4 	 1.4612245014306493E-4 	 
-0.33599999999999985 	 4.26843196984107E-4 	 4.048045500649577E-4 	 3.250009115004725E-4 	 1.8166691178358554E-4 	 4.26843196984107E-4 	 4.048045500649577E-4 	 3.250009115004725E-4 	 1.8166691178358554E-4 	 4.26843196984107E-4 	 4.048045500649577E-4 	 3.250009115004725E-4 	 1.8166691178358554E-4 	 4.26843196984107E-4 	 4.048045500649577E-4 	 3.250009115004725E-4 	 1.8166691178358554E-4 	 
-0.31199999999999983 	 3.4107762570892783E-4 	 2.2303663191629774E-4 	 2.943622917426989E-4 	 9.215272100633273E-5 	 3.4107762570892783E-4 	 2.2303663191629774E-4 	 2.943622917426989E-4 	 9.215272100633273E-5 	 3.4107762570892783E-4 	 2.2303663191629774E-4 	 2.943622917426989E-4 	 9.215272100633273E-5 	 3.4107762570892783E-4 	 2.2303663191629774E-4 	 2.943622917426989E-4 	 9.215272100633273E-5 	 
-0.2879999999999998 	 2.9816716175987763E-4 	 2.2021256811411002E-4 	 1.0446071939735984E-4 	 3.892166724437667E-5 	 2.9816716175987763E-4 	 2.2021256811411002E-4 	 1.0446071939735984E-4 	 3.892166724437667E-5 	 2.9816716175987763E-4 	 2.2021256811411002E-4 	 1.0446071939735984E-4 	 3.892166724437667E-5 	 2.9816716175987763E-4 	 2.2021256811411002E-4 	 1.0446071939735984E-4 	 3.892166724437667E-5 	 
-0.2639999999999998 	 2.8537969663798167E-4 	 2.2094593394983482E-4 	 1.1905882907342804E-4 	 2.9332750248759487E-5 	 2.8537969663798167E-4 	 2.2094593394983482E-4 	 1.1905882907342804E-4 	 2.9332750248759487E-5 	 2.8537969663798167E-4 	 2.2094593394983482E-4 	 1.1905882907342804E-4 	 2.9332750248759487E-5 	 2.8537969663798167E-4 	 2.2094593394983482E-4 	 1.1905882907342804E-4 	 2.9332750248759487E-5 	 
-0.23999999999999977 	 5.37810538086771E-4 	 5.998249635593221E-4 	 1.3275061321931552E-4 	 2.9870091800581535E-4 	 5.37810538086771E-4 	 5.998249635593221E-4 	 1.3275061321931552E-4 	 2.9870091800581535E-4 	 5.37810538086771E-4 	 5.998249635593221E-4 	 1.3275061321931552E-4 	 2.9870091800581535E-4 	 5.37810538086771E-4 	 5.998249635593221E-4 	 1.3275061321931552E-4 	 2.9870091800581535E-4 	 
-0.21599999999999975 	 3.7990761936690446E-4 	 2.390975262699696E-4 	 1.846108798796728E-4 	 1.31271853599888E-4 	 3.7990761936690446E-4 	 2.390975262699696E-4 	 1.846108798796728E-4 	 1.31271853599888E-4 	 3.7990761936690446E-4 	 2.390975262699696E-4 	 1.846108798796728E-4 	 1.31271853599888E-4 	 3.7990761936690446E-4 	 2.390975262699696E-4 	 1.846108798796728E-4 	 1.31271853599888E-4 	 
-0.19199999999999973 	 3.087843949182322E-4 	 2.3705032139274276E-4 	 3.706760705992658E-4 	 3.8911078899291296E-5 	 3.087843949182322E-4 	 2.3705032139274276E-4 	 3.706760705992658E-4 	 3.8911078899291296E-5 	 3.087843949182322E-4 	 2.3705032139274276E-4 	 3.706760705992658E-4 	 3.8911078899291296E-5 	 3.087843949182322E-4 	 2.3705032139274276E-4 	 3.706760705992658E-4 	 3.8911078899291296E-5 	 
-0.16800000000000015 	 3.026987049720636E-4 	 2.3851987308348607E-4 	 2.0068360864483131E-4 	 3.139754065553654E-5 	 3.026987049720636E-4 	 2.3851987308348607E-4 	 2.0068360864483131E-4 	 3.139754065553654E-5 	 3.026987049720636E-4 	 2.3851987308348607E-4 	 2.0068360864483131E-4 	 3.139754065553654E-5 	 3.026987049720636E-4 	 2.3851987308348607E-4 	 2.0068360864483131E-4 	 3.139754065553654E-5 	 
-0.14400000000000013 	 3.036655690603904E-4 	 2.4258126698838766E-4 	 2.8076398756828877E-4 	 3.0795168461094953E-5 	 3.036655690603904E-4 	 2.4258126698838766E-4 	 2.8076398756828877E-4 	 3.0795168461094953E-5 	 3.036655690603904E-4 	 2.4258126698838766E-4 	 2.8076398756828877E-4 	 3.0795168461094953E-5 	 3.036655690603904E-4 	 2.4258126698838766E-4 	 2.8076398756828877E-4 	 3.0795168461094953E-5 	 
-0.1200000000000001 	 3.1784420757218965E-4 	 2.6115170962401086E-4 	 5.957418205462979E-4 	 2.7233140342793696E-5 	 3.1784420757218965E-4 	 2.6115170962401086E-4 	 5.957418205462979E-4 	 2.7233140342793696E-5 	 3.1784420757218965E-4 	 2.6115170962401086E-4 	 5.957418205462979E-4 	 2.7233140342793696E-5 	 3.1784420757218965E-4 	 2.6115170962401086E-4 	 5.957418205462979E-4 	 2.7233140342793696E-5 	 
-0.09600000000000009 	 4.217621572044787E-4 	 4.3413837690625375E-4 	 9.911326498751657E-4 	 1.5871892276941735E-4 	 4.217621572044787E-4 	 4.3413837690625375E-4 	 9.911326498751657E-4 	 1.5871892276941735E-4 	 4.217621572044787E-4 	 4.3413837690625375E-4 	 9.911326498751657E-4 	 1.5871892276941735E-4 	 4.217621572044787E-4 	 4.3413837690625375E-4 	 9.911326498751657E-4 	 1.5871892276941735E-4 	 
-0.07200000000000006 	 3.7098134257625685E-4 	 2.7432140944942283E-4 	 9.078999787423797E-4 	 8.069273090733595E-5 	 3.7098134257625685E-4 	 2.7432140944942283E-4 	 9.078999787423797E-4 	 8.069273090733595E-5 	 3.7098134257625685E-4 	 2.7432140944942283E-4 	 9.078999787423797E-4 	 8.069273090733595E-5 	 3.7098134257625685E-4 	 2.7432140944942283E-4 	 9.078999787423797E-4 	 8.069273090733595E-5 	 
-0.04800000000000004 	 3.314146961102573E-4 	 2.7432429654822076E-4 	 0.0011452966111737354 	 3.451907032555717E-5 	 3.314146961102573E-4 	 2.7432429654822076E-4 	 0.0011452966111737354 	 3.451907032555717E-5 	 3.314146961102573E-4 	 2.7432429654822076E-4 	 0.0011452966111737354 	 3.451907032555717E-5 	 3.314146961102573E-4 	 2.7432429654822076E-4 	 0.0011452966111737354 	 3.451907032555717E-5 	 
-0.02400000000000002 	 3.371010063502433E-4 	 2.8020778645543234E-4 	 0.0011063350847972068 	 3.6210258010787486E-5 	 3.371010063502433E-4 	 2.8020778645543234E-4 	 0.0011063350847972068 	 3.6210258010787486E-5 	 3.371010063502433E-4 	 2.8020778645543234E-4 	 0.0011063350847972068 	 3.6210258010787486E-5 	 3.371010063502433E-4 	 2.8020778645543234E-4 	 0.0011063350847972068 	 3.6210258010787486E-5 	 
0.0 	 3.6307084095852336E-4 	 2.9996825498230053E-4 	 0.002688375842887528 	 4.0705546824485456E-5 	 3.6307084095852336E-4 	 2.9996825498230053E-4 	 0.002688375842887528 	 4.0705546824485456E-5 	 3.6307084095852336E-4 	 2.9996825498230053E-4 	 0.002688375842887528 	 4.0705546824485456E-5 	 3.6307084095852336E-4 	 2.9996825498230053E-4 	 0.002688375842887528 	 4.0705546824485456E-5 	 
0.02400000000000002 	 3.895316341669815E-4 	 3.212306140638684E-4 	 0.004202594537459779 	 4.185290440723566E-5 	 3.895316341669815E-4 	 3.212306140638684E-4 	 0.004202594537459779 	 4.185290440723566E-5 	 3.895316341669815E-4 	 3.212306140638684E-4 	 0.004202594537459779 	 4.185290440723566E-5 	 3.895316341669815E-4 	 3.212306140638684E-4 	 0.004202594537459779 	 4.185290440723566E-5 	 
0.04800000000000004 	 5.331167919632838E-4 	 5.240993043904679E-4 	 0.006741769702862341 	 1.7630380203573443E-4 	 5.331167919632838E-4 	 5.240993043904679E-4 	 0.006741769702862341 	 1.7630380203573443E-4 	 5.331167919632838E-4 	 5.240993043904679E-4 	 0.006741769702862341 	 1.7630380203573443E-4 	 5.331167919632838E-4 	 5.240993043904679E-4 	 0.006741769702862341 	 1.7630380203573443E-4 	 
0.07200000000000006 	 5.129898319916575E-4 	 3.762768427853359E-4 	 0.012274230734913062 	 1.0770967526227683E-4 	 5.129898319916575E-4 	 3.762768427853359E-4 	 0.012274230734913062 	 1.0770967526227683E-4 	 5.129898319916575E-4 	 3.762768427853359E-4 	 0.012274230734913062 	 1.0770967526227683E-4 	 5.129898319916575E-4 	 3.762768427853359E-4 	 0.012274230734913062 	 1.0770967526227683E-4 	 
0.09600000000000009 	 5.216904543237153E-4 	 4.044052766835009E-4 	 0.015911509727906593 	 6.859964542626758E-5 	 5.216904543237153E-4 	 4.044052766835009E-4 	 0.015911509727906593 	 6.859964542626758E-5 	 5.216904543237153E-4 	 4.044052766835009E-4 	 0.015911509727906593 	 6.859964542626758E-5 	 5.216904543237153E-4 	 4.044052766835009E-4 	 0.015911509727906593 	 6.859964542626758E-5 	 
0.1200000000000001 	 5.601810565573185E-4 	 4.2573545168001647E-4 	 0.02196863093324531 	 6.482994275017975E-5 	 5.601810565573185E-4 	 4.2573545168001647E-4 	 0.02196863093324531 	 6.482994275017975E-5 	 5.601810565573185E-4 	 4.2573545168001647E-4 	 0.02196863093324531 	 6.482994275017975E-5 	 5.601810565573185E-4 	 4.2573545168001647E-4 	 0.02196863093324531 	 6.482994275017975E-5 	 
0.14400000000000013 	 6.127557197975295E-4 	 4.5955673456162774E-4 	 0.027229527866209483 	 7.108060001741526E-5 	 6.127557197975295E-4 	 4.5955673456162774E-4 	 0.027229527866209483 	 7.108060001741526E-5 	 6.127557197975295E-4 	 4.5955673456162774E-4 	 0.027229527866209483 	 7.108060001741526E-5 	 6.127557197975295E-4 	 4.5955673456162774E-4 	 0.027229527866209483 	 7.108060001741526E-5 	 
0.16800000000000015 	 6.663737603797754E-4 	 4.930145454532873E-4 	 0.03479154937150195 	 7.644712252179358E-5 	 6.663737603797754E-4 	 4.930145454532873E-4 	 0.03479154937150195 	 7.644712252179358E-5 	 6.663737603797754E-4 	 4.930145454532873E-4 	 0.03479154937150195 	 7.644712252179358E-5 	 6.663737603797754E-4 	 4.930145454532873E-4 	 0.03479154937150195 	 7.644712252179358E-5 	 
0.19200000000000017 	 7.408101326011926E-4 	 5.326327029253705E-4 	 0.04601913789625048 	 8.337262396858752E-5 	 7.408101326011926E-4 	 5.326327029253705E-4 	 0.04601913789625048 	 8.337262396858752E-5 	 7.408101326011926E-4 	 5.326327029253705E-4 	 0.04601913789625048 	 8.337262396858752E-5 	 7.408101326011926E-4 	 5.326327029253705E-4 	 0.04601913789625048 	 8.337262396858752E-5 	 
0.2160000000000002 	 7.9898888065271E-4 	 5.493189435417927E-4 	 0.05792452605565562 	 8.934192627549852E-5 	 7.9898888065271E-4 	 5.493189435417927E-4 	 0.05792452605565562 	 8.934192627549852E-5 	 7.9898888065271E-4 	 5.493189435417927E-4 	 0.05792452605565562 	 8.934192627549852E-5 	 7.9898888065271E-4 	 5.493189435417927E-4 	 0.05792452605565562 	 8.934192627549852E-5 	 
0.2400000000000002 	 7.623359148085911E-4 	 5.317316664480049E-4 	 0.053701736884683625 	 8.7385902254041E-5 	 7.623359148085911E-4 	 5.317316664480049E-4 	 0.053701736884683625 	 8.7385902254041E-5 	 7.623359148085911E-4 	 5.317316664480049E-4 	 0.053701736884683625 	 8.7385902254041E-5 	 7.623359148085911E-4 	 5.317316664480049E-4 	 0.053701736884683625 	 8.7385902254041E-5 	 
0.26400000000000023 	 7.974757768647379E-4 	 5.462224562076958E-4 	 0.060798198305517165 	 8.81811991789067E-5 	 7.974757768647379E-4 	 5.462224562076958E-4 	 0.060798198305517165 	 8.81811991789067E-5 	 7.974757768647379E-4 	 5.462224562076958E-4 	 0.060798198305517165 	 8.81811991789067E-5 	 7.974757768647379E-4 	 5.462224562076958E-4 	 0.060798198305517165 	 8.81811991789067E-5 	 
0.28800000000000026 	 8.139341583251988E-4 	 5.366612320369592E-4 	 0.06936643699757884 	 9.048298673567119E-5 	 8.139341583251988E-4 	 5.366612320369592E-4 	 0.06936643699757884 	 9.048298673567119E-5 	 8.139341583251988E-4 	 5.366612320369592E-4 	 0.06936643699757884 	 9.048298673567119E-5 	 8.139341583251988E-4 	 5.366612320369592E-4 	 0.06936643699757884 	 9.048298673567119E-5 	 
0.3120000000000003 	 7.467446941757355E-4 	 4.954087918211731E-4 	 0.06343391313470037 	 8.334831399873561E-5 	 7.467446941757355E-4 	 4.954087918211731E-4 	 0.06343391313470037 	 8.334831399873561E-5 	 7.467446941757355E-4 	 4.954087918211731E-4 	 0.06343391313470037 	 8.334831399873561E-5 	 7.467446941757355E-4 	 4.954087918211731E-4 	 0.06343391313470037 	 8.334831399873561E-5 	 
0.33599999999999985 	 7.188779565028773E-4 	 4.739067635960256E-4 	 0.0638436663255902 	 7.936759019842124E-5 	 7.188779565028773E-4 	 4.739067635960256E-4 	 0.0638436663255902 	 7.936759019842124E-5 	 7.188779565028773E-4 	 4.739067635960256E-4 	 0.0638436663255902 	 7.936759019842124E-5 	 7.188779565028773E-4 	 4.739067635960256E-4 	 0.0638436663255902 	 7.936759019842124E-5 	 
0.3599999999999999 	 6.840843245339716E-4 	 4.31858083279293E-4 	 0.06544429376796981 	 7.527347209073304E-5 	 6.840843245339716E-4 	 4.31858083279293E-4 	 0.06544429376796981 	 7.527347209073304E-5 	 6.840843245339716E-4 	 4.31858083279293E-4 	 0.06544429376796981 	 7.527347209073304E-5 	 6.840843245339716E-4 	 4.31858083279293E-4 	 0.06544429376796981 	 7.527347209073304E-5 	 
0.3839999999999999 	 5.682703600257284E-4 	 3.6727946051075434E-4 	 0.052299654962255054 	 6.269095227050109E-5 	 5.682703600257284E-4 	 3.6727946051075434E-4 	 0.052299654962255054 	 6.269095227050109E-5 	 5.682703600257284E-4 	 3.6727946051075434E-4 	 0.052299654962255054 	 6.269095227050109E-5 	 5.682703600257284E-4 	 3.6727946051075434E-4 	 0.052299654962255054 	 6.269095227050109E-5 	 
0.4079999999999999 	 5.215413700313628E-4 	 3.360269650240827E-4 	 0.0489891170381418 	 5.68287850069677E-5 	 5.215413700313628E-4 	 3.360269650240827E-4 	 0.0489891170381418 	 5.68287850069677E-5 	 5.215413700313628E-4 	 3.360269650240827E-4 	 0.0489891170381418 	 5.68287850069677E-5 	 5.215413700313628E-4 	 3.360269650240827E-4 	 0.0489891170381418 	 5.68287850069677E-5 	 
0.43199999999999994 	 4.8330878755332106E-4 	 3.031201570636964E-4 	 0.04853727897400022 	 5.262476741950609E-5 	 4.8330878755332106E-4 	 3.031201570636964E-4 	 0.04853727897400022 	 5.262476741950609E-5 	 4.8330878755332106E-4 	 3.031201570636964E-4 	 0.04853727897400022 	 5.262476741950609E-5 	 4.8330878755332106E-4 	 3.031201570636964E-4 	 0.04853727897400022 	 5.262476741950609E-5 	 
0.45599999999999996 	 4.0111535889904114E-4 	 2.479052142388521E-4 	 0.040714405918372436 	 4.393503015054919E-5 	 4.0111535889904114E-4 	 2.479052142388521E-4 	 0.040714405918372436 	 4.393503015054919E-5 	 4.0111535889904114E-4 	 2.479052142388521E-4 	 0.040714405918372436 	 4.393503015054919E-5 	 4.0111535889904114E-4 	 2.479052142388521E-4 	 0.040714405918372436 	 4.393503015054919E-5 	 
0.48 	 3.284054664560552E-4 	 2.0993499018173833E-4 	 0.03209576849099683 	 3.542438784700161E-5 	 3.284054664560552E-4 	 2.0993499018173833E-4 	 0.03209576849099683 	 3.542438784700161E-5 	 3.284054664560552E-4 	 2.0993499018173833E-4 	 0.03209576849099683 	 3.542438784700161E-5 	 3.284054664560552E-4 	 2.0993499018173833E-4 	 0.03209576849099683 	 3.542438784700161E-5 	 
0.504 	 2.989997710850174E-4 	 1.7947587030446913E-4 	 0.032500131294167414 	 3.2354758108037E-5 	 2.989997710850174E-4 	 1.7947587030446913E-4 	 0.032500131294167414 	 3.2354758108037E-5 	 2.989997710850174E-4 	 1.7947587030446913E-4 	 0.032500131294167414 	 3.2354758108037E-5 	 2.989997710850174E-4 	 1.7947587030446913E-4 	 0.032500131294167414 	 3.2354758108037E-5 	 
0.528 	 2.1882819079994858E-4 	 1.3635253973925458E-4 	 0.02258007372254193 	 2.3976244781302407E-5 	 2.1882819079994858E-4 	 1.3635253973925458E-4 	 0.02258007372254193 	 2.3976244781302407E-5 	 2.1882819079994858E-4 	 1.3635253973925458E-4 	 0.02258007372254193 	 2.3976244781302407E-5 	 2.1882819079994858E-4 	 1.3635253973925458E-4 	 0.02258007372254193 	 2.3976244781302407E-5 	 
0.552 	 1.8269351108419305E-4 	 1.1131757831006064E-4 	 0.019711722193319552 	 1.993830611312682E-5 	 1.8269351108419305E-4 	 1.1131757831006064E-4 	 0.019711722193319552 	 1.993830611312682E-5 	 1.8269351108419305E-4 	 1.1131757831006064E-4 	 0.019711722193319552 	 1.993830611312682E-5 	 1.8269351108419305E-4 	 1.1131757831006064E-4 	 0.019711722193319552 	 1.993830611312682E-5 	 
0.5760000000000001 	 1.337849337457082E-4 	 8.14690509024395E-5 	 0.014078161645843976 	 1.4822403128920473E-5 	 1.337849337457082E-4 	 8.14690509024395E-5 	 0.014078161645843976 	 1.4822403128920473E-5 	 1.337849337457082E-4 	 8.14690509024395E-5 	 0.014078161645843976 	 1.4822403128920473E-5 	 1.337849337457082E-4 	 8.14690509024395E-5 	 0.014078161645843976 	 1.4822403128920473E-5 	 
0.6000000000000001 	 9.936410027338379E-5 	 6.242158642136851E-5 	 0.00966989450394179 	 1.0757293694504843E-5 	 9.936410027338379E-5 	 6.242158642136851E-5 	 0.00966989450394179 	 1.0757293694504843E-5 	 9.936410027338379E-5 	 6.242158642136851E-5 	 0.00966989450394179 	 1.0757293694504843E-5 	 9.936410027338379E-5 	 6.242158642136851E-5 	 0.00966989450394179 	 1.0757293694504843E-5 	 
0.6240000000000001 	 8.075472206645474E-5 	 5.1731486061140694E-5 	 0.007559359651125517 	 8.87682317291241E-6 	 8.075472206645474E-5 	 5.1731486061140694E-5 	 0.007559359651125517 	 8.87682317291241E-6 	 8.075472206645474E-5 	 5.1731486061140694E-5 	 0.007559359651125517 	 8.87682317291241E-6 	 8.075472206645474E-5 	 5.1731486061140694E-5 	 0.007559359651125517 	 8.87682317291241E-6 	 
0.6480000000000001 	 7.36187861187945E-5 	 4.740268190772243E-5 	 0.007063650284153297 	 7.908920388448667E-6 	 7.36187861187945E-5 	 4.740268190772243E-5 	 0.007063650284153297 	 7.908920388448667E-6 	 7.36187861187945E-5 	 4.740268190772243E-5 	 0.007063650284153297 	 7.908920388448667E-6 	 7.36187861187945E-5 	 4.740268190772243E-5 	 0.007063650284153297 	 7.908920388448667E-6 	 
0.6720000000000002 	 6.36901143388254E-5 	 3.9590155095173526E-5 	 0.006460346580593068 	 7.217650990645096E-6 	 6.36901143388254E-5 	 3.9590155095173526E-5 	 0.006460346580593068 	 7.217650990645096E-6 	 6.36901143388254E-5 	 3.9590155095173526E-5 	 0.006460346580593068 	 7.217650990645096E-6 	 6.36901143388254E-5 	 3.9590155095173526E-5 	 0.006460346580593068 	 7.217650990645096E-6 	 
0.6960000000000002 	 4.919087455740341E-5 	 3.174299519958197E-5 	 0.004443039559785725 	 5.447808734884981E-6 	 4.919087455740341E-5 	 3.174299519958197E-5 	 0.004443039559785725 	 5.447808734884981E-6 	 4.919087455740341E-5 	 3.174299519958197E-5 	 0.004443039559785725 	 5.447808734884981E-6 	 4.919087455740341E-5 	 3.174299519958197E-5 	 0.004443039559785725 	 5.447808734884981E-6 	 
0.7200000000000002 	 4.478873488548784E-5 	 2.821407677084406E-5 	 0.004280532666920771 	 4.922390890439569E-6 	 4.478873488548784E-5 	 2.821407677084406E-5 	 0.004280532666920771 	 4.922390890439569E-6 	 4.478873488548784E-5 	 2.821407677084406E-5 	 0.004280532666920771 	 4.922390890439569E-6 	 4.478873488548784E-5 	 2.821407677084406E-5 	 0.004280532666920771 	 4.922390890439569E-6 	 
0.7440000000000002 	 3.80200320786652E-5 	 2.4620137721147618E-5 	 0.0035296745711562187 	 3.982169585519098E-6 	 3.80200320786652E-5 	 2.4620137721147618E-5 	 0.0035296745711562187 	 3.982169585519098E-6 	 3.80200320786652E-5 	 2.4620137721147618E-5 	 0.0035296745711562187 	 3.982169585519098E-6 	 3.80200320786652E-5 	 2.4620137721147618E-5 	 0.0035296745711562187 	 3.982169585519098E-6 	 
0.7680000000000002 	 3.6150543305842106E-5 	 2.2764618124237373E-5 	 0.0038145597029828286 	 4.037420897599668E-6 	 3.6150543305842106E-5 	 2.2764618124237373E-5 	 0.0038145597029828286 	 4.037420897599668E-6 	 3.6150543305842106E-5 	 2.2764618124237373E-5 	 0.0038145597029828286 	 4.037420897599668E-6 	 3.6150543305842106E-5 	 2.2764618124237373E-5 	 0.0038145597029828286 	 4.037420897599668E-6 	 
0.7920000000000003 	 2.9816615675096778E-5 	 1.7895237159641755E-5 	 0.0031423688402735157 	 3.2907745672216474E-6 	 2.9816615675096778E-5 	 1.7895237159641755E-5 	 0.0031423688402735157 	 3.2907745672216474E-6 	 2.9816615675096778E-5 	 1.7895237159641755E-5 	 0.0031423688402735157 	 3.2907745672216474E-6 	 2.9816615675096778E-5 	 1.7895237159641755E-5 	 0.0031423688402735157 	 3.2907745672216474E-6 	 
0.8160000000000003 	 2.05974653373707E-5 	 1.348761670289114E-5 	 0.001779235032052635 	 2.2399389911340625E-6 	 2.05974653373707E-5 	 1.348761670289114E-5 	 0.001779235032052635 	 2.2399389911340625E-6 	 2.05974653373707E-5 	 1.348761670289114E-5 	 0.001779235032052635 	 2.2399389911340625E-6 	 2.05974653373707E-5 	 1.348761670289114E-5 	 0.001779235032052635 	 2.2399389911340625E-6 	 
0.8399999999999999 	 1.9548279887361E-5 	 1.1996803136697164E-5 	 0.0018715893851715558 	 2.0463640165916126E-6 	 1.9548279887361E-5 	 1.1996803136697164E-5 	 0.0018715893851715558 	 2.0463640165916126E-6 	 1.9548279887361E-5 	 1.1996803136697164E-5 	 0.0018715893851715558 	 2.0463640165916126E-6 	 1.9548279887361E-5 	 1.1996803136697164E-5 	 0.0018715893851715558 	 2.0463640165916126E-6 	 
0.8639999999999999 	 1.7324053891416912E-5 	 1.2188276815072808E-5 	 0.001504491446332934 	 1.8805124068318346E-6 	 1.7324053891416912E-5 	 1.2188276815072808E-5 	 0.001504491446332934 	 1.8805124068318346E-6 	 1.7324053891416912E-5 	 1.2188276815072808E-5 	 0.001504491446332934 	 1.8805124068318346E-6 	 1.7324053891416912E-5 	 1.2188276815072808E-5 	 0.001504491446332934 	 1.8805124068318346E-6 	 
0.8879999999999999 	 2.0576992765742495E-5 	 1.1303721360770898E-5 	 0.0026114333305420475 	 2.2675925589258413E-6 	 2.0576992765742495E-5 	 1.1303721360770898E-5 	 0.0026114333305420475 	 2.2675925589258413E-6 	 2.0576992765742495E-5 	 1.1303721360770898E-5 	 0.0026114333305420475 	 2.2675925589258413E-6 	 2.0576992765742495E-5 	 1.1303721360770898E-5 	 0.0026114333305420475 	 2.2675925589258413E-6 	 
0.9119999999999999 	 1.0345317735606162E-5 	 6.193077561030366E-6 	 0.0011298398098117178 	 1.189159238549464E-6 	 1.0345317735606162E-5 	 6.193077561030366E-6 	 0.0011298398098117178 	 1.189159238549464E-6 	 1.0345317735606162E-5 	 6.193077561030366E-6 	 0.0011298398098117178 	 1.189159238549464E-6 	 1.0345317735606162E-5 	 6.193077561030366E-6 	 0.0011298398098117178 	 1.189159238549464E-6 	 
0.9359999999999999 	 6.469646192372812E-6 	 3.913997332145967E-6 	 6.550489300297023E-4 	 7.190206743377354E-7 	 6.469646192372812E-6 	 3.913997332145967E-6 	 6.550489300297023E-4 	 7.190206743377354E-7 	 6.469646192372812E-6 	 3.913997332145967E-6 	 6.550489300297023E-4 	 7.190206743377354E-7 	 6.469646192372812E-6 	 3.913997332145967E-6 	 6.550489300297023E-4 	 7.190206743377354E-7 	 
0.96 	 3.859126502721861E-6 	 2.819701272266533E-6 	 2.9019929186075463E-4 	 4.424570846684568E-7 	 3.859126502721861E-6 	 2.819701272266533E-6 	 2.9019929186075463E-4 	 4.424570846684568E-7 	 3.859126502721861E-6 	 2.819701272266533E-6 	 2.9019929186075463E-4 	 4.424570846684568E-7 	 3.859126502721861E-6 	 2.819701272266533E-6 	 2.9019929186075463E-4 	 4.424570846684568E-7 	 
0.984 	 5.079536946757147E-6 	 3.2186376953443524E-6 	 4.521577804790696E-4 	 4.977642202520139E-7 	 5.079536946757147E-6 	 3.2186376953443524E-6 	 4.521577804790696E-4 	 4.977642202520139E-7 	 5.079536946757147E-6 	 3.2186376953443524E-6 	 4.521577804790696E-4 	 4.977642202520139E-7 	 5.079536946757147E-6 	 3.2186376953443524E-6 	 4.521577804790696E-4 	 4.977642202520139E-7 	 
1.008 	 3.6131254322536878E-6 	 2.482757344009501E-6 	 2.556422005604735E-4 	 4.424570846684569E-7 	 3.6131254322536878E-6 	 2.482757344009501E-6 	 2.556422005604735E-4 	 4.424570846684569E-7 	 3.6131254322536878E-6 	 2.482757344009501E-6 	 2.556422005604735E-4 	 4.424570846684569E-7 	 3.6131254322536878E-6 	 2.482757344009501E-6 	 2.556422005604735E-4 	 4.424570846684569E-7 	 
1.032 	 3.8172035207806515E-6 	 2.617286711903947E-6 	 2.5992969467833216E-4 	 3.8714994908489975E-7 	 3.8172035207806515E-6 	 2.617286711903947E-6 	 2.5992969467833216E-4 	 3.8714994908489975E-7 	 3.8172035207806515E-6 	 2.617286711903947E-6 	 2.5992969467833216E-4 	 3.8714994908489975E-7 	 3.8172035207806515E-6 	 2.617286711903947E-6 	 2.5992969467833216E-4 	 3.8714994908489975E-7 	 
1.056 	 4.346517569993474E-6 	 3.1674227444822505E-6 	 3.2939654381301684E-4 	 4.701106524602354E-7 	 4.346517569993474E-6 	 3.1674227444822505E-6 	 3.2939654381301684E-4 	 4.701106524602354E-7 	 4.346517569993474E-6 	 3.1674227444822505E-6 	 3.2939654381301684E-4 	 4.701106524602354E-7 	 4.346517569993474E-6 	 3.1674227444822505E-6 	 3.2939654381301684E-4 	 4.701106524602354E-7 	 
1.08 	 5.476937960348481E-6 	 3.0036401521036424E-6 	 6.504868494398163E-4 	 6.083784914191282E-7 	 5.476937960348481E-6 	 3.0036401521036424E-6 	 6.504868494398163E-4 	 6.083784914191282E-7 	 5.476937960348481E-6 	 3.0036401521036424E-6 	 6.504868494398163E-4 	 6.083784914191282E-7 	 5.476937960348481E-6 	 3.0036401521036424E-6 	 6.504868494398163E-4 	 6.083784914191282E-7 	 
1.104 	 3.024470529135736E-6 	 2.038772207388219E-6 	 2.832461329244315E-4 	 3.041892457095641E-7 	 3.024470529135736E-6 	 2.038772207388219E-6 	 2.832461329244315E-4 	 3.041892457095641E-7 	 3.024470529135736E-6 	 2.038772207388219E-6 	 2.832461329244315E-4 	 3.041892457095641E-7 	 3.024470529135736E-6 	 2.038772207388219E-6 	 2.832461329244315E-4 	 3.041892457095641E-7 	 
1.1280000000000001 	 3.533731455767399E-6 	 1.993695927593295E-6 	 4.389569557429741E-4 	 3.595242930446143E-7 	 3.533731455767399E-6 	 1.993695927593295E-6 	 4.389569557429741E-4 	 3.595242930446143E-7 	 3.533731455767399E-6 	 1.993695927593295E-6 	 4.389569557429741E-4 	 3.595242930446143E-7 	 3.533731455767399E-6 	 1.993695927593295E-6 	 4.389569557429741E-4 	 3.595242930446143E-7 	 
1.1520000000000001 	 1.4454528431678048E-6 	 8.179858718707195E-7 	 2.0073377957644117E-4 	 1.935749745424499E-7 	 1.4454528431678048E-6 	 8.179858718707195E-7 	 2.0073377957644117E-4 	 1.935749745424499E-7 	 1.4454528431678048E-6 	 8.179858718707195E-7 	 2.0073377957644117E-4 	 1.935749745424499E-7 	 1.4454528431678048E-6 	 8.179858718707195E-7 	 2.0073377957644117E-4 	 1.935749745424499E-7 	 
1.1760000000000002 	 6.152989941346706E-7 	 4.904258074681932E-7 	 2.9811612361865365E-6 	 5.530713558355711E-8 	 6.152989941346706E-7 	 4.904258074681932E-7 	 2.9811612361865365E-6 	 5.530713558355711E-8 	 6.152989941346706E-7 	 4.904258074681932E-7 	 2.9811612361865365E-6 	 5.530713558355711E-8 	 6.152989941346706E-7 	 4.904258074681932E-7 	 2.9811612361865365E-6 	 5.530713558355711E-8 	 
1.2000000000000002 	 6.51220024899551E-7 	 4.7618393619835807E-7 	 6.010911056537147E-6 	 8.296070337533566E-8 	 6.51220024899551E-7 	 4.7618393619835807E-7 	 6.010911056537147E-6 	 8.296070337533566E-8 	 6.51220024899551E-7 	 4.7618393619835807E-7 	 6.010911056537147E-6 	 8.296070337533566E-8 	 6.51220024899551E-7 	 4.7618393619835807E-7 	 6.010911056537147E-6 	 8.296070337533566E-8 	 
1.2240000000000002 	 7.243433967367305E-7 	 5.353295339343174E-7 	 1.0059839597924398E-5 	 5.530713558355711E-8 	 7.243433967367305E-7 	 5.353295339343174E-7 	 1.0059839597924398E-5 	 5.530713558355711E-8 	 7.243433967367305E-7 	 5.353295339343174E-7 	 1.0059839597924398E-5 	 5.530713558355711E-8 	 7.243433967367305E-7 	 5.353295339343174E-7 	 1.0059839597924398E-5 	 5.530713558355711E-8 	 
1.2480000000000002 	 1.4180067348954283E-6 	 1.266951658576304E-6 	 7.852528107516233E-5 	 1.3826783895889278E-7 	 1.4180067348954283E-6 	 1.266951658576304E-6 	 7.852528107516233E-5 	 1.3826783895889278E-7 	 1.4180067348954283E-6 	 1.266951658576304E-6 	 7.852528107516233E-5 	 1.3826783895889278E-7 	 1.4180067348954283E-6 	 1.266951658576304E-6 	 7.852528107516233E-5 	 1.3826783895889278E-7 	 
1.2720000000000002 	 2.609063305585553E-6 	 1.1971834957715334E-6 	 3.990242891482286E-4 	 3.041892457095641E-7 	 2.609063305585553E-6 	 1.1971834957715334E-6 	 3.990242891482286E-4 	 3.041892457095641E-7 	 2.609063305585553E-6 	 1.1971834957715334E-6 	 3.990242891482286E-4 	 3.041892457095641E-7 	 2.609063305585553E-6 	 1.1971834957715334E-6 	 3.990242891482286E-4 	 3.041892457095641E-7 	 
1.2960000000000003 	 2.2245112865665589E-7 	 1.7615818794834486E-7 	 4.979423745047564E-7 	 2.7653567791778554E-8 	 2.2245112865665589E-7 	 1.7615818794834486E-7 	 4.979423745047564E-7 	 2.7653567791778554E-8 	 2.2245112865665589E-7 	 1.7615818794834486E-7 	 4.979423745047564E-7 	 2.7653567791778554E-8 	 2.2245112865665589E-7 	 1.7615818794834486E-7 	 4.979423745047564E-7 	 2.7653567791778554E-8 	 
1.3200000000000003 	 1.9796805933539235E-7 	 1.8570405308576872E-7 	 6.268869440140201E-7 	 0.0 	 1.9796805933539235E-7 	 1.8570405308576872E-7 	 6.268869440140201E-7 	 0.0 	 1.9796805933539235E-7 	 1.8570405308576872E-7 	 6.268869440140201E-7 	 0.0 	 1.9796805933539235E-7 	 1.8570405308576872E-7 	 6.268869440140201E-7 	 0.0 	 
1.3440000000000003 	 9.752629934927566E-8 	 1.294721380019411E-7 	 6.79009759124377E-7 	 2.7653567791778554E-8 	 9.752629934927566E-8 	 1.294721380019411E-7 	 6.79009759124377E-7 	 2.7653567791778554E-8 	 9.752629934927566E-8 	 1.294721380019411E-7 	 6.79009759124377E-7 	 2.7653567791778554E-8 	 9.752629934927566E-8 	 1.294721380019411E-7 	 6.79009759124377E-7 	 2.7653567791778554E-8 	 
1.3680000000000003 	 3.0136320043006537E-7 	 2.1956409564560173E-7 	 1.502574541873623E-6 	 2.7653567791778554E-8 	 3.0136320043006537E-7 	 2.1956409564560173E-7 	 1.502574541873623E-6 	 2.7653567791778554E-8 	 3.0136320043006537E-7 	 2.1956409564560173E-7 	 1.502574541873623E-6 	 2.7653567791778554E-8 	 3.0136320043006537E-7 	 2.1956409564560173E-7 	 1.502574541873623E-6 	 2.7653567791778554E-8 	 
1.3920000000000003 	 3.835239795788905E-7 	 2.7916249729880996E-7 	 3.1061065364326346E-6 	 5.530713558355711E-8 	 3.835239795788905E-7 	 2.7916249729880996E-7 	 3.1061065364326346E-6 	 5.530713558355711E-8 	 3.835239795788905E-7 	 2.7916249729880996E-7 	 3.1061065364326346E-6 	 5.530713558355711E-8 	 3.835239795788905E-7 	 2.7916249729880996E-7 	 3.1061065364326346E-6 	 5.530713558355711E-8 	 
1.4160000000000004 	 3.562238543851854E-7 	 2.691555366270256E-7 	 5.109902336185061E-6 	 2.7653567791778554E-8 	 3.562238543851854E-7 	 2.691555366270256E-7 	 5.109902336185061E-6 	 2.7653567791778554E-8 	 3.562238543851854E-7 	 2.691555366270256E-7 	 5.109902336185061E-6 	 2.7653567791778554E-8 	 3.562238543851854E-7 	 2.691555366270256E-7 	 5.109902336185061E-6 	 2.7653567791778554E-8 	 
1.4400000000000004 	 6.967879109163939E-7 	 6.302455201828548E-7 	 3.940121681058241E-5 	 8.296070337533566E-8 	 6.967879109163939E-7 	 6.302455201828548E-7 	 3.940121681058241E-5 	 8.296070337533566E-8 	 6.967879109163939E-7 	 6.302455201828548E-7 	 3.940121681058241E-5 	 8.296070337533566E-8 	 6.967879109163939E-7 	 6.302455201828548E-7 	 3.940121681058241E-5 	 8.296070337533566E-8 	 
1.4640000000000004 	 1.3586630611162997E-6 	 6.381418999046961E-7 	 1.9964852909003618E-4 	 1.6592140675067134E-7 	 1.3586630611162997E-6 	 6.381418999046961E-7 	 1.9964852909003618E-4 	 1.6592140675067134E-7 	 1.3586630611162997E-6 	 6.381418999046961E-7 	 1.9964852909003618E-4 	 1.6592140675067134E-7 	 1.3586630611162997E-6 	 6.381418999046961E-7 	 1.9964852909003618E-4 	 1.6592140675067134E-7 	 
1.4880000000000004 	 1.0554008995472252E-7 	 8.333199620906063E-8 	 3.9237125949212193E-7 	 0.0 	 1.0554008995472252E-7 	 8.333199620906063E-8 	 3.9237125949212193E-7 	 0.0 	 1.0554008995472252E-7 	 8.333199620906063E-8 	 3.9237125949212193E-7 	 0.0 	 1.0554008995472252E-7 	 8.333199620906063E-8 	 3.9237125949212193E-7 	 0.0 	 
1.5120000000000005 	 9.081826181617808E-8 	 7.225145818772516E-8 	 4.739434989978602E-7 	 0.0 	 9.081826181617808E-8 	 7.225145818772516E-8 	 4.739434989978602E-7 	 0.0 	 9.081826181617808E-8 	 7.225145818772516E-8 	 4.739434989978602E-7 	 0.0 	 9.081826181617808E-8 	 7.225145818772516E-8 	 4.739434989978602E-7 	 0.0 	 
1.5360000000000005 	 9.752629934927566E-8 	 1.294721380019411E-7 	 6.79009759124377E-7 	 2.7653567791778554E-8 	 9.752629934927566E-8 	 1.294721380019411E-7 	 6.79009759124377E-7 	 2.7653567791778554E-8 	 9.752629934927566E-8 	 1.294721380019411E-7 	 6.79009759124377E-7 	 2.7653567791778554E-8 	 9.752629934927566E-8 	 1.294721380019411E-7 	 6.79009759124377E-7 	 2.7653567791778554E-8 	 
1.5600000000000005 	 1.9221099045634624E-7 	 1.369656414866431E-7 	 1.3701837230164299E-6 	 2.7653567791778554E-8 	 1.9221099045634624E-7 	 1.369656414866431E-7 	 1.3701837230164299E-6 	 2.7653567791778554E-8 	 1.9221099045634624E-7 	 1.369656414866431E-7 	 1.3701837230164299E-6 	 2.7653567791778554E-8 	 1.9221099045634624E-7 	 1.369656414866431E-7 	 1.3701837230164299E-6 	 2.7653567791778554E-8 	 
1.5840000000000005 	 2.676960453206605E-7 	 1.970214388995481E-7 	 2.904804520104513E-6 	 2.7653567791778554E-8 	 2.676960453206605E-7 	 1.970214388995481E-7 	 2.904804520104513E-6 	 2.7653567791778554E-8 	 2.676960453206605E-7 	 1.970214388995481E-7 	 2.904804520104513E-6 	 2.7653567791778554E-8 	 2.676960453206605E-7 	 1.970214388995481E-7 	 2.904804520104513E-6 	 2.7653567791778554E-8 	 
1.6080000000000005 	 2.5371959861473066E-7 	 1.8017545057051534E-7 	 4.914493105854182E-6 	 2.7653567791778554E-8 	 2.5371959861473066E-7 	 1.8017545057051534E-7 	 4.914493105854182E-6 	 2.7653567791778554E-8 	 2.5371959861473066E-7 	 1.8017545057051534E-7 	 4.914493105854182E-6 	 2.7653567791778554E-8 	 2.5371959861473066E-7 	 1.8017545057051534E-7 	 4.914493105854182E-6 	 2.7653567791778554E-8 	 
1.6319999999999997 	 5.961797337201867E-7 	 5.200324883967304E-7 	 3.903278306319401E-5 	 5.530713558355711E-8 	 5.961797337201867E-7 	 5.200324883967304E-7 	 3.903278306319401E-5 	 5.530713558355711E-8 	 5.961797337201867E-7 	 5.200324883967304E-7 	 3.903278306319401E-5 	 5.530713558355711E-8 	 5.961797337201867E-7 	 5.200324883967304E-7 	 3.903278306319401E-5 	 5.530713558355711E-8 	 
1.6559999999999997 	 1.2504002444692535E-6 	 5.590415958668373E-7 	 1.9937576005819242E-4 	 1.3826783895889278E-7 	 1.2504002444692535E-6 	 5.590415958668373E-7 	 1.9937576005819242E-4 	 1.3826783895889278E-7 	 1.2504002444692535E-6 	 5.590415958668373E-7 	 1.9937576005819242E-4 	 1.3826783895889278E-7 	 1.2504002444692535E-6 	 5.590415958668373E-7 	 1.9937576005819242E-4 	 1.3826783895889278E-7 	 
1.6799999999999997 	 0.0 	 0.0 	 0.0 	 0.0 	 0.0 	 0.0 	 0.0 	 0.0 	 0.0 	 0.0 	 0.0 	 0.0 	 0.0 	 0.0 	 0.0 	 0.0 	 
1.7039999999999997 	 0.0 	 0.0 	 0.0 	 0.0 	 0.0 	 0.0 	 0.0 	 0.0 	 0.0 	 0.0 	 0.0 	 0.0 	 0.0 	 0.0 	 0.0 	 0.0 	 
1.7279999999999998 	 0.0 	 0.0 	 0.0 	 0.0 	 0.0 	 0.0 	 0.0 	 0.0 	 0.0 	 0.0 	 0.0 	 0.0 	 0.0 	 0.0 	 0.0 	 0.0 	 
1.7519999999999998 	 0.0 	 0.0 	 0.0 	 0.0 	 0.0 	 0.0 	 0.0 	 0.0 	 0.0 	 0.0 	 0.0 	 0.0 	 0.0 	 0.0 	 0.0 	 0.0 	 
1.7759999999999998 	 0.0 	 0.0 	 0.0 	 0.0 	 0.0 	 0.0 	 0.0 	 0.0 	 0.0 	 0.0 	 0.0 	 0.0 	 0.0 	 0.0 	 0.0 	 0.0 	 
1.7999999999999998 	 0.0 	 0.0 	 0.0 	 0.0 	 0.0 	 0.0 	 0.0 	 0.0 	 0.0 	 0.0 	 0.0 	 0.0 	 0.0 	 0.0 	 0.0 	 0.0 	 
1.8239999999999998 	 0.0 	 0.0 	 0.0 	 0.0 	 0.0 	 0.0 	 0.0 	 0.0 	 0.0 	 0.0 	 0.0 	 0.0 	 0.0 	 0.0 	 0.0 	 0.0 	 
1.8479999999999999 	 0.0 	 0.0 	 0.0 	 0.0 	 0.0 	 0.0 	 0.0 	 0.0 	 0.0 	 0.0 	 0.0 	 0.0 	 0.0 	 0.0 	 0.0 	 0.0 	 
1.8719999999999999 	 0.0 	 0.0 	 0.0 	 0.0 	 0.0 	 0.0 	 0.0 	 0.0 	 0.0 	 0.0 	 0.0 	 0.0 	 0.0 	 0.0 	 0.0 	 0.0 	 
1.896 	 0.0 	 0.0 	 0.0 	 0.0 	 0.0 	 0.0 	 0.0 	 0.0 	 0.0 	 0.0 	 0.0 	 0.0 	 0.0 	 0.0 	 0.0 	 0.0 	 
1.92 	 0.0 	 0.0 	 0.0 	 0.0 	 0.0 	 0.0 	 0.0 	 0.0 	 0.0 	 0.0 	 0.0 	 0.0 	 0.0 	 0.0 	 0.0 	 0.0 	 
1.944 	 0.0 	 0.0 	 0.0 	 0.0 	 0.0 	 0.0 	 0.0 	 0.0 	 0.0 	 0.0 	 0.0 	 0.0 	 0.0 	 0.0 	 0.0 	 0.0 	 
1.968 	 0.0 	 0.0 	 0.0 	 0.0 	 0.0 	 0.0 	 0.0 	 0.0 	 0.0 	 0.0 	 0.0 	 0.0 	 0.0 	 0.0 	 0.0 	 0.0 	 
1.992 	 0.0 	 0.0 	 0.0 	 0.0 	 0.0 	 0.0 	 0.0 	 0.0 	 0.0 	 0.0 	 0.0 	 0.0 	 0.0 	 0.0 	 0.0 	 0.0 	 
2.016 	 0.0 	 0.0 	 0.0 	 0.0 	 0.0 	 0.0 	 0.0 	 0.0 	 0.0 	 0.0 	 0.0 	 0.0 	 0.0 	 0.0 	 0.0 	 0.0 	 
2.04 	 0.0 	 0.0 	 0.0 	 0.0 	 0.0 	 0.0 	 0.0 	 0.0 	 0.0 	 0.0 	 0.0 	 0.0 	 0.0 	 0.0 	 0.0 	 0.0 	 
2.064 	 0.0 	 0.0 	 0.0 	 0.0 	 0.0 	 0.0 	 0.0 	 0.0 	 0.0 	 0.0 	 0.0 	 0.0 	 0.0 	 0.0 	 0.0 	 0.0 	 
2.088 	 0.0 	 0.0 	 0.0 	 0.0 	 0.0 	 0.0 	 0.0 	 0.0 	 0.0 	 0.0 	 0.0 	 0.0 	 0.0 	 0.0 	 0.0 	 0.0 	 
2.112 	 0.0 	 0.0 	 0.0 	 0.0 	 0.0 	 0.0 	 0.0 	 0.0 	 0.0 	 0.0 	 0.0 	 0.0 	 0.0 	 0.0 	 0.0 	 0.0 	 
2.136 	 0.0 	 0.0 	 0.0 	 0.0 	 0.0 	 0.0 	 0.0 	 0.0 	 0.0 	 0.0 	 0.0 	 0.0 	 0.0 	 0.0 	 0.0 	 0.0 	 
2.16 	 0.0 	 0.0 	 0.0 	 0.0 	 0.0 	 0.0 	 0.0 	 0.0 	 0.0 	 0.0 	 0.0 	 0.0 	 0.0 	 0.0 	 0.0 	 0.0 	 
2.184 	 0.0 	 0.0 	 0.0 	 0.0 	 0.0 	 0.0 	 0.0 	 0.0 	 0.0 	 0.0 	 0.0 	 0.0 	 0.0 	 0.0 	 0.0 	 0.0 	 
2.208 	 0.0 	 0.0 	 0.0 	 0.0 	 0.0 	 0.0 	 0.0 	 0.0 	 0.0 	 0.0 	 0.0 	 0.0 	 0.0 	 0.0 	 0.0 	 0.0 	 
2.232 	 0.0 	 0.0 	 0.0 	 0.0 	 0.0 	 0.0 	 0.0 	 0.0 	 0.0 	 0.0 	 0.0 	 0.0 	 0.0 	 0.0 	 0.0 	 0.0 	 
2.2560000000000002 	 0.0 	 0.0 	 0.0 	 0.0 	 0.0 	 0.0 	 0.0 	 0.0 	 0.0 	 0.0 	 0.0 	 0.0 	 0.0 	 0.0 	 0.0 	 0.0 	 
2.2800000000000002 	 0.0 	 0.0 	 0.0 	 0.0 	 0.0 	 0.0 	 0.0 	 0.0 	 0.0 	 0.0 	 0.0 	 0.0 	 0.0 	 0.0 	 0.0 	 0.0 	 
2.3040000000000003 	 0.0 	 0.0 	 0.0 	 0.0 	 0.0 	 0.0 	 0.0 	 0.0 	 0.0 	 0.0 	 0.0 	 0.0 	 0.0 	 0.0 	 0.0 	 0.0 	 
2.3280000000000003 	 0.0 	 0.0 	 0.0 	 0.0 	 0.0 	 0.0 	 0.0 	 0.0 	 0.0 	 0.0 	 0.0 	 0.0 	 0.0 	 0.0 	 0.0 	 0.0 	 
2.3520000000000003 	 0.0 	 0.0 	 0.0 	 0.0 	 0.0 	 0.0 	 0.0 	 0.0 	 0.0 	 0.0 	 0.0 	 0.0 	 0.0 	 0.0 	 0.0 	 0.0 	 
2.3760000000000003 	 0.0 	 0.0 	 0.0 	 0.0 	 0.0 	 0.0 	 0.0 	 0.0 	 0.0 	 0.0 	 0.0 	 0.0 	 0.0 	 0.0 	 0.0 	 0.0 	 
2.4000000000000004 	 0.0 	 0.0 	 0.0 	 0.0 	 0.0 	 0.0 	 0.0 	 0.0 	 0.0 	 0.0 	 0.0 	 0.0 	 0.0 	 0.0 	 0.0 	 0.0 	 
2.4240000000000004 	 0.0 	 0.0 	 0.0 	 0.0 	 0.0 	 0.0 	 0.0 	 0.0 	 0.0 	 0.0 	 0.0 	 0.0 	 0.0 	 0.0 	 0.0 	 0.0 	 
2.4480000000000004 	 0.0 	 0.0 	 0.0 	 0.0 	 0.0 	 0.0 	 0.0 	 0.0 	 0.0 	 0.0 	 0.0 	 0.0 	 0.0 	 0.0 	 0.0 	 0.0 	 
2.4720000000000004 	 0.0 	 0.0 	 0.0 	 0.0 	 0.0 	 0.0 	 0.0 	 0.0 	 0.0 	 0.0 	 0.0 	 0.0 	 0.0 	 0.0 	 0.0 	 0.0 	 
2.4960000000000004 	 0.0 	 0.0 	 0.0 	 0.0 	 0.0 	 0.0 	 0.0 	 0.0 	 0.0 	 0.0 	 0.0 	 0.0 	 0.0 	 0.0 	 0.0 	 0.0 	 
2.5200000000000005 	 0.0 	 0.0 	 0.0 	 0.0 	 0.0 	 0.0 	 0.0 	 0.0 	 0.0 	 0.0 	 0.0 	 0.0 	 0.0 	 0.0 	 0.0 	 0.0 	 
2.5440000000000005 	 0.0 	 0.0 	 0.0 	 0.0 	 0.0 	 0.0 	 0.0 	 0.0 	 0.0 	 0.0 	 0.0 	 0.0 	 0.0 	 0.0 	 0.0 	 0.0 	 
2.5680000000000005 	 0.0 	 0.0 	 0.0 	 0.0 	 0.0 	 0.0 	 0.0 	 0.0 	 0.0 	 0.0 	 0.0 	 0.0 	 0.0 	 0.0 	 0.0 	 0.0 	 
2.5920000000000005 	 0.0 	 0.0 	 0.0 	 0.0 	 0.0 	 0.0 	 0.0 	 0.0 	 0.0 	 0.0 	 0.0 	 0.0 	 0.0 	 0.0 	 0.0 	 0.0 	 
2.6160000000000005 	 0.0 	 0.0 	 0.0 	 0.0 	 0.0 	 0.0 	 0.0 	 0.0 	 0.0 	 0.0 	 0.0 	 0.0 	 0.0 	 0.0 	 0.0 	 0.0 	 
2.6399999999999997 	 0.0 	 0.0 	 0.0 	 0.0 	 0.0 	 0.0 	 0.0 	 0.0 	 0.0 	 0.0 	 0.0 	 0.0 	 0.0 	 0.0 	 0.0 	 0.0 	 
2.6639999999999997 	 0.0 	 0.0 	 0.0 	 0.0 	 0.0 	 0.0 	 0.0 	 0.0 	 0.0 	 0.0 	 0.0 	 0.0 	 0.0 	 0.0 	 0.0 	 0.0 	 
2.6879999999999997 	 0.0 	 0.0 	 0.0 	 0.0 	 0.0 	 0.0 	 0.0 	 0.0 	 0.0 	 0.0 	 0.0 	 0.0 	 0.0 	 0.0 	 0.0 	 0.0 	 
2.7119999999999997 	 0.0 	 0.0 	 0.0 	 0.0 	 0.0 	 0.0 	 0.0 	 0.0 	 0.0 	 0.0 	 0.0 	 0.0 	 0.0 	 0.0 	 0.0 	 0.0 	 
2.7359999999999998 	 0.0 	 0.0 	 0.0 	 0.0 	 0.0 	 0.0 	 0.0 	 0.0 	 0.0 	 0.0 	 0.0 	 0.0 	 0.0 	 0.0 	 0.0 	 0.0 	 
2.76 	 0.0 	 0.0 	 0.0 	 0.0 	 0.0 	 0.0 	 0.0 	 0.0 	 0.0 	 0.0 	 0.0 	 0.0 	 0.0 	 0.0 	 0.0 	 0.0 	 
2.784 	 0.0 	 0.0 	 0.0 	 0.0 	 0.0 	 0.0 	 0.0 	 0.0 	 0.0 	 0.0 	 0.0 	 0.0 	 0.0 	 0.0 	 0.0 	 0.0 	 
2.808 	 0.0 	 0.0 	 0.0 	 0.0 	 0.0 	 0.0 	 0.0 	 0.0 	 0.0 	 0.0 	 0.0 	 0.0 	 0.0 	 0.0 	 0.0 	 0.0 	 
2.832 	 0.0 	 0.0 	 0.0 	 0.0 	 0.0 	 0.0 	 0.0 	 0.0 	 0.0 	 0.0 	 0.0 	 0.0 	 0.0 	 0.0 	 0.0 	 0.0 	 
2.856 	 0.0 	 0.0 	 0.0 	 0.0 	 0.0 	 0.0 	 0.0 	 0.0 	 0.0 	 0.0 	 0.0 	 0.0 	 0.0 	 0.0 	 0.0 	 0.0 	 
2.88 	 0.0 	 0.0 	 0.0 	 0.0 	 0.0 	 0.0 	 0.0 	 0.0 	 0.0 	 0.0 	 0.0 	 0.0 	 0.0 	 0.0 	 0.0 	 0.0 	 
2.904 	 0.0 	 0.0 	 0.0 	 0.0 	 0.0 	 0.0 	 0.0 	 0.0 	 0.0 	 0.0 	 0.0 	 0.0 	 0.0 	 0.0 	 0.0 	 0.0 	 
2.928 	 0.0 	 0.0 	 0.0 	 0.0 	 0.0 	 0.0 	 0.0 	 0.0 	 0.0 	 0.0 	 0.0 	 0.0 	 0.0 	 0.0 	 0.0 	 0.0 	 
2.952 	 0.0 	 0.0 	 0.0 	 0.0 	 0.0 	 0.0 	 0.0 	 0.0 	 0.0 	 0.0 	 0.0 	 0.0 	 0.0 	 0.0 	 0.0 	 0.0 	 
2.976 	 0.0 	 0.0 	 0.0 	 0.0 	 0.0 	 0.0 	 0.0 	 0.0 	 0.0 	 0.0 	 0.0 	 0.0 	 0.0 	 0.0 	 0.0 	 0.0 	 
