-3.0 	 0.0 	 0.0 	 0.0 	 0.0 	 0.0 	 0.0 	 0.0 	 0.0 	 0.0 	 0.0 	 0.0 	 0.0 	 0.0 	 0.0 	 0.0 	 0.0 	 
-2.976 	 0.010190916706574125 	 0.013334696661391034 	 2.4126805272787761E-4 	 0.01079635672910291 	 0.010190916706574125 	 0.013334696661391034 	 2.4126805272787761E-4 	 0.01079635672910291 	 0.010190916706574125 	 0.013334696661391034 	 2.4126805272787761E-4 	 0.01079635672910291 	 0.010190916706574125 	 0.013334696661391034 	 2.4126805272787761E-4 	 0.01079635672910291 	 
-2.952 	 0.01243292451934283 	 0.013596017107338494 	 4.743321151399856E-5 	 0.013594432672086144 	 0.01243292451934283 	 0.013596017107338494 	 4.743321151399856E-5 	 0.013594432672086144 	 0.01243292451934283 	 0.013596017107338494 	 4.743321151399856E-5 	 0.013594432672086144 	 0.01243292451934283 	 0.013596017107338494 	 4.743321151399856E-5 	 0.013594432672086144 	 
-2.928 	 0.005927914634755921 	 0.0026691944005729743 	 2.4014971433656468E-5 	 0.006285310123857332 	 0.005927914634755921 	 0.0026691944005729743 	 2.4014971433656468E-5 	 0.006285310123857332 	 0.005927914634755921 	 0.0026691944005729743 	 2.4014971433656468E-5 	 0.006285310123857332 	 0.005927914634755921 	 0.0026691944005729743 	 2.4014971433656468E-5 	 0.006285310123857332 	 
-2.904 	 0.01141001300970352 	 0.015078047268103394 	 1.6013275926911108E-4 	 0.012037139639618132 	 0.01141001300970352 	 0.015078047268103394 	 1.6013275926911108E-4 	 0.012037139639618132 	 0.01141001300970352 	 0.015078047268103394 	 1.6013275926911108E-4 	 0.012037139639618132 	 0.01141001300970352 	 0.015078047268103394 	 1.6013275926911108E-4 	 0.012037139639618132 	 
-2.88 	 0.01568080133025109 	 0.01802119716959752 	 6.491470839218037E-4 	 0.017121276405057003 	 0.01568080133025109 	 0.01802119716959752 	 6.491470839218037E-4 	 0.017121276405057003 	 0.01568080133025109 	 0.01802119716959752 	 6.491470839218037E-4 	 0.017121276405057003 	 0.01568080133025109 	 0.01802119716959752 	 6.491470839218037E-4 	 0.017121276405057003 	 
-2.856 	 0.00907114534037613 	 0.00619192219875893 	 1.930936810811508E-5 	 0.009838602917122661 	 0.00907114534037613 	 0.00619192219875893 	 1.930936810811508E-5 	 0.009838602917122661 	 0.00907114534037613 	 0.00619192219875893 	 1.930936810811508E-5 	 0.009838602917122661 	 0.00907114534037613 	 0.00619192219875893 	 1.930936810811508E-5 	 0.009838602917122661 	 
-2.832 	 0.014705878762131626 	 0.01861624233009848 	 5.32101499087573E-5 	 0.015720803195885945 	 0.014705878762131626 	 0.01861624233009848 	 5.32101499087573E-5 	 0.015720803195885945 	 0.014705878762131626 	 0.01861624233009848 	 5.32101499087573E-5 	 0.015720803195885945 	 0.014705878762131626 	 0.01861624233009848 	 5.32101499087573E-5 	 0.015720803195885945 	 
-2.808 	 0.01415407788524328 	 0.0138096371733886 	 4.023777414972447E-5 	 0.015423108750110924 	 0.01415407788524328 	 0.0138096371733886 	 4.023777414972447E-5 	 0.015423108750110924 	 0.01415407788524328 	 0.0138096371733886 	 4.023777414972447E-5 	 0.015423108750110924 	 0.01415407788524328 	 0.0138096371733886 	 4.023777414972447E-5 	 0.015423108750110924 	 
-2.784 	 0.015196680271348927 	 0.0165676457778768 	 4.817303652874693E-5 	 0.01634589776044081 	 0.015196680271348927 	 0.0165676457778768 	 4.817303652874693E-5 	 0.01634589776044081 	 0.015196680271348927 	 0.0165676457778768 	 4.817303652874693E-5 	 0.01634589776044081 	 0.015196680271348927 	 0.0165676457778768 	 4.817303652874693E-5 	 0.01634589776044081 	 
-2.76 	 0.017502910733923262 	 0.019304930882901146 	 5.600615642544316E-5 	 0.01890477841659503 	 0.017502910733923262 	 0.019304930882901146 	 5.600615642544316E-5 	 0.01890477841659503 	 0.017502910733923262 	 0.019304930882901146 	 5.600615642544316E-5 	 0.01890477841659503 	 0.017502910733923262 	 0.019304930882901146 	 5.600615642544316E-5 	 0.01890477841659503 	 
-2.7359999999999998 	 0.01860693986352976 	 0.019962823543679193 	 5.8290053411124643E-5 	 0.020133078335322782 	 0.01860693986352976 	 0.019962823543679193 	 5.8290053411124643E-5 	 0.020133078335322782 	 0.01860693986352976 	 0.019962823543679193 	 5.8290053411124643E-5 	 0.020133078335322782 	 0.01860693986352976 	 0.019962823543679193 	 5.8290053411124643E-5 	 0.020133078335322782 	 
-2.7119999999999997 	 0.02195551548652022 	 0.024741701093389516 	 7.234133960534384E-5 	 0.023787930465091863 	 0.02195551548652022 	 0.024741701093389516 	 7.234133960534384E-5 	 0.023787930465091863 	 0.02195551548652022 	 0.024741701093389516 	 7.234133960534384E-5 	 0.023787930465091863 	 0.02195551548652022 	 0.024741701093389516 	 7.234133960534384E-5 	 0.023787930465091863 	 
-2.688 	 0.02003089728760933 	 0.019960196672590757 	 6.167485099352678E-5 	 0.021735621205923893 	 0.02003089728760933 	 0.019960196672590757 	 6.167485099352678E-5 	 0.021735621205923893 	 0.02003089728760933 	 0.019960196672590757 	 6.167485099352678E-5 	 0.021735621205923893 	 0.02003089728760933 	 0.019960196672590757 	 6.167485099352678E-5 	 0.021735621205923893 	 
-2.664 	 0.02130485703831603 	 0.022924841344804003 	 7.253785287360056E-5 	 0.022930382568910376 	 0.02130485703831603 	 0.022924841344804003 	 7.253785287360056E-5 	 0.022930382568910376 	 0.02130485703831603 	 0.022924841344804003 	 7.253785287360056E-5 	 0.022930382568910376 	 0.02130485703831603 	 0.022924841344804003 	 7.253785287360056E-5 	 0.022930382568910376 	 
-2.64 	 0.021145600485817533 	 0.021691798753069112 	 1.0567983189410286E-4 	 0.02272029877878266 	 0.021145600485817533 	 0.021691798753069112 	 1.0567983189410286E-4 	 0.02272029877878266 	 0.021145600485817533 	 0.021691798753069112 	 1.0567983189410286E-4 	 0.02272029877878266 	 0.021145600485817533 	 0.021691798753069112 	 1.0567983189410286E-4 	 0.02272029877878266 	 
-2.616 	 0.02884281380262047 	 0.034184861166591245 	 3.01969004283626E-4 	 0.031076536690052704 	 0.02884281380262047 	 0.034184861166591245 	 3.01969004283626E-4 	 0.031076536690052704 	 0.02884281380262047 	 0.034184861166591245 	 3.01969004283626E-4 	 0.031076536690052704 	 0.02884281380262047 	 0.034184861166591245 	 3.01969004283626E-4 	 0.031076536690052704 	 
-2.592 	 0.02420013528023591 	 0.022426822634880085 	 1.0689544741978866E-4 	 0.0261849064416207 	 0.02420013528023591 	 0.022426822634880085 	 1.0689544741978866E-4 	 0.0261849064416207 	 0.02420013528023591 	 0.022426822634880085 	 1.0689544741978866E-4 	 0.0261849064416207 	 0.02420013528023591 	 0.022426822634880085 	 1.0689544741978866E-4 	 0.0261849064416207 	 
-2.568 	 0.022168121884576487 	 0.022223712924125758 	 2.690626246024183E-4 	 0.02342752351501848 	 0.022168121884576487 	 0.022223712924125758 	 2.690626246024183E-4 	 0.02342752351501848 	 0.022168121884576487 	 0.022223712924125758 	 2.690626246024183E-4 	 0.02342752351501848 	 0.022168121884576487 	 0.022223712924125758 	 2.690626246024183E-4 	 0.02342752351501848 	 
-2.544 	 0.03237976152786038 	 0.03852693329866227 	 1.1809404887833241E-4 	 0.03458187555424818 	 0.03237976152786038 	 0.03852693329866227 	 1.1809404887833241E-4 	 0.03458187555424818 	 0.03237976152786038 	 0.03852693329866227 	 1.1809404887833241E-4 	 0.03458187555424818 	 0.03237976152786038 	 0.03852693329866227 	 1.1809404887833241E-4 	 0.03458187555424818 	 
-2.52 	 0.03331018985269903 	 0.034267244732104504 	 1.4420860782753646E-4 	 0.03585721701447243 	 0.03331018985269903 	 0.034267244732104504 	 1.4420860782753646E-4 	 0.03585721701447243 	 0.03331018985269903 	 0.034267244732104504 	 1.4420860782753646E-4 	 0.03585721701447243 	 0.03331018985269903 	 0.034267244732104504 	 1.4420860782753646E-4 	 0.03585721701447243 	 
-2.496 	 0.025335315136483676 	 0.022166829842520223 	 3.082242350847753E-4 	 0.026600173453583165 	 0.025335315136483676 	 0.022166829842520223 	 3.082242350847753E-4 	 0.026600173453583165 	 0.025335315136483676 	 0.022166829842520223 	 3.082242350847753E-4 	 0.026600173453583165 	 0.025335315136483676 	 0.022166829842520223 	 3.082242350847753E-4 	 0.026600173453583165 	 
-2.472 	 0.030181212247693358 	 0.03350023383291706 	 3.025696167146747E-4 	 0.031399804123028285 	 0.030181212247693358 	 0.03350023383291706 	 3.025696167146747E-4 	 0.031399804123028285 	 0.030181212247693358 	 0.03350023383291706 	 3.025696167146747E-4 	 0.031399804123028285 	 0.030181212247693358 	 0.03350023383291706 	 3.025696167146747E-4 	 0.031399804123028285 	 
-2.448 	 0.029375653642970324 	 0.028706280864734573 	 1.250979618308314E-4 	 0.03065179995341711 	 0.029375653642970324 	 0.028706280864734573 	 1.250979618308314E-4 	 0.03065179995341711 	 0.029375653642970324 	 0.028706280864734573 	 1.250979618308314E-4 	 0.03065179995341711 	 0.029375653642970324 	 0.028706280864734573 	 1.250979618308314E-4 	 0.03065179995341711 	 
-2.424 	 0.02898897923256035 	 0.029229749951630465 	 2.876760211489241E-4 	 0.029907032380145783 	 0.02898897923256035 	 0.029229749951630465 	 2.876760211489241E-4 	 0.029907032380145783 	 0.02898897923256035 	 0.029229749951630465 	 2.876760211489241E-4 	 0.029907032380145783 	 0.02898897923256035 	 0.029229749951630465 	 2.876760211489241E-4 	 0.029907032380145783 	 
-2.4 	 0.029731083395396273 	 0.030255749119369103 	 9.257219229858249E-5 	 0.030528788703142334 	 0.029731083395396273 	 0.030255749119369103 	 9.257219229858249E-5 	 0.030528788703142334 	 0.029731083395396273 	 0.030255749119369103 	 9.257219229858249E-5 	 0.030528788703142334 	 0.029731083395396273 	 0.030255749119369103 	 9.257219229858249E-5 	 0.030528788703142334 	 
-2.376 	 0.03300067199102811 	 0.03505586400755461 	 1.074881555105037E-4 	 0.03406199927785576 	 0.03300067199102811 	 0.03505586400755461 	 1.074881555105037E-4 	 0.03406199927785576 	 0.03300067199102811 	 0.03505586400755461 	 1.074881555105037E-4 	 0.03406199927785576 	 0.03300067199102811 	 0.03505586400755461 	 1.074881555105037E-4 	 0.03406199927785576 	 
-2.352 	 0.026048929963126074 	 0.022348537229153222 	 7.638634620185474E-5 	 0.026430768230976984 	 0.026048929963126074 	 0.022348537229153222 	 7.638634620185474E-5 	 0.026430768230976984 	 0.026048929963126074 	 0.022348537229153222 	 7.638634620185474E-5 	 0.026430768230976984 	 0.026048929963126074 	 0.022348537229153222 	 7.638634620185474E-5 	 0.026430768230976984 	 
-2.328 	 0.02525206480101641 	 0.02510026402826292 	 1.1792343043962283E-4 	 0.025124237584675496 	 0.02525206480101641 	 0.02510026402826292 	 1.1792343043962283E-4 	 0.025124237584675496 	 0.02525206480101641 	 0.02510026402826292 	 1.1792343043962283E-4 	 0.025124237584675496 	 0.02525206480101641 	 0.02510026402826292 	 1.1792343043962283E-4 	 0.025124237584675496 	 
-2.304 	 0.02634606648137971 	 0.026481061419781127 	 2.827447589037892E-4 	 0.026448973261969752 	 0.02634606648137971 	 0.026481061419781127 	 2.827447589037892E-4 	 0.026448973261969752 	 0.02634606648137971 	 0.026481061419781127 	 2.827447589037892E-4 	 0.026448973261969752 	 0.02634606648137971 	 0.026481061419781127 	 2.827447589037892E-4 	 0.026448973261969752 	 
-2.2800000000000002 	 0.023792618469479387 	 0.022151912194620437 	 7.231347537293185E-5 	 0.023696205372157664 	 0.023792618469479387 	 0.022151912194620437 	 7.231347537293185E-5 	 0.023696205372157664 	 0.023792618469479387 	 0.022151912194620437 	 7.231347537293185E-5 	 0.023696205372157664 	 0.023792618469479387 	 0.022151912194620437 	 7.231347537293185E-5 	 0.023696205372157664 	 
-2.2560000000000002 	 0.023745762124596854 	 0.023568018371493034 	 7.658205234702166E-5 	 0.02356488426631645 	 0.023745762124596854 	 0.023568018371493034 	 7.658205234702166E-5 	 0.02356488426631645 	 0.023745762124596854 	 0.023568018371493034 	 7.658205234702166E-5 	 0.02356488426631645 	 0.023745762124596854 	 0.023568018371493034 	 7.658205234702166E-5 	 0.02356488426631645 	 
-2.232 	 0.021561855137759413 	 0.019992878322818933 	 6.806592200937821E-5 	 0.02124365350339485 	 0.021561855137759413 	 0.019992878322818933 	 6.806592200937821E-5 	 0.02124365350339485 	 0.021561855137759413 	 0.019992878322818933 	 6.806592200937821E-5 	 0.02124365350339485 	 0.021561855137759413 	 0.019992878322818933 	 6.806592200937821E-5 	 0.02124365350339485 	 
-2.208 	 0.02024133571928515 	 0.01946333552684442 	 6.716039739541143E-5 	 0.019868628252124952 	 0.02024133571928515 	 0.01946333552684442 	 6.716039739541143E-5 	 0.019868628252124952 	 0.02024133571928515 	 0.01946333552684442 	 6.716039739541143E-5 	 0.019868628252124952 	 0.02024133571928515 	 0.01946333552684442 	 6.716039739541143E-5 	 0.019868628252124952 	 
-2.184 	 0.020606871080891022 	 0.020564629094227425 	 7.320172984973008E-5 	 0.020355684792989114 	 0.020606871080891022 	 0.020564629094227425 	 7.320172984973008E-5 	 0.020355684792989114 	 0.020606871080891022 	 0.020564629094227425 	 7.320172984973008E-5 	 0.020355684792989114 	 0.020606871080891022 	 0.020564629094227425 	 7.320172984973008E-5 	 0.020355684792989114 	 
-2.16 	 0.018676661981447185 	 0.017516045244033933 	 7.0464711526141E-5 	 0.01840442294234315 	 0.018676661981447185 	 0.017516045244033933 	 7.0464711526141E-5 	 0.01840442294234315 	 0.018676661981447185 	 0.017516045244033933 	 7.0464711526141E-5 	 0.01840442294234315 	 0.018676661981447185 	 0.017516045244033933 	 7.0464711526141E-5 	 0.01840442294234315 	 
-2.136 	 0.016673437131661008 	 0.015687131869511504 	 1.0476358362292549E-4 	 0.01626702518302588 	 0.016673437131661008 	 0.015687131869511504 	 1.0476358362292549E-4 	 0.01626702518302588 	 0.016673437131661008 	 0.015687131869511504 	 1.0476358362292549E-4 	 0.01626702518302588 	 0.016673437131661008 	 0.015687131869511504 	 1.0476358362292549E-4 	 0.01626702518302588 	 
-2.112 	 0.012749499817207008 	 0.01065123623825883 	 2.9132471832361937E-4 	 0.012085252458324406 	 0.012749499817207008 	 0.01065123623825883 	 2.9132471832361937E-4 	 0.012085252458324406 	 0.012749499817207008 	 0.01065123623825883 	 2.9132471832361937E-4 	 0.012085252458324406 	 0.012749499817207008 	 0.01065123623825883 	 2.9132471832361937E-4 	 0.012085252458324406 	 
-2.088 	 0.009950729330598434 	 0.008378442296274284 	 3.180574198076082E-4 	 0.009066889779475978 	 0.009950729330598434 	 0.008378442296274284 	 3.180574198076082E-4 	 0.009066889779475978 	 0.009950729330598434 	 0.008378442296274284 	 3.180574198076082E-4 	 0.009066889779475978 	 0.009950729330598434 	 0.008378442296274284 	 3.180574198076082E-4 	 0.009066889779475978 	 
-2.064 	 0.011230043099106394 	 0.01164591368173153 	 4.5327873923358325E-4 	 0.010662643246084841 	 0.011230043099106394 	 0.01164591368173153 	 4.5327873923358325E-4 	 0.010662643246084841 	 0.011230043099106394 	 0.01164591368173153 	 4.5327873923358325E-4 	 0.010662643246084841 	 0.011230043099106394 	 0.01164591368173153 	 4.5327873923358325E-4 	 0.010662643246084841 	 
-2.04 	 0.009029090209207799 	 0.0075125869213146885 	 1.1431268544612507E-4 	 0.008475525498385096 	 0.009029090209207799 	 0.0075125869213146885 	 1.1431268544612507E-4 	 0.008475525498385096 	 0.009029090209207799 	 0.0075125869213146885 	 1.1431268544612507E-4 	 0.008475525498385096 	 0.009029090209207799 	 0.0075125869213146885 	 1.1431268544612507E-4 	 0.008475525498385096 	 
-2.016 	 0.006727825866804128 	 0.005475368028624094 	 4.6437118905856946E-4 	 0.005941505531908054 	 0.006727825866804128 	 0.005475368028624094 	 4.6437118905856946E-4 	 0.005941505531908054 	 0.006727825866804128 	 0.005475368028624094 	 4.6437118905856946E-4 	 0.005941505531908054 	 0.006727825866804128 	 0.005475368028624094 	 4.6437118905856946E-4 	 0.005941505531908054 	 
-1.992 	 0.006937144375733574 	 0.0068777608062482705 	 2.3159538475713552E-4 	 0.006294562100517301 	 0.006937144375733574 	 0.0068777608062482705 	 2.3159538475713552E-4 	 0.006294562100517301 	 0.006937144375733574 	 0.0068777608062482705 	 2.3159538475713552E-4 	 0.006294562100517301 	 0.006937144375733574 	 0.0068777608062482705 	 2.3159538475713552E-4 	 0.006294562100517301 	 
-1.968 	 0.005819973446575499 	 0.004976596061954049 	 3.090750621491031E-5 	 0.005217194099959237 	 0.005819973446575499 	 0.004976596061954049 	 3.090750621491031E-5 	 0.005217194099959237 	 0.005819973446575499 	 0.004976596061954049 	 3.090750621491031E-5 	 0.005217194099959237 	 0.005819973446575499 	 0.004976596061954049 	 3.090750621491031E-5 	 0.005217194099959237 	 
-1.944 	 0.005773889683895197 	 0.005662038563137606 	 6.938957773996424E-5 	 0.005207072009672332 	 0.005773889683895197 	 0.005662038563137606 	 6.938957773996424E-5 	 0.005207072009672332 	 0.005773889683895197 	 0.005662038563137606 	 6.938957773996424E-5 	 0.005207072009672332 	 0.005773889683895197 	 0.005662038563137606 	 6.938957773996424E-5 	 0.005207072009672332 	 
-1.92 	 0.005298878027779059 	 0.004880295206318969 	 2.625808542990505E-4 	 0.004808642882832593 	 0.005298878027779059 	 0.004880295206318969 	 2.625808542990505E-4 	 0.004808642882832593 	 0.005298878027779059 	 0.004880295206318969 	 2.625808542990505E-4 	 0.004808642882832593 	 0.005298878027779059 	 0.004880295206318969 	 2.625808542990505E-4 	 0.004808642882832593 	 
-1.896 	 0.004742163434284599 	 0.004284216746314306 	 2.2411596025370068E-4 	 0.004215379285433173 	 0.004742163434284599 	 0.004284216746314306 	 2.2411596025370068E-4 	 0.004215379285433173 	 0.004742163434284599 	 0.004284216746314306 	 2.2411596025370068E-4 	 0.004215379285433173 	 0.004742163434284599 	 0.004284216746314306 	 2.2411596025370068E-4 	 0.004215379285433173 	 
-1.8719999999999999 	 0.003882265019976597 	 0.0032813196640912724 	 2.4343674523199923E-5 	 0.003337094206349192 	 0.003882265019976597 	 0.0032813196640912724 	 2.4343674523199923E-5 	 0.003337094206349192 	 0.003882265019976597 	 0.0032813196640912724 	 2.4343674523199923E-5 	 0.003337094206349192 	 0.003882265019976597 	 0.0032813196640912724 	 2.4343674523199923E-5 	 0.003337094206349192 	 
-1.8479999999999999 	 0.003563019494263481 	 0.003242156880981085 	 5.927385800220188E-5 	 0.003000882616378373 	 0.003563019494263481 	 0.003242156880981085 	 5.927385800220188E-5 	 0.003000882616378373 	 0.003563019494263481 	 0.003242156880981085 	 5.927385800220188E-5 	 0.003000882616378373 	 0.003563019494263481 	 0.003242156880981085 	 5.927385800220188E-5 	 0.003000882616378373 	 
-1.824 	 0.0030733836117421494 	 0.002645016955084651 	 2.1893032723146948E-4 	 0.0025228197426085835 	 0.0030733836117421494 	 0.002645016955084651 	 2.1893032723146948E-4 	 0.0025228197426085835 	 0.0030733836117421494 	 0.002645016955084651 	 2.1893032723146948E-4 	 0.0025228197426085835 	 0.0030733836117421494 	 0.002645016955084651 	 2.1893032723146948E-4 	 0.0025228197426085835 	 
-1.8 	 0.0017970329480867986 	 9.097454772619499E-4 	 1.6042697321178044E-5 	 0.001148963821110599 	 0.0017970329480867986 	 9.097454772619499E-4 	 1.6042697321178044E-5 	 0.001148963821110599 	 0.0017970329480867986 	 9.097454772619499E-4 	 1.6042697321178044E-5 	 0.001148963821110599 	 0.0017970329480867986 	 9.097454772619499E-4 	 1.6042697321178044E-5 	 0.001148963821110599 	 
-1.776 	 0.0017960299245704144 	 0.0015906374793949096 	 2.0156631385629277E-5 	 0.0011751642362056002 	 0.0017960299245704144 	 0.0015906374793949096 	 2.0156631385629277E-5 	 0.0011751642362056002 	 0.0017960299245704144 	 0.0015906374793949096 	 2.0156631385629277E-5 	 0.0011751642362056002 	 0.0017960299245704144 	 0.0015906374793949096 	 2.0156631385629277E-5 	 0.0011751642362056002 	 
-1.752 	 0.002237843409132667 	 0.002171849549751708 	 2.6143410383367497E-5 	 0.0017127385968274177 	 0.002237843409132667 	 0.002171849549751708 	 2.6143410383367497E-5 	 0.0017127385968274177 	 0.002237843409132667 	 0.002171849549751708 	 2.6143410383367497E-5 	 0.0017127385968274177 	 0.002237843409132667 	 0.002171849549751708 	 2.6143410383367497E-5 	 0.0017127385968274177 	 
-1.728 	 0.001958160864364801 	 0.0015875272584571056 	 3.0608150882651895E-5 	 0.0014765682518714748 	 0.001958160864364801 	 0.0015875272584571056 	 3.0608150882651895E-5 	 0.0014765682518714748 	 0.001958160864364801 	 0.0015875272584571056 	 3.0608150882651895E-5 	 0.0014765682518714748 	 0.001958160864364801 	 0.0015875272584571056 	 3.0608150882651895E-5 	 0.0014765682518714748 	 
-1.704 	 0.0018159182224044602 	 0.0015699423470008588 	 9.822932740224018E-5 	 0.0013262672958912613 	 0.0018159182224044602 	 0.0015699423470008588 	 9.822932740224018E-5 	 0.0013262672958912613 	 0.0018159182224044602 	 0.0015699423470008588 	 9.822932740224018E-5 	 0.0013262672958912613 	 0.0018159182224044602 	 0.0015699423470008588 	 9.822932740224018E-5 	 0.0013262672958912613 	 
-1.68 	 0.00239226710533972 	 0.002508492316434145 	 4.2244777221525897E-4 	 0.0019831773899830814 	 0.00239226710533972 	 0.002508492316434145 	 4.2244777221525897E-4 	 0.0019831773899830814 	 0.00239226710533972 	 0.002508492316434145 	 4.2244777221525897E-4 	 0.0019831773899830814 	 0.00239226710533972 	 0.002508492316434145 	 4.2244777221525897E-4 	 0.0019831773899830814 	 
-1.656 	 0.002839493231393128 	 0.002907411424688533 	 2.6915116222672347E-5 	 0.00251743060717098 	 0.002839493231393128 	 0.002907411424688533 	 2.6915116222672347E-5 	 0.00251743060717098 	 0.002839493231393128 	 0.002907411424688533 	 2.6915116222672347E-5 	 0.00251743060717098 	 0.002839493231393128 	 0.002907411424688533 	 2.6915116222672347E-5 	 0.00251743060717098 	 
-1.632 	 0.0020837096930272176 	 0.0015745517987152992 	 2.2076154535318756E-5 	 0.001723119868849537 	 0.0020837096930272176 	 0.0015745517987152992 	 2.2076154535318756E-5 	 0.001723119868849537 	 0.0020837096930272176 	 0.0015745517987152992 	 2.2076154535318756E-5 	 0.001723119868849537 	 0.0020837096930272176 	 0.0015745517987152992 	 2.2076154535318756E-5 	 0.001723119868849537 	 
-1.6079999999999999 	 0.00156774975841375 	 0.0011700773601120735 	 2.1437962290658587E-5 	 0.001113626240644446 	 0.00156774975841375 	 0.0011700773601120735 	 2.1437962290658587E-5 	 0.001113626240644446 	 0.00156774975841375 	 0.0011700773601120735 	 2.1437962290658587E-5 	 0.001113626240644446 	 0.00156774975841375 	 0.0011700773601120735 	 2.1437962290658587E-5 	 0.001113626240644446 	 
-1.584 	 0.001770935973643644 	 0.0017136055659550478 	 2.4246347236072704E-5 	 0.001350508837710532 	 0.001770935973643644 	 0.0017136055659550478 	 2.4246347236072704E-5 	 0.001350508837710532 	 0.001770935973643644 	 0.0017136055659550478 	 2.4246347236072704E-5 	 0.001350508837710532 	 0.001770935973643644 	 0.0017136055659550478 	 2.4246347236072704E-5 	 0.001350508837710532 	 
-1.56 	 0.0011025192408080347 	 5.6881796277826E-4 	 2.001564205171007E-5 	 6.657855104774952E-4 	 0.0011025192408080347 	 5.6881796277826E-4 	 2.001564205171007E-5 	 6.657855104774952E-4 	 0.0011025192408080347 	 5.6881796277826E-4 	 2.001564205171007E-5 	 6.657855104774952E-4 	 0.0011025192408080347 	 5.6881796277826E-4 	 2.001564205171007E-5 	 6.657855104774952E-4 	 
-1.536 	 0.0010834582498890173 	 9.266015457476183E-4 	 2.293059771977136E-5 	 6.101974326084669E-4 	 0.0010834582498890173 	 9.266015457476183E-4 	 2.293059771977136E-5 	 6.101974326084669E-4 	 0.0010834582498890173 	 9.266015457476183E-4 	 2.293059771977136E-5 	 6.101974326084669E-4 	 0.0010834582498890173 	 9.266015457476183E-4 	 2.293059771977136E-5 	 6.101974326084669E-4 	 
-1.512 	 9.697222965016591E-4 	 7.228908151704357E-4 	 2.6027571557282904E-5 	 5.450441847869692E-4 	 9.697222965016591E-4 	 7.228908151704357E-4 	 2.6027571557282904E-5 	 5.450441847869692E-4 	 9.697222965016591E-4 	 7.228908151704357E-4 	 2.6027571557282904E-5 	 5.450441847869692E-4 	 9.697222965016591E-4 	 7.228908151704357E-4 	 2.6027571557282904E-5 	 5.450441847869692E-4 	 
-1.488 	 0.0012841605055600076 	 0.0012774526004451444 	 3.1239358882482424E-5 	 8.957458622030351E-4 	 0.0012841605055600076 	 0.0012774526004451444 	 3.1239358882482424E-5 	 8.957458622030351E-4 	 0.0012841605055600076 	 0.0012774526004451444 	 3.1239358882482424E-5 	 8.957458622030351E-4 	 0.0012841605055600076 	 0.0012774526004451444 	 3.1239358882482424E-5 	 8.957458622030351E-4 	 
-1.464 	 7.648730077824715E-4 	 3.307809201676654E-4 	 9.643726918235325E-5 	 3.6955800106315296E-4 	 7.648730077824715E-4 	 3.307809201676654E-4 	 9.643726918235325E-5 	 3.6955800106315296E-4 	 7.648730077824715E-4 	 3.307809201676654E-4 	 9.643726918235325E-5 	 3.6955800106315296E-4 	 7.648730077824715E-4 	 3.307809201676654E-4 	 9.643726918235325E-5 	 3.6955800106315296E-4 	 
-1.44 	 9.131887687286961E-4 	 8.681812687298414E-4 	 4.2054472772103915E-4 	 5.153176987210866E-4 	 9.131887687286961E-4 	 8.681812687298414E-4 	 4.2054472772103915E-4 	 5.153176987210866E-4 	 9.131887687286961E-4 	 8.681812687298414E-4 	 4.2054472772103915E-4 	 5.153176987210866E-4 	 9.131887687286961E-4 	 8.681812687298414E-4 	 4.2054472772103915E-4 	 5.153176987210866E-4 	 
-1.416 	 0.001852358618561676 	 0.002200202083206516 	 2.6680790324517556E-5 	 0.0015818219578468198 	 0.001852358618561676 	 0.002200202083206516 	 2.6680790324517556E-5 	 0.0015818219578468198 	 0.001852358618561676 	 0.002200202083206516 	 2.6680790324517556E-5 	 0.0015818219578468198 	 0.001852358618561676 	 0.002200202083206516 	 2.6680790324517556E-5 	 0.0015818219578468198 	 
-1.392 	 0.0013052961897912876 	 8.995632190547983E-4 	 2.442598005457329E-5 	 0.0010204320736863196 	 0.0013052961897912876 	 8.995632190547983E-4 	 2.442598005457329E-5 	 0.0010204320736863196 	 0.0013052961897912876 	 8.995632190547983E-4 	 2.442598005457329E-5 	 0.0010204320736863196 	 0.0013052961897912876 	 8.995632190547983E-4 	 2.442598005457329E-5 	 0.0010204320736863196 	 
-1.3679999999999999 	 0.0010290482059588963 	 8.685226675928737E-4 	 2.800203163249602E-5 	 6.881973587358144E-4 	 0.0010290482059588963 	 8.685226675928737E-4 	 2.800203163249602E-5 	 6.881973587358144E-4 	 0.0010290482059588963 	 8.685226675928737E-4 	 2.800203163249602E-5 	 6.881973587358144E-4 	 0.0010290482059588963 	 8.685226675928737E-4 	 2.800203163249602E-5 	 6.881973587358144E-4 	 
-1.3439999999999999 	 8.568345110339657E-4 	 6.561905148925088E-4 	 6.41378670124573E-5 	 5.311738482289655E-4 	 8.568345110339657E-4 	 6.561905148925088E-4 	 6.41378670124573E-5 	 5.311738482289655E-4 	 8.568345110339657E-4 	 6.561905148925088E-4 	 6.41378670124573E-5 	 5.311738482289655E-4 	 8.568345110339657E-4 	 6.561905148925088E-4 	 6.41378670124573E-5 	 5.311738482289655E-4 	 
-1.32 	 0.0012975538164739925 	 0.0014121561013693408 	 2.60096957506261E-4 	 0.0010086333611457553 	 0.0012975538164739925 	 0.0014121561013693408 	 2.60096957506261E-4 	 0.0010086333611457553 	 0.0012975538164739925 	 0.0014121561013693408 	 2.60096957506261E-4 	 0.0010086333611457553 	 0.0012975538164739925 	 0.0014121561013693408 	 2.60096957506261E-4 	 0.0010086333611457553 	 
-1.296 	 8.396888019148298E-4 	 4.7219481552419543E-4 	 2.186645530648523E-4 	 5.418371650090394E-4 	 8.396888019148298E-4 	 4.7219481552419543E-4 	 2.186645530648523E-4 	 5.418371650090394E-4 	 8.396888019148298E-4 	 4.7219481552419543E-4 	 2.186645530648523E-4 	 5.418371650090394E-4 	 8.396888019148298E-4 	 4.7219481552419543E-4 	 2.186645530648523E-4 	 5.418371650090394E-4 	 
-1.272 	 6.33375321723386E-4 	 4.4670693565619814E-4 	 2.103243913756433E-5 	 2.919778866632835E-4 	 6.33375321723386E-4 	 4.4670693565619814E-4 	 2.103243913756433E-5 	 2.919778866632835E-4 	 6.33375321723386E-4 	 4.4670693565619814E-4 	 2.103243913756433E-5 	 2.919778866632835E-4 	 6.33375321723386E-4 	 4.4670693565619814E-4 	 2.103243913756433E-5 	 2.919778866632835E-4 	 
-1.248 	 4.872486618849989E-4 	 2.4556250927237455E-4 	 1.8831258487655657E-5 	 1.53592156340538E-4 	 4.872486618849989E-4 	 2.4556250927237455E-4 	 1.8831258487655657E-5 	 1.53592156340538E-4 	 4.872486618849989E-4 	 2.4556250927237455E-4 	 1.8831258487655657E-5 	 1.53592156340538E-4 	 4.872486618849989E-4 	 2.4556250927237455E-4 	 1.8831258487655657E-5 	 1.53592156340538E-4 	 
-1.224 	 6.839208626433523E-4 	 6.161249957453638E-4 	 2.132881078764776E-5 	 3.668404554569165E-4 	 6.839208626433523E-4 	 6.161249957453638E-4 	 2.132881078764776E-5 	 3.668404554569165E-4 	 6.839208626433523E-4 	 6.161249957453638E-4 	 2.132881078764776E-5 	 3.668404554569165E-4 	 6.839208626433523E-4 	 6.161249957453638E-4 	 2.132881078764776E-5 	 3.668404554569165E-4 	 
-1.2 	 7.385094056467312E-4 	 6.184876573550129E-4 	 2.3063893106151584E-5 	 4.4821437332859466E-4 	 7.385094056467312E-4 	 6.184876573550129E-4 	 2.3063893106151584E-5 	 4.4821437332859466E-4 	 7.385094056467312E-4 	 6.184876573550129E-4 	 2.3063893106151584E-5 	 4.4821437332859466E-4 	 7.385094056467312E-4 	 6.184876573550129E-4 	 2.3063893106151584E-5 	 4.4821437332859466E-4 	 
-1.176 	 7.512811748951629E-4 	 6.212510338265226E-4 	 2.610962601718783E-5 	 4.5583202544078444E-4 	 7.512811748951629E-4 	 6.212510338265226E-4 	 2.610962601718783E-5 	 4.5583202544078444E-4 	 7.512811748951629E-4 	 6.212510338265226E-4 	 2.610962601718783E-5 	 4.5583202544078444E-4 	 7.512811748951629E-4 	 6.212510338265226E-4 	 2.610962601718783E-5 	 4.5583202544078444E-4 	 
-1.152 	 7.447933203201479E-4 	 6.176894618436089E-4 	 2.972527476747554E-5 	 4.60162678391367E-4 	 7.447933203201479E-4 	 6.176894618436089E-4 	 2.972527476747554E-5 	 4.60162678391367E-4 	 7.447933203201479E-4 	 6.176894618436089E-4 	 2.972527476747554E-5 	 4.60162678391367E-4 	 7.447933203201479E-4 	 6.176894618436089E-4 	 2.972527476747554E-5 	 4.60162678391367E-4 	 
-1.128 	 7.415628492310393E-4 	 6.168421639034995E-4 	 6.743517441902845E-5 	 4.5985666423039304E-4 	 7.415628492310393E-4 	 6.168421639034995E-4 	 6.743517441902845E-5 	 4.5985666423039304E-4 	 7.415628492310393E-4 	 6.168421639034995E-4 	 6.743517441902845E-5 	 4.5985666423039304E-4 	 7.415628492310393E-4 	 6.168421639034995E-4 	 6.743517441902845E-5 	 4.5985666423039304E-4 	 
-1.1039999999999999 	 4.8034176101262587E-4 	 2.3307521991614683E-4 	 2.2820362505865388E-4 	 1.7685472060104335E-4 	 4.8034176101262587E-4 	 2.3307521991614683E-4 	 2.2820362505865388E-4 	 1.7685472060104335E-4 	 4.8034176101262587E-4 	 2.3307521991614683E-4 	 2.2820362505865388E-4 	 1.7685472060104335E-4 	 4.8034176101262587E-4 	 2.3307521991614683E-4 	 2.2820362505865388E-4 	 1.7685472060104335E-4 	 
-1.08 	 7.554602994483085E-4 	 7.911043191491589E-4 	 3.404648458885168E-5 	 4.7530995370691383E-4 	 7.554602994483085E-4 	 7.911043191491589E-4 	 3.404648458885168E-5 	 4.7530995370691383E-4 	 7.554602994483085E-4 	 7.911043191491589E-4 	 3.404648458885168E-5 	 4.7530995370691383E-4 	 7.554602994483085E-4 	 7.911043191491589E-4 	 3.404648458885168E-5 	 4.7530995370691383E-4 	 
-1.056 	 7.419827939268836E-4 	 6.098741579543241E-4 	 3.6448874274141697E-5 	 4.869713793237446E-4 	 7.419827939268836E-4 	 6.098741579543241E-4 	 3.6448874274141697E-5 	 4.869713793237446E-4 	 7.419827939268836E-4 	 6.098741579543241E-4 	 3.6448874274141697E-5 	 4.869713793237446E-4 	 7.419827939268836E-4 	 6.098741579543241E-4 	 3.6448874274141697E-5 	 4.869713793237446E-4 	 
-1.032 	 7.083293457935768E-4 	 6.0674731611138E-4 	 3.844344100610124E-5 	 4.443429415933467E-4 	 7.083293457935768E-4 	 6.0674731611138E-4 	 3.844344100610124E-5 	 4.443429415933467E-4 	 7.083293457935768E-4 	 6.0674731611138E-4 	 3.844344100610124E-5 	 4.443429415933467E-4 	 7.083293457935768E-4 	 6.0674731611138E-4 	 3.844344100610124E-5 	 4.443429415933467E-4 	 
-1.008 	 5.833894041969718E-4 	 4.1774633063689594E-4 	 4.388418011799739E-5 	 3.0676554084488306E-4 	 5.833894041969718E-4 	 4.1774633063689594E-4 	 4.388418011799739E-5 	 3.0676554084488306E-4 	 5.833894041969718E-4 	 4.1774633063689594E-4 	 4.388418011799739E-5 	 3.0676554084488306E-4 	 5.833894041969718E-4 	 4.1774633063689594E-4 	 4.388418011799739E-5 	 3.0676554084488306E-4 	 
-0.984 	 3.9688366505208117E-4 	 2.1625586067582615E-4 	 4.5053931149312526E-5 	 1.1854967302723794E-4 	 3.9688366505208117E-4 	 2.1625586067582615E-4 	 4.5053931149312526E-5 	 1.1854967302723794E-4 	 3.9688366505208117E-4 	 2.1625586067582615E-4 	 4.5053931149312526E-5 	 1.1854967302723794E-4 	 3.9688366505208117E-4 	 2.1625586067582615E-4 	 4.5053931149312526E-5 	 1.1854967302723794E-4 	 
-0.96 	 3.5860733881165255E-4 	 2.167021731023072E-4 	 4.9178613857967546E-5 	 6.8664811285694E-5 	 3.5860733881165255E-4 	 2.167021731023072E-4 	 4.9178613857967546E-5 	 6.8664811285694E-5 	 3.5860733881165255E-4 	 2.167021731023072E-4 	 4.9178613857967546E-5 	 6.8664811285694E-5 	 3.5860733881165255E-4 	 2.167021731023072E-4 	 4.9178613857967546E-5 	 6.8664811285694E-5 	 
-0.9359999999999999 	 3.565298555079447E-4 	 2.1622429876416084E-4 	 5.227515614274852E-5 	 7.047640412513018E-5 	 3.565298555079447E-4 	 2.1622429876416084E-4 	 5.227515614274852E-5 	 7.047640412513018E-5 	 3.565298555079447E-4 	 2.1622429876416084E-4 	 5.227515614274852E-5 	 7.047640412513018E-5 	 3.565298555079447E-4 	 2.1622429876416084E-4 	 5.227515614274852E-5 	 7.047640412513018E-5 	 
-0.9119999999999999 	 3.391020893781229E-4 	 2.1124786177090937E-4 	 5.3994332660279116E-5 	 6.358175134005743E-5 	 3.391020893781229E-4 	 2.1124786177090937E-4 	 5.3994332660279116E-5 	 6.358175134005743E-5 	 3.391020893781229E-4 	 2.1124786177090937E-4 	 5.3994332660279116E-5 	 6.358175134005743E-5 	 3.391020893781229E-4 	 2.1124786177090937E-4 	 5.3994332660279116E-5 	 6.358175134005743E-5 	 
-0.8879999999999999 	 3.21753062899087E-4 	 2.1065140315200235E-4 	 5.78781476055601E-5 	 5.1913537344085476E-5 	 3.21753062899087E-4 	 2.1065140315200235E-4 	 5.78781476055601E-5 	 5.1913537344085476E-5 	 3.21753062899087E-4 	 2.1065140315200235E-4 	 5.78781476055601E-5 	 5.1913537344085476E-5 	 3.21753062899087E-4 	 2.1065140315200235E-4 	 5.78781476055601E-5 	 5.1913537344085476E-5 	 
-0.8639999999999999 	 3.174825541203295E-4 	 2.1010840100653104E-4 	 6.300420218112194E-5 	 4.753164773611664E-5 	 3.174825541203295E-4 	 2.1010840100653104E-4 	 6.300420218112194E-5 	 4.753164773611664E-5 	 3.174825541203295E-4 	 2.1010840100653104E-4 	 6.300420218112194E-5 	 4.753164773611664E-5 	 3.174825541203295E-4 	 2.1010840100653104E-4 	 6.300420218112194E-5 	 4.753164773611664E-5 	 
-0.8399999999999999 	 4.421405325755852E-4 	 4.080601696218733E-4 	 7.201607760987809E-5 	 1.827767744889328E-4 	 4.421405325755852E-4 	 4.080601696218733E-4 	 7.201607760987809E-5 	 1.827767744889328E-4 	 4.421405325755852E-4 	 4.080601696218733E-4 	 7.201607760987809E-5 	 1.827767744889328E-4 	 4.421405325755852E-4 	 4.080601696218733E-4 	 7.201607760987809E-5 	 1.827767744889328E-4 	 
-0.8159999999999998 	 3.392441728632176E-4 	 2.1156876501029974E-4 	 1.0674893461491903E-4 	 9.664057758812663E-5 	 3.392441728632176E-4 	 2.1156876501029974E-4 	 1.0674893461491903E-4 	 9.664057758812663E-5 	 3.392441728632176E-4 	 2.1156876501029974E-4 	 1.0674893461491903E-4 	 9.664057758812663E-5 	 3.392441728632176E-4 	 2.1156876501029974E-4 	 1.0674893461491903E-4 	 9.664057758812663E-5 	 
-0.7919999999999998 	 4.276074477432941E-4 	 4.0641504952904604E-4 	 2.78902650276619E-4 	 1.7616638479921856E-4 	 4.276074477432941E-4 	 4.0641504952904604E-4 	 2.78902650276619E-4 	 1.7616638479921856E-4 	 4.276074477432941E-4 	 4.0641504952904604E-4 	 2.78902650276619E-4 	 1.7616638479921856E-4 	 4.276074477432941E-4 	 4.0641504952904604E-4 	 2.78902650276619E-4 	 1.7616638479921856E-4 	 
-0.7679999999999998 	 5.760760511093295E-4 	 5.948387057240663E-4 	 1.2090714721665156E-4 	 3.5608621236422487E-4 	 5.760760511093295E-4 	 5.948387057240663E-4 	 1.2090714721665156E-4 	 3.5608621236422487E-4 	 5.760760511093295E-4 	 5.948387057240663E-4 	 1.2090714721665156E-4 	 3.5608621236422487E-4 	 5.760760511093295E-4 	 5.948387057240663E-4 	 1.2090714721665156E-4 	 3.5608621236422487E-4 	 
-0.7439999999999998 	 3.844546611272182E-4 	 2.2394240203255864E-4 	 3.2213172827619453E-4 	 1.473939523163523E-4 	 3.844546611272182E-4 	 2.2394240203255864E-4 	 3.2213172827619453E-4 	 1.473939523163523E-4 	 3.844546611272182E-4 	 2.2394240203255864E-4 	 3.2213172827619453E-4 	 1.473939523163523E-4 	 3.844546611272182E-4 	 2.2394240203255864E-4 	 3.2213172827619453E-4 	 1.473939523163523E-4 	 
-0.7199999999999998 	 4.3025759248709327E-4 	 4.097318464457311E-4 	 3.250117984762951E-4 	 1.832477083889058E-4 	 4.3025759248709327E-4 	 4.097318464457311E-4 	 3.250117984762951E-4 	 1.832477083889058E-4 	 4.3025759248709327E-4 	 4.097318464457311E-4 	 3.250117984762951E-4 	 1.832477083889058E-4 	 4.3025759248709327E-4 	 4.097318464457311E-4 	 3.250117984762951E-4 	 1.832477083889058E-4 	 
-0.6959999999999997 	 3.438059669818313E-4 	 2.2575144228353475E-4 	 2.943721523770537E-4 	 9.295459905395085E-5 	 3.438059669818313E-4 	 2.2575144228353475E-4 	 2.943721523770537E-4 	 9.295459905395085E-5 	 3.438059669818313E-4 	 2.2575144228353475E-4 	 2.943721523770537E-4 	 9.295459905395085E-5 	 3.438059669818313E-4 	 2.2575144228353475E-4 	 2.943721523770537E-4 	 9.295459905395085E-5 	 
-0.6720000000000002 	 3.005522545139482E-4 	 2.2289300386932906E-4 	 1.0446421865316573E-4 	 3.926034883944121E-5 	 3.005522545139482E-4 	 2.2289300386932906E-4 	 1.0446421865316573E-4 	 3.926034883944121E-5 	 3.005522545139482E-4 	 2.2289300386932906E-4 	 1.0446421865316573E-4 	 3.926034883944121E-5 	 3.005522545139482E-4 	 2.2289300386932906E-4 	 1.0446421865316573E-4 	 3.926034883944121E-5 	 
-0.6480000000000001 	 2.876625001586398E-4 	 2.2363529626190102E-4 	 1.1906281734099199E-4 	 2.9587992722816535E-5 	 2.876625001586398E-4 	 2.2363529626190102E-4 	 1.1906281734099199E-4 	 2.9587992722816535E-5 	 2.876625001586398E-4 	 2.2363529626190102E-4 	 1.1906281734099199E-4 	 2.9587992722816535E-5 	 2.876625001586398E-4 	 2.2363529626190102E-4 	 1.1906281734099199E-4 	 2.9587992722816535E-5 	 
-0.6240000000000001 	 5.421125813093796E-4 	 6.071260558310594E-4 	 1.3275506013827918E-4 	 3.01300100171427E-4 	 5.421125813093796E-4 	 6.071260558310594E-4 	 1.3275506013827918E-4 	 3.01300100171427E-4 	 5.421125813093796E-4 	 6.071260558310594E-4 	 1.3275506013827918E-4 	 3.01300100171427E-4 	 5.421125813093796E-4 	 6.071260558310594E-4 	 1.3275506013827918E-4 	 3.01300100171427E-4 	 
-0.6000000000000001 	 3.829465687428854E-4 	 2.4200783045418106E-4 	 1.8461706402905426E-4 	 1.324141315111898E-4 	 3.829465687428854E-4 	 2.4200783045418106E-4 	 1.8461706402905426E-4 	 1.324141315111898E-4 	 3.829465687428854E-4 	 2.4200783045418106E-4 	 1.8461706402905426E-4 	 1.324141315111898E-4 	 3.829465687428854E-4 	 2.4200783045418106E-4 	 1.8461706402905426E-4 	 1.324141315111898E-4 	 
-0.5760000000000001 	 3.112544168299095E-4 	 2.3993570692131994E-4 	 3.706884876149597E-4 	 3.924966835859043E-5 	 3.112544168299095E-4 	 2.3993570692131994E-4 	 3.706884876149597E-4 	 3.924966835859043E-5 	 3.112544168299095E-4 	 2.3993570692131994E-4 	 3.706884876149597E-4 	 3.924966835859043E-5 	 3.112544168299095E-4 	 2.3993570692131994E-4 	 3.706884876149597E-4 	 3.924966835859043E-5 	 
-0.552 	 3.0512004635531366E-4 	 2.414231460511397E-4 	 2.0069033120319343E-4 	 3.1670750153052536E-5 	 3.0512004635531366E-4 	 2.414231460511397E-4 	 2.0069033120319343E-4 	 3.1670750153052536E-5 	 3.0512004635531366E-4 	 2.414231460511397E-4 	 2.0069033120319343E-4 	 3.1670750153052536E-5 	 3.0512004635531366E-4 	 2.414231460511397E-4 	 2.0069033120319343E-4 	 3.1670750153052536E-5 	 
-0.528 	 3.060946445633793E-4 	 2.455339753971333E-4 	 2.8077339268266335E-4 	 3.106313634410469E-5 	 3.060946445633793E-4 	 2.455339753971333E-4 	 2.8077339268266335E-4 	 3.106313634410469E-5 	 3.060946445633793E-4 	 2.455339753971333E-4 	 2.8077339268266335E-4 	 3.106313634410469E-5 	 3.060946445633793E-4 	 2.455339753971333E-4 	 2.8077339268266335E-4 	 3.106313634410469E-5 	 
-0.504 	 3.2038670055474765E-4 	 2.6433045816687354E-4 	 5.957617768804719E-4 	 2.7470112807308216E-5 	 3.2038670055474765E-4 	 2.6433045816687354E-4 	 5.957617768804719E-4 	 2.7470112807308216E-5 	 3.2038670055474765E-4 	 2.6433045816687354E-4 	 5.957617768804719E-4 	 2.7470112807308216E-5 	 3.2038670055474765E-4 	 2.6433045816687354E-4 	 5.957617768804719E-4 	 2.7470112807308216E-5 	 
-0.48 	 4.251359085564122E-4 	 4.3942272574309796E-4 	 9.911658511272679E-4 	 1.6010003467279398E-4 	 4.251359085564122E-4 	 4.3942272574309796E-4 	 9.911658511272679E-4 	 1.6010003467279398E-4 	 4.251359085564122E-4 	 4.3942272574309796E-4 	 9.911658511272679E-4 	 1.6010003467279398E-4 	 4.251359085564122E-4 	 4.3942272574309796E-4 	 9.911658511272679E-4 	 1.6010003467279398E-4 	 
-0.45599999999999996 	 3.73948889058745E-4 	 2.7766046007949083E-4 	 9.079303918420607E-4 	 8.139488846503304E-5 	 3.73948889058745E-4 	 2.7766046007949083E-4 	 9.079303918420607E-4 	 8.139488846503304E-5 	 3.73948889058745E-4 	 2.7766046007949083E-4 	 9.079303918420607E-4 	 8.139488846503304E-5 	 3.73948889058745E-4 	 2.7766046007949083E-4 	 9.079303918420607E-4 	 8.139488846503304E-5 	 
-0.43199999999999994 	 3.340657418713651E-4 	 2.7766338232016515E-4 	 0.0011453349766554135 	 3.4819442191042815E-5 	 3.340657418713651E-4 	 2.7766338232016515E-4 	 0.0011453349766554135 	 3.4819442191042815E-5 	 3.340657418713651E-4 	 2.7766338232016515E-4 	 0.0011453349766554135 	 3.4819442191042815E-5 	 3.340657418713651E-4 	 2.7766338232016515E-4 	 0.0011453349766554135 	 3.4819442191042815E-5 	 
-0.4079999999999999 	 3.397975379296778E-4 	 2.8361848629031517E-4 	 0.001106372145134251 	 3.6525345950463656E-5 	 3.397975379296778E-4 	 2.8361848629031517E-4 	 0.001106372145134251 	 3.6525345950463656E-5 	 3.397975379296778E-4 	 2.8361848629031517E-4 	 0.001106372145134251 	 3.6525345950463656E-5 	 3.397975379296778E-4 	 2.8361848629031517E-4 	 0.001106372145134251 	 3.6525345950463656E-5 	 
-0.3839999999999999 	 3.659751099158201E-4 	 3.0361947999171313E-4 	 0.0026884658988897353 	 4.105975106347481E-5 	 3.659751099158201E-4 	 3.0361947999171313E-4 	 0.0026884658988897353 	 4.105975106347481E-5 	 3.659751099158201E-4 	 3.0361947999171313E-4 	 0.0026884658988897353 	 4.105975106347481E-5 	 3.659751099158201E-4 	 3.0361947999171313E-4 	 0.0026884658988897353 	 4.105975106347481E-5 	 
-0.3599999999999999 	 3.926475677682851E-4 	 3.251406453167694E-4 	 0.0042027353172037814 	 4.221709251700309E-5 	 3.926475677682851E-4 	 3.251406453167694E-4 	 0.0042027353172037814 	 4.221709251700309E-5 	 3.926475677682851E-4 	 3.251406453167694E-4 	 0.0042027353172037814 	 4.221709251700309E-5 	 3.926475677682851E-4 	 3.251406453167694E-4 	 0.0042027353172037814 	 4.221709251700309E-5 	 
-0.33599999999999985 	 5.373812890664523E-4 	 5.304786610584565E-4 	 0.006741995540640511 	 1.7783793089292088E-4 	 5.373812890664523E-4 	 5.304786610584565E-4 	 0.006741995540640511 	 1.7783793089292088E-4 	 5.373812890664523E-4 	 5.304786610584565E-4 	 0.006741995540640511 	 1.7783793089292088E-4 	 5.373812890664523E-4 	 5.304786610584565E-4 	 0.006741995540640511 	 1.7783793089292088E-4 	 
-0.31199999999999983 	 5.170933299220584E-4 	 3.808568988280052E-4 	 0.012274641900692981 	 1.0864692402895146E-4 	 5.170933299220584E-4 	 3.808568988280052E-4 	 0.012274641900692981 	 1.0864692402895146E-4 	 5.170933299220584E-4 	 3.808568988280052E-4 	 0.012274641900692981 	 1.0864692402895146E-4 	 5.170933299220584E-4 	 3.808568988280052E-4 	 0.012274641900692981 	 1.0864692402895146E-4 	 
-0.2879999999999998 	 5.258635500970094E-4 	 4.093277130934882E-4 	 0.01591204273632466 	 6.91965735380043E-5 	 5.258635500970094E-4 	 4.093277130934882E-4 	 0.01591204273632466 	 6.91965735380043E-5 	 5.258635500970094E-4 	 4.093277130934882E-4 	 0.01591204273632466 	 6.91965735380043E-5 	 5.258635500970094E-4 	 4.093277130934882E-4 	 0.01591204273632466 	 6.91965735380043E-5 	 
-0.2639999999999998 	 5.64662045580645E-4 	 4.309175197913884E-4 	 0.02196936684488544 	 6.539406833813863E-5 	 5.64662045580645E-4 	 4.309175197913884E-4 	 0.02196936684488544 	 6.539406833813863E-5 	 5.64662045580645E-4 	 4.309175197913884E-4 	 0.02196936684488544 	 6.539406833813863E-5 	 5.64662045580645E-4 	 4.309175197913884E-4 	 0.02196936684488544 	 6.539406833813863E-5 	 
-0.23999999999999977 	 6.176572630079832E-4 	 4.651504766146807E-4 	 0.02723044000891755 	 7.169911645559588E-5 	 6.176572630079832E-4 	 4.651504766146807E-4 	 0.02723044000891755 	 7.169911645559588E-5 	 6.176572630079832E-4 	 4.651504766146807E-4 	 0.02723044000891755 	 7.169911645559588E-5 	 6.176572630079832E-4 	 4.651504766146807E-4 	 0.02723044000891755 	 7.169911645559588E-5 	 
-0.21599999999999975 	 6.717042039403728E-4 	 4.990155372531345E-4 	 0.03479271482902356 	 7.71123364046217E-5 	 6.717042039403728E-4 	 4.990155372531345E-4 	 0.03479271482902356 	 7.71123364046217E-5 	 6.717042039403728E-4 	 4.990155372531345E-4 	 0.03479271482902356 	 7.71123364046217E-5 	 6.717042039403728E-4 	 4.990155372531345E-4 	 0.03479271482902356 	 7.71123364046217E-5 	 
-0.19199999999999973 	 7.467360060910174E-4 	 5.391159284449072E-4 	 0.046020679458824376 	 8.409810093988755E-5 	 7.467360060910174E-4 	 5.391159284449072E-4 	 0.046020679458824376 	 8.409810093988755E-5 	 7.467360060910174E-4 	 5.391159284449072E-4 	 0.046020679458824376 	 8.409810093988755E-5 	 7.467360060910174E-4 	 5.391159284449072E-4 	 0.046020679458824376 	 8.409810093988755E-5 	 
-0.16800000000000015 	 8.053801364119958E-4 	 5.560052746168002E-4 	 0.057926466428412704 	 9.011934585280341E-5 	 8.053801364119958E-4 	 5.560052746168002E-4 	 0.057926466428412704 	 9.011934585280341E-5 	 8.053801364119958E-4 	 5.560052746168002E-4 	 0.057926466428412704 	 9.011934585280341E-5 	 8.053801364119958E-4 	 5.560052746168002E-4 	 0.057926466428412704 	 9.011934585280341E-5 	 
-0.14400000000000013 	 7.68433976901834E-4 	 5.382039245172668E-4 	 0.05370353580121095 	 8.814630125174399E-5 	 7.68433976901834E-4 	 5.382039245172668E-4 	 0.05370353580121095 	 8.814630125174399E-5 	 7.68433976901834E-4 	 5.382039245172668E-4 	 0.05370353580121095 	 8.814630125174399E-5 	 7.68433976901834E-4 	 5.382039245172668E-4 	 0.05370353580121095 	 8.814630125174399E-5 	 
-0.1200000000000001 	 8.038549290346828E-4 	 5.528710967210929E-4 	 0.06080023494138982 	 8.89485185489918E-5 	 8.038549290346828E-4 	 5.528710967210929E-4 	 0.06080023494138982 	 8.89485185489918E-5 	 8.038549290346828E-4 	 5.528710967210929E-4 	 0.06080023494138982 	 8.89485185489918E-5 	 8.038549290346828E-4 	 5.528710967210929E-4 	 0.06080023494138982 	 8.89485185489918E-5 	 
-0.09600000000000009 	 8.204449640485847E-4 	 5.431934929660738E-4 	 0.06936876065482339 	 9.127033538858042E-5 	 8.204449640485847E-4 	 5.431934929660738E-4 	 0.06936876065482339 	 9.127033538858042E-5 	 8.204449640485847E-4 	 5.431934929660738E-4 	 0.06936876065482339 	 9.127033538858042E-5 	 8.204449640485847E-4 	 5.431934929660738E-4 	 0.06936876065482339 	 9.127033538858042E-5 	 
-0.07200000000000006 	 7.527180392909615E-4 	 5.014389264788791E-4 	 0.06343603806252116 	 8.40735794338927E-5 	 7.527180392909615E-4 	 5.014389264788791E-4 	 0.06343603806252116 	 8.40735794338927E-5 	 7.527180392909615E-4 	 5.014389264788791E-4 	 0.06343603806252116 	 8.40735794338927E-5 	 7.527180392909615E-4 	 5.014389264788791E-4 	 0.06343603806252116 	 8.40735794338927E-5 	 
-0.04800000000000004 	 7.246283905714582E-4 	 4.7967517474831135E-4 	 0.06384580497944352 	 8.005821688396524E-5 	 7.246283905714582E-4 	 4.7967517474831135E-4 	 0.06384580497944352 	 8.005821688396524E-5 	 7.246283905714582E-4 	 4.7967517474831135E-4 	 0.06384580497944352 	 8.005821688396524E-5 	 7.246283905714582E-4 	 4.7967517474831135E-4 	 0.06384580497944352 	 8.005821688396524E-5 	 
-0.02400000000000002 	 6.895564380825897E-4 	 4.371146762953753E-4 	 0.0654464860401105 	 7.592847331238341E-5 	 6.895564380825897E-4 	 4.371146762953753E-4 	 0.0654464860401105 	 7.592847331238341E-5 	 6.895564380825897E-4 	 4.371146762953753E-4 	 0.0654464860401105 	 7.592847331238341E-5 	 6.895564380825897E-4 	 4.371146762953753E-4 	 0.0654464860401105 	 7.592847331238341E-5 	 
0.0 	 5.728160568424085E-4 	 3.717500000741477E-4 	 0.05230140691143106 	 6.323646517409224E-5 	 5.728160568424085E-4 	 3.717500000741477E-4 	 0.05230140691143106 	 6.323646517409224E-5 	 5.728160568424085E-4 	 3.717500000741477E-4 	 0.05230140691143106 	 6.323646517409224E-5 	 5.728160568424085E-4 	 3.717500000741477E-4 	 0.05230140691143106 	 6.323646517409224E-5 	 
0.02400000000000002 	 5.257132732525888E-4 	 3.4011709802367405E-4 	 0.04899075808994778 	 5.732328755309182E-5 	 5.257132732525888E-4 	 3.4011709802367405E-4 	 0.04899075808994778 	 5.732328755309182E-5 	 5.257132732525888E-4 	 3.4011709802367405E-4 	 0.04899075808994778 	 5.732328755309182E-5 	 5.257132732525888E-4 	 3.4011709802367405E-4 	 0.04899075808994778 	 5.732328755309182E-5 	 
0.04800000000000004 	 4.871748614709458E-4 	 3.0680974714513136E-4 	 0.048538904890002246 	 5.3082688198121094E-5 	 4.871748614709458E-4 	 3.0680974714513136E-4 	 0.048538904890002246 	 5.3082688198121094E-5 	 4.871748614709458E-4 	 3.0680974714513136E-4 	 0.048538904890002246 	 5.3082688198121094E-5 	 4.871748614709458E-4 	 3.0680974714513136E-4 	 0.048538904890002246 	 5.3082688198121094E-5 	 
0.07200000000000006 	 4.043239527978789E-4 	 2.509227259360352E-4 	 0.040715769781479214 	 4.431733612930314E-5 	 4.043239527978789E-4 	 2.509227259360352E-4 	 0.040715769781479214 	 4.431733612930314E-5 	 4.043239527978789E-4 	 2.509227259360352E-4 	 0.040715769781479214 	 4.431733612930314E-5 	 4.043239527978789E-4 	 2.509227259360352E-4 	 0.040715769781479214 	 4.431733612930314E-5 	 
0.09600000000000009 	 3.31032440847931E-4 	 2.1249032686744058E-4 	 0.03209684364446011 	 3.573263744239737E-5 	 3.31032440847931E-4 	 2.1249032686744058E-4 	 0.03209684364446011 	 3.573263744239737E-5 	 3.31032440847931E-4 	 2.1249032686744058E-4 	 0.03209684364446011 	 3.573263744239737E-5 	 3.31032440847931E-4 	 2.1249032686744058E-4 	 0.03209684364446011 	 3.573263744239737E-5 	 
0.1200000000000001 	 3.013915240308295E-4 	 1.8166045742446435E-4 	 0.03250121999309443 	 3.2636296948990446E-5 	 3.013915240308295E-4 	 1.8166045742446435E-4 	 0.03250121999309443 	 3.2636296948990446E-5 	 3.013915240308295E-4 	 1.8166045742446435E-4 	 0.03250121999309443 	 3.2636296948990446E-5 	 3.013915240308295E-4 	 1.8166045742446435E-4 	 0.03250121999309443 	 3.2636296948990446E-5 	 
0.14400000000000013 	 2.2057863685572064E-4 	 1.3801222803934575E-4 	 0.022580830116471887 	 2.4184876975170276E-5 	 2.2057863685572064E-4 	 1.3801222803934575E-4 	 0.022580830116471887 	 2.4184876975170276E-5 	 2.2057863685572064E-4 	 1.3801222803934575E-4 	 0.022580830116471887 	 2.4184876975170276E-5 	 2.2057863685572064E-4 	 1.3801222803934575E-4 	 0.022580830116471887 	 2.4184876975170276E-5 	 
0.16800000000000015 	 1.841549093378798E-4 	 1.1267254010739123E-4 	 0.019712382502368994 	 2.0111801695288823E-5 	 1.841549093378798E-4 	 1.1267254010739123E-4 	 0.019712382502368994 	 2.0111801695288823E-5 	 1.841549093378798E-4 	 1.1267254010739123E-4 	 0.019712382502368994 	 2.0111801695288823E-5 	 1.841549093378798E-4 	 1.1267254010739123E-4 	 0.019712382502368994 	 2.0111801695288823E-5 	 
0.19200000000000017 	 1.3485510349276326E-4 	 8.246069528882849E-5 	 0.014078633240230457 	 1.4951382062501942E-5 	 1.3485510349276326E-4 	 8.246069528882849E-5 	 0.014078633240230457 	 1.4951382062501942E-5 	 1.3485510349276326E-4 	 8.246069528882849E-5 	 0.014078633240230457 	 1.4951382062501942E-5 	 1.3485510349276326E-4 	 8.246069528882849E-5 	 0.014078633240230457 	 1.4951382062501942E-5 	 
0.2160000000000002 	 1.0015893158270029E-4 	 6.31813843455934E-5 	 0.009670218428903062 	 1.0850899586671733E-5 	 1.0015893158270029E-4 	 6.31813843455934E-5 	 0.009670218428903062 	 1.0850899586671733E-5 	 1.0015893158270029E-4 	 6.31813843455934E-5 	 0.009670218428903062 	 1.0850899586671733E-5 	 1.0015893158270029E-4 	 6.31813843455934E-5 	 0.009670218428903062 	 1.0850899586671733E-5 	 
0.2400000000000002 	 8.140069361248567E-5 	 5.236116367716597E-5 	 0.007559612876771488 	 8.954065923394593E-6 	 8.140069361248567E-5 	 5.236116367716597E-5 	 0.007559612876771488 	 8.954065923394593E-6 	 8.140069361248567E-5 	 5.236116367716597E-5 	 0.007559612876771488 	 8.954065923394593E-6 	 8.140069361248567E-5 	 5.236116367716597E-5 	 0.007559612876771488 	 8.954065923394593E-6 	 
0.26400000000000023 	 7.42076760297392E-5 	 4.7979669154939374E-5 	 0.007063886904381553 	 7.977740815784942E-6 	 7.42076760297392E-5 	 4.7979669154939374E-5 	 0.007063886904381553 	 7.977740815784942E-6 	 7.42076760297392E-5 	 4.7979669154939374E-5 	 0.007063886904381553 	 7.977740815784942E-6 	 7.42076760297392E-5 	 4.7979669154939374E-5 	 0.007063886904381553 	 7.977740815784942E-6 	 
0.28800000000000026 	 6.419958301847093E-5 	 4.0072047968866284E-5 	 0.006460562991176976 	 7.280456253708025E-6 	 6.419958301847093E-5 	 4.0072047968866284E-5 	 0.006460562991176976 	 7.280456253708025E-6 	 6.419958301847093E-5 	 4.0072047968866284E-5 	 0.006460562991176976 	 7.280456253708025E-6 	 6.419958301847093E-5 	 4.0072047968866284E-5 	 0.006460562991176976 	 7.280456253708025E-6 	 
0.3120000000000003 	 4.958436121026206E-5 	 3.2129372144546424E-5 	 0.004443188394027582 	 5.495213501498724E-6 	 4.958436121026206E-5 	 3.2129372144546424E-5 	 0.004443188394027582 	 5.495213501498724E-6 	 4.958436121026206E-5 	 3.2129372144546424E-5 	 0.004443188394027582 	 5.495213501498724E-6 	 4.958436121026206E-5 	 3.2129372144546424E-5 	 0.004443188394027582 	 5.495213501498724E-6 	 
0.33599999999999985 	 4.51470080313596E-5 	 2.8557499586465907E-5 	 0.004280676057459085 	 4.9652236701310945E-6 	 4.51470080313596E-5 	 2.8557499586465907E-5 	 0.004280676057459085 	 4.9652236701310945E-6 	 4.51470080313596E-5 	 2.8557499586465907E-5 	 0.004280676057459085 	 4.9652236701310945E-6 	 4.51470080313596E-5 	 2.8557499586465907E-5 	 0.004280676057459085 	 4.9652236701310945E-6 	 
0.3599999999999999 	 3.8324161153393365E-5 	 2.491981497395539E-5 	 0.0035297928092298918 	 4.016820915807011E-6 	 3.8324161153393365E-5 	 2.491981497395539E-5 	 0.0035297928092298918 	 4.016820915807011E-6 	 3.8324161153393365E-5 	 2.491981497395539E-5 	 0.0035297928092298918 	 4.016820915807011E-6 	 3.8324161153393365E-5 	 2.491981497395539E-5 	 0.0035297928092298918 	 4.016820915807011E-6 	 
0.3839999999999999 	 3.643971800363769E-5 	 2.3041709921933924E-5 	 0.0038146874842221747 	 4.072553003862243E-6 	 3.643971800363769E-5 	 2.3041709921933924E-5 	 0.0038146874842221747 	 4.072553003862243E-6 	 3.643971800363769E-5 	 2.3041709921933924E-5 	 0.0038146874842221747 	 4.072553003862243E-6 	 3.643971800363769E-5 	 2.3041709921933924E-5 	 0.0038146874842221747 	 4.072553003862243E-6 	 
0.4079999999999999 	 3.005512414657913E-5 	 1.8113058667022626E-5 	 0.003142474104266259 	 3.3194096401342934E-6 	 3.005512414657913E-5 	 1.8113058667022626E-5 	 0.003142474104266259 	 3.3194096401342934E-6 	 3.005512414657913E-5 	 1.8113058667022626E-5 	 0.003142474104266259 	 3.3194096401342934E-6 	 3.005512414657913E-5 	 1.8113058667022626E-5 	 0.003142474104266259 	 3.3194096401342934E-6 	 
0.43199999999999994 	 2.076222816718207E-5 	 1.3651788486421612E-5 	 0.0017792946333894041 	 2.2594300911838467E-6 	 2.076222816718207E-5 	 1.3651788486421612E-5 	 0.0017792946333894041 	 2.2594300911838467E-6 	 2.076222816718207E-5 	 1.3651788486421612E-5 	 0.0017792946333894041 	 2.2594300911838467E-6 	 2.076222816718207E-5 	 1.3651788486421612E-5 	 0.0017792946333894041 	 2.2594300911838467E-6 	 
0.45599999999999996 	 1.9704650094055444E-5 	 1.2142828680794464E-5 	 0.0018716520802215238 	 2.0641707005877118E-6 	 1.9704650094055444E-5 	 1.2142828680794464E-5 	 0.0018716520802215238 	 2.0641707005877118E-6 	 1.9704650094055444E-5 	 1.2142828680794464E-5 	 0.0018716520802215238 	 2.0641707005877118E-6 	 1.9704650094055444E-5 	 1.2142828680794464E-5 	 0.0018716520802215238 	 2.0641707005877118E-6 	 
0.48 	 1.7462632114329406E-5 	 1.2336632984066302E-5 	 0.001504541844228515 	 1.896875912986019E-6 	 1.7462632114329406E-5 	 1.2336632984066302E-5 	 0.001504541844228515 	 1.896875912986019E-6 	 1.7462632114329406E-5 	 1.2336632984066302E-5 	 0.001504541844228515 	 1.896875912986019E-6 	 1.7462632114329406E-5 	 1.2336632984066302E-5 	 0.001504541844228515 	 1.896875912986019E-6 	 
0.504 	 2.0741591831771297E-5 	 1.144131068712916E-5 	 0.0026115208091014174 	 2.2873242898404375E-6 	 2.0741591831771297E-5 	 1.144131068712916E-5 	 0.0026115208091014174 	 2.2873242898404375E-6 	 2.0741591831771297E-5 	 1.144131068712916E-5 	 0.0026115208091014174 	 2.2873242898404375E-6 	 2.0741591831771297E-5 	 1.144131068712916E-5 	 0.0026115208091014174 	 2.2873242898404375E-6 	 
0.528 	 1.042807179284075E-5 	 6.268459936666749E-6 	 0.001129877657516932 	 1.1995068514913495E-6 	 1.042807179284075E-5 	 6.268459936666749E-6 	 0.001129877657516932 	 1.1995068514913495E-6 	 1.042807179284075E-5 	 6.268459936666749E-6 	 0.001129877657516932 	 1.1995068514913495E-6 	 1.042807179284075E-5 	 6.268459936666749E-6 	 0.001129877657516932 	 1.1995068514913495E-6 	 
0.552 	 6.521398055870293E-6 	 3.9616386565479405E-6 	 6.550708730508185E-4 	 7.252773197003328E-7 	 6.521398055870293E-6 	 3.9616386565479405E-6 	 6.550708730508185E-4 	 7.252773197003328E-7 	 6.521398055870293E-6 	 3.9616386565479405E-6 	 6.550708730508185E-4 	 7.252773197003328E-7 	 6.521398055870293E-6 	 3.9616386565479405E-6 	 6.550708730508185E-4 	 7.252773197003328E-7 	 
0.5760000000000001 	 3.889996349704192E-6 	 2.8540227834043687E-6 	 2.902090130417188E-4 	 4.4630717850545125E-7 	 3.889996349704192E-6 	 2.8540227834043687E-6 	 2.902090130417188E-4 	 4.4630717850545125E-7 	 3.889996349704192E-6 	 2.8540227834043687E-6 	 2.902090130417188E-4 	 4.4630717850545125E-7 	 3.889996349704192E-6 	 2.8540227834043687E-6 	 2.902090130417188E-4 	 4.4630717850545125E-7 	 
0.6000000000000001 	 5.120169076379459E-6 	 3.2578150757980703E-6 	 4.521729269929712E-4 	 5.020955758186326E-7 	 5.120169076379459E-6 	 3.2578150757980703E-6 	 4.521729269929712E-4 	 5.020955758186326E-7 	 5.120169076379459E-6 	 3.2578150757980703E-6 	 4.521729269929712E-4 	 5.020955758186326E-7 	 5.120169076379459E-6 	 3.2578150757980703E-6 	 4.521729269929712E-4 	 5.020955758186326E-7 	 
0.6240000000000001 	 3.6420274724285755E-6 	 2.5129775608363957E-6 	 2.556507641378613E-4 	 4.4630717850545136E-7 	 3.6420274724285755E-6 	 2.5129775608363957E-6 	 2.556507641378613E-4 	 4.4630717850545136E-7 	 3.6420274724285755E-6 	 2.5129775608363957E-6 	 2.556507641378613E-4 	 4.4630717850545136E-7 	 3.6420274724285755E-6 	 2.5129775608363957E-6 	 2.556507641378613E-4 	 4.4630717850545136E-7 	 
0.6480000000000001 	 3.847738018290336E-6 	 2.6491444253138904E-6 	 2.59938401879455E-4 	 3.9051878119226987E-7 	 3.847738018290336E-6 	 2.6491444253138904E-6 	 2.59938401879455E-4 	 3.9051878119226987E-7 	 3.847738018290336E-6 	 2.6491444253138904E-6 	 2.59938401879455E-4 	 3.9051878119226987E-7 	 3.847738018290336E-6 	 2.6491444253138904E-6 	 2.59938401879455E-4 	 3.9051878119226987E-7 	 
0.6720000000000002 	 4.38128614578312E-6 	 3.205976734606033E-6 	 3.294075780350194E-4 	 4.7420137716204197E-7 	 4.38128614578312E-6 	 3.205976734606033E-6 	 3.294075780350194E-4 	 4.7420137716204197E-7 	 4.38128614578312E-6 	 3.205976734606033E-6 	 3.294075780350194E-4 	 4.7420137716204197E-7 	 4.38128614578312E-6 	 3.205976734606033E-6 	 3.294075780350194E-4 	 4.7420137716204197E-7 	 
0.6960000000000002 	 5.520748972153467E-6 	 3.040200574283262E-6 	 6.505086396390193E-4 	 6.136723704449955E-7 	 5.520748972153467E-6 	 3.040200574283262E-6 	 6.505086396390193E-4 	 6.136723704449955E-7 	 5.520748972153467E-6 	 3.040200574283262E-6 	 6.505086396390193E-4 	 6.136723704449955E-7 	 5.520748972153467E-6 	 3.040200574283262E-6 	 6.505086396390193E-4 	 6.136723704449955E-7 	 
0.7200000000000002 	 3.0486638128674665E-6 	 2.063588220244481E-6 	 2.83255621186439E-4 	 3.0683618522249776E-7 	 3.0486638128674665E-6 	 2.063588220244481E-6 	 2.83255621186439E-4 	 3.0683618522249776E-7 	 3.0486638128674665E-6 	 2.063588220244481E-6 	 2.83255621186439E-4 	 3.0683618522249776E-7 	 3.0486638128674665E-6 	 2.063588220244481E-6 	 2.83255621186439E-4 	 3.0683618522249776E-7 	 
0.7440000000000002 	 3.5619984092448904E-6 	 2.0179632702573455E-6 	 4.3897166005177823E-4 	 3.626527371646538E-7 	 3.5619984092448904E-6 	 2.0179632702573455E-6 	 4.3897166005177823E-4 	 3.626527371646538E-7 	 3.5619984092448904E-6 	 2.0179632702573455E-6 	 4.3897166005177823E-4 	 3.626527371646538E-7 	 3.5619984092448904E-6 	 2.0179632702573455E-6 	 4.3897166005177823E-4 	 3.626527371646538E-7 	 
0.7680000000000002 	 1.4570152804336717E-6 	 8.279424270165192E-7 	 2.0074050381544385E-4 	 1.9525939059613496E-7 	 1.4570152804336717E-6 	 8.279424270165192E-7 	 2.0074050381544385E-4 	 1.9525939059613496E-7 	 1.4570152804336717E-6 	 8.279424270165192E-7 	 2.0074050381544385E-4 	 1.9525939059613496E-7 	 1.4570152804336717E-6 	 8.279424270165192E-7 	 2.0074050381544385E-4 	 1.9525939059613496E-7 	 
0.7920000000000003 	 6.202208814539702E-7 	 4.96395289050819E-7 	 2.981261099999692E-6 	 5.578839731318141E-8 	 6.202208814539702E-7 	 4.96395289050819E-7 	 2.981261099999692E-6 	 5.578839731318141E-8 	 6.202208814539702E-7 	 4.96395289050819E-7 	 2.981261099999692E-6 	 5.578839731318141E-8 	 6.202208814539702E-7 	 4.96395289050819E-7 	 2.981261099999692E-6 	 5.578839731318141E-8 	 
0.8160000000000003 	 6.564292510045518E-7 	 4.819800651821753E-7 	 6.0111124117980975E-6 	 8.36825959697721E-8 	 6.564292510045518E-7 	 4.819800651821753E-7 	 6.0111124117980975E-6 	 8.36825959697721E-8 	 6.564292510045518E-7 	 4.819800651821753E-7 	 6.0111124117980975E-6 	 8.36825959697721E-8 	 6.564292510045518E-7 	 4.819800651821753E-7 	 6.0111124117980975E-6 	 8.36825959697721E-8 	 
0.8399999999999999 	 7.301375498447342E-7 	 5.418455853834733E-7 	 1.0060176585380758E-5 	 5.578839731318141E-8 	 7.301375498447342E-7 	 5.418455853834733E-7 	 1.0060176585380758E-5 	 5.578839731318141E-8 	 7.301375498447342E-7 	 5.418455853834733E-7 	 1.0060176585380758E-5 	 5.578839731318141E-8 	 7.301375498447342E-7 	 5.418455853834733E-7 	 1.0060176585380758E-5 	 5.578839731318141E-8 	 
0.8639999999999999 	 1.4293496258048773E-6 	 1.2823730423550093E-6 	 7.852791153805112E-5 	 1.3947099328295355E-7 	 1.4293496258048773E-6 	 1.2823730423550093E-6 	 7.852791153805112E-5 	 1.3947099328295355E-7 	 1.4293496258048773E-6 	 1.2823730423550093E-6 	 7.852791153805112E-5 	 1.3947099328295355E-7 	 1.4293496258048773E-6 	 1.2823730423550093E-6 	 7.852791153805112E-5 	 1.3947099328295355E-7 	 
0.8879999999999999 	 2.6299336722226237E-6 	 1.2117556588188364E-6 	 3.99037655780859E-4 	 3.0683618522249776E-7 	 2.6299336722226237E-6 	 1.2117556588188364E-6 	 3.99037655780859E-4 	 3.0683618522249776E-7 	 2.6299336722226237E-6 	 1.2117556588188364E-6 	 3.99037655780859E-4 	 3.0683618522249776E-7 	 2.6299336722226237E-6 	 1.2117556588188364E-6 	 3.99037655780859E-4 	 3.0683618522249776E-7 	 
0.9119999999999999 	 2.2423055524395085E-7 	 1.7830239211250802E-7 	 4.979590547244125E-7 	 2.7894198656590707E-8 	 2.2423055524395085E-7 	 1.7830239211250802E-7 	 4.979590547244125E-7 	 2.7894198656590707E-8 	 2.2423055524395085E-7 	 1.7830239211250802E-7 	 4.979590547244125E-7 	 2.7894198656590707E-8 	 2.2423055524395085E-7 	 1.7830239211250802E-7 	 4.979590547244125E-7 	 2.7894198656590707E-8 	 
0.9359999999999999 	 1.995516414477596E-7 	 1.8796444988347671E-7 	 6.269079436566718E-7 	 0.0 	 1.995516414477596E-7 	 1.8796444988347671E-7 	 6.269079436566718E-7 	 0.0 	 1.995516414477596E-7 	 1.8796444988347671E-7 	 6.269079436566718E-7 	 0.0 	 1.995516414477596E-7 	 1.8796444988347671E-7 	 6.269079436566718E-7 	 0.0 	 
0.96 	 9.830642975846069E-8 	 1.310480777903787E-7 	 6.790325047923714E-7 	 2.7894198656590707E-8 	 9.830642975846069E-8 	 1.310480777903787E-7 	 6.790325047923714E-7 	 2.7894198656590707E-8 	 9.830642975846069E-8 	 1.310480777903787E-7 	 6.790325047923714E-7 	 2.7894198656590707E-8 	 9.830642975846069E-8 	 1.310480777903787E-7 	 6.790325047923714E-7 	 2.7894198656590707E-8 	 
0.984 	 3.037738588722855E-7 	 2.222366381692684E-7 	 1.5026248755561762E-6 	 2.7894198656590707E-8 	 3.037738588722855E-7 	 2.222366381692684E-7 	 1.5026248755561762E-6 	 2.7894198656590707E-8 	 3.037738588722855E-7 	 2.222366381692684E-7 	 1.5026248755561762E-6 	 2.7894198656590707E-8 	 3.037738588722855E-7 	 2.222366381692684E-7 	 1.5026248755561762E-6 	 2.7894198656590707E-8 	 
1.008 	 3.865918568706312E-7 	 2.8256047383431917E-7 	 3.1062105857000915E-6 	 5.578839731318141E-8 	 3.865918568706312E-7 	 2.8256047383431917E-7 	 3.1062105857000915E-6 	 5.578839731318141E-8 	 3.865918568706312E-7 	 2.8256047383431917E-7 	 3.1062105857000915E-6 	 5.578839731318141E-8 	 3.865918568706312E-7 	 2.8256047383431917E-7 	 3.1062105857000915E-6 	 5.578839731318141E-8 	 
1.032 	 3.590733530654103E-7 	 2.724317080566072E-7 	 5.110073509191723E-6 	 2.7894198656590707E-8 	 3.590733530654103E-7 	 2.724317080566072E-7 	 5.110073509191723E-6 	 2.7894198656590707E-8 	 3.590733530654103E-7 	 2.724317080566072E-7 	 5.110073509191723E-6 	 2.7894198656590707E-8 	 3.590733530654103E-7 	 2.724317080566072E-7 	 5.110073509191723E-6 	 2.7894198656590707E-8 	 
1.056 	 7.023616427373011E-7 	 6.379168926269079E-7 	 3.940253668409543E-5 	 8.36825959697721E-8 	 7.023616427373011E-7 	 6.379168926269079E-7 	 3.940253668409543E-5 	 8.36825959697721E-8 	 7.023616427373011E-7 	 6.379168926269079E-7 	 3.940253668409543E-5 	 8.36825959697721E-8 	 7.023616427373011E-7 	 6.379168926269079E-7 	 3.940253668409543E-5 	 8.36825959697721E-8 	 
1.08 	 1.3695312513058737E-6 	 6.459093873830748E-7 	 1.996552169749999E-4 	 1.6736519193954424E-7 	 1.3695312513058737E-6 	 6.459093873830748E-7 	 1.996552169749999E-4 	 1.6736519193954424E-7 	 1.3695312513058737E-6 	 6.459093873830748E-7 	 1.996552169749999E-4 	 1.6736519193954424E-7 	 1.3695312513058737E-6 	 6.459093873830748E-7 	 1.996552169749999E-4 	 1.6736519193954424E-7 	 
1.104 	 1.0638432411628884E-7 	 8.434631643658188E-8 	 3.923844032596143E-7 	 0.0 	 1.0638432411628884E-7 	 8.434631643658188E-8 	 3.923844032596143E-7 	 0.0 	 1.0638432411628884E-7 	 8.434631643658188E-8 	 3.923844032596143E-7 	 0.0 	 1.0638432411628884E-7 	 8.434631643658188E-8 	 3.923844032596143E-7 	 0.0 	 
1.1280000000000001 	 9.154473342665506E-8 	 7.313090568498488E-8 	 4.739593752961482E-7 	 0.0 	 9.154473342665506E-8 	 7.313090568498488E-8 	 4.739593752961482E-7 	 0.0 	 9.154473342665506E-8 	 7.313090568498488E-8 	 4.739593752961482E-7 	 0.0 	 9.154473342665506E-8 	 7.313090568498488E-8 	 4.739593752961482E-7 	 0.0 	 
1.1520000000000001 	 9.830642975846069E-8 	 1.310480777903787E-7 	 6.790325047923714E-7 	 2.7894198656590707E-8 	 9.830642975846069E-8 	 1.310480777903787E-7 	 6.790325047923714E-7 	 2.7894198656590707E-8 	 9.830642975846069E-8 	 1.310480777903787E-7 	 6.790325047923714E-7 	 2.7894198656590707E-8 	 9.830642975846069E-8 	 1.310480777903787E-7 	 6.790325047923714E-7 	 2.7894198656590707E-8 	 
1.1760000000000002 	 1.937485207393066E-7 	 1.386327924845238E-7 	 1.3702296218325165E-6 	 2.7894198656590707E-8 	 1.937485207393066E-7 	 1.386327924845238E-7 	 1.3702296218325165E-6 	 2.7894198656590707E-8 	 1.937485207393066E-7 	 1.386327924845238E-7 	 1.3702296218325165E-6 	 2.7894198656590707E-8 	 1.937485207393066E-7 	 1.386327924845238E-7 	 1.3702296218325165E-6 	 2.7894198656590707E-8 	 
1.2000000000000002 	 2.6983739413392063E-7 	 1.9941959134785612E-7 	 2.904901826098006E-6 	 2.7894198656590707E-8 	 2.6983739413392063E-7 	 1.9941959134785612E-7 	 2.904901826098006E-6 	 2.7894198656590707E-8 	 2.6983739413392063E-7 	 1.9941959134785612E-7 	 2.904901826098006E-6 	 2.7894198656590707E-8 	 2.6983739413392063E-7 	 1.9941959134785612E-7 	 2.904901826098006E-6 	 2.7894198656590707E-8 	 
1.2240000000000002 	 2.5574914731704224E-7 	 1.823685530081185E-7 	 4.9146577329851545E-6 	 2.7894198656590707E-8 	 2.5574914731704224E-7 	 1.823685530081185E-7 	 4.9146577329851545E-6 	 2.7894198656590707E-8 	 2.5574914731704224E-7 	 1.823685530081185E-7 	 4.9146577329851545E-6 	 2.7894198656590707E-8 	 2.5574914731704224E-7 	 1.823685530081185E-7 	 4.9146577329851545E-6 	 2.7894198656590707E-8 	 
1.2480000000000002 	 6.009486826367171E-7 	 5.263623436257555E-7 	 3.903409059480533E-5 	 5.578839731318141E-8 	 6.009486826367171E-7 	 5.263623436257555E-7 	 3.903409059480533E-5 	 5.578839731318141E-8 	 6.009486826367171E-7 	 5.263623436257555E-7 	 3.903409059480533E-5 	 5.578839731318141E-8 	 6.009486826367171E-7 	 5.263623436257555E-7 	 3.903409059480533E-5 	 5.578839731318141E-8 	 
1.2720000000000002 	 1.2604024209167505E-6 	 5.658462714357617E-7 	 1.9938243880585912E-4 	 1.3947099328295355E-7 	 1.2604024209167505E-6 	 5.658462714357617E-7 	 1.9938243880585912E-4 	 1.3947099328295355E-7 	 1.2604024209167505E-6 	 5.658462714357617E-7 	 1.9938243880585912E-4 	 1.3947099328295355E-7 	 1.2604024209167505E-6 	 5.658462714357617E-7 	 1.9938243880585912E-4 	 1.3947099328295355E-7 	 
1.2960000000000003 	 0.0 	 0.0 	 0.0 	 0.0 	 0.0 	 0.0 	 0.0 	 0.0 	 0.0 	 0.0 	 0.0 	 0.0 	 0.0 	 0.0 	 0.0 	 0.0 	 
1.3200000000000003 	 0.0 	 0.0 	 0.0 	 0.0 	 0.0 	 0.0 	 0.0 	 0.0 	 0.0 	 0.0 	 0.0 	 0.0 	 0.0 	 0.0 	 0.0 	 0.0 	 
1.3440000000000003 	 0.0 	 0.0 	 0.0 	 0.0 	 0.0 	 0.0 	 0.0 	 0.0 	 0.0 	 0.0 	 0.0 	 0.0 	 0.0 	 0.0 	 0.0 	 0.0 	 
1.3680000000000003 	 0.0 	 0.0 	 0.0 	 0.0 	 0.0 	 0.0 	 0.0 	 0.0 	 0.0 	 0.0 	 0.0 	 0.0 	 0.0 	 0.0 	 0.0 	 0.0 	 
1.3920000000000003 	 0.0 	 0.0 	 0.0 	 0.0 	 0.0 	 0.0 	 0.0 	 0.0 	 0.0 	 0.0 	 0.0 	 0.0 	 0.0 	 0.0 	 0.0 	 0.0 	 
1.4160000000000004 	 0.0 	 0.0 	 0.0 	 0.0 	 0.0 	 0.0 	 0.0 	 0.0 	 0.0 	 0.0 	 0.0 	 0.0 	 0.0 	 0.0 	 0.0 	 0.0 	 
1.4400000000000004 	 0.0 	 0.0 	 0.0 	 0.0 	 0.0 	 0.0 	 0.0 	 0.0 	 0.0 	 0.0 	 0.0 	 0.0 	 0.0 	 0.0 	 0.0 	 0.0 	 
1.4640000000000004 	 0.0 	 0.0 	 0.0 	 0.0 	 0.0 	 0.0 	 0.0 	 0.0 	 0.0 	 0.0 	 0.0 	 0.0 	 0.0 	 0.0 	 0.0 	 0.0 	 
1.4880000000000004 	 0.0 	 0.0 	 0.0 	 0.0 	 0.0 	 0.0 	 0.0 	 0.0 	 0.0 	 0.0 	 0.0 	 0.0 	 0.0 	 0.0 	 0.0 	 0.0 	 
1.5120000000000005 	 0.0 	 0.0 	 0.0 	 0.0 	 0.0 	 0.0 	 0.0 	 0.0 	 0.0 	 0.0 	 0.0 	 0.0 	 0.0 	 0.0 	 0.0 	 0.0 	 
1.5360000000000005 	 0.0 	 0.0 	 0.0 	 0.0 	 0.0 	 0.0 	 0.0 	 0.0 	 0.0 	 0.0 	 0.0 	 0.0 	 0.0 	 0.0 	 0.0 	 0.0 	 
1.5600000000000005 	 0.0 	 0.0 	 0.0 	 0.0 	 0.0 	 0.0 	 0.0 	 0.0 	 0.0 	 0.0 	 0.0 	 0.0 	 0.0 	 0.0 	 0.0 	 0.0 	 
1.5840000000000005 	 0.0 	 0.0 	 0.0 	 0.0 	 0.0 	 0.0 	 0.0 	 0.0 	 0.0 	 0.0 	 0.0 	 0.0 	 0.0 	 0.0 	 0.0 	 0.0 	 
1.6080000000000005 	 0.0 	 0.0 	 0.0 	 0.0 	 0.0 	 0.0 	 0.0 	 0.0 	 0.0 	 0.0 	 0.0 	 0.0 	 0.0 	 0.0 	 0.0 	 0.0 	 
1.6319999999999997 	 0.0 	 0.0 	 0.0 	 0.0 	 0.0 	 0.0 	 0.0 	 0.0 	 0.0 	 0.0 	 0.0 	 0.0 	 0.0 	 0.0 	 0.0 	 0.0 	 
1.6559999999999997 	 0.0 	 0.0 	 0.0 	 0.0 	 0.0 	 0.0 	 0.0 	 0.0 	 0.0 	 0.0 	 0.0 	 0.0 	 0.0 	 0.0 	 0.0 	 0.0 	 
1.6799999999999997 	 0.0 	 0.0 	 0.0 	 0.0 	 0.0 	 0.0 	 0.0 	 0.0 	 0.0 	 0.0 	 0.0 	 0.0 	 0.0 	 0.0 	 0.0 	 0.0 	 
1.7039999999999997 	 0.0 	 0.0 	 0.0 	 0.0 	 0.0 	 0.0 	 0.0 	 0.0 	 0.0 	 0.0 	 0.0 	 0.0 	 0.0 	 0.0 	 0.0 	 0.0 	 
1.7279999999999998 	 0.0 	 0.0 	 0.0 	 0.0 	 0.0 	 0.0 	 0.0 	 0.0 	 0.0 	 0.0 	 0.0 	 0.0 	 0.0 	 0.0 	 0.0 	 0.0 	 
1.7519999999999998 	 0.0 	 0.0 	 0.0 	 0.0 	 0.0 	 0.0 	 0.0 	 0.0 	 0.0 	 0.0 	 0.0 	 0.0 	 0.0 	 0.0 	 0.0 	 0.0 	 
1.7759999999999998 	 0.0 	 0.0 	 0.0 	 0.0 	 0.0 	 0.0 	 0.0 	 0.0 	 0.0 	 0.0 	 0.0 	 0.0 	 0.0 	 0.0 	 0.0 	 0.0 	 
1.7999999999999998 	 0.0 	 0.0 	 0.0 	 0.0 	 0.0 	 0.0 	 0.0 	 0.0 	 0.0 	 0.0 	 0.0 	 0.0 	 0.0 	 0.0 	 0.0 	 0.0 	 
1.8239999999999998 	 0.0 	 0.0 	 0.0 	 0.0 	 0.0 	 0.0 	 0.0 	 0.0 	 0.0 	 0.0 	 0.0 	 0.0 	 0.0 	 0.0 	 0.0 	 0.0 	 
1.8479999999999999 	 0.0 	 0.0 	 0.0 	 0.0 	 0.0 	 0.0 	 0.0 	 0.0 	 0.0 	 0.0 	 0.0 	 0.0 	 0.0 	 0.0 	 0.0 	 0.0 	 
1.8719999999999999 	 0.0 	 0.0 	 0.0 	 0.0 	 0.0 	 0.0 	 0.0 	 0.0 	 0.0 	 0.0 	 0.0 	 0.0 	 0.0 	 0.0 	 0.0 	 0.0 	 
1.896 	 0.0 	 0.0 	 0.0 	 0.0 	 0.0 	 0.0 	 0.0 	 0.0 	 0.0 	 0.0 	 0.0 	 0.0 	 0.0 	 0.0 	 0.0 	 0.0 	 
1.92 	 0.0 	 0.0 	 0.0 	 0.0 	 0.0 	 0.0 	 0.0 	 0.0 	 0.0 	 0.0 	 0.0 	 0.0 	 0.0 	 0.0 	 0.0 	 0.0 	 
1.944 	 0.0 	 0.0 	 0.0 	 0.0 	 0.0 	 0.0 	 0.0 	 0.0 	 0.0 	 0.0 	 0.0 	 0.0 	 0.0 	 0.0 	 0.0 	 0.0 	 
1.968 	 0.0 	 0.0 	 0.0 	 0.0 	 0.0 	 0.0 	 0.0 	 0.0 	 0.0 	 0.0 	 0.0 	 0.0 	 0.0 	 0.0 	 0.0 	 0.0 	 
1.992 	 0.0 	 0.0 	 0.0 	 0.0 	 0.0 	 0.0 	 0.0 	 0.0 	 0.0 	 0.0 	 0.0 	 0.0 	 0.0 	 0.0 	 0.0 	 0.0 	 
2.016 	 0.0 	 0.0 	 0.0 	 0.0 	 0.0 	 0.0 	 0.0 	 0.0 	 0.0 	 0.0 	 0.0 	 0.0 	 0.0 	 0.0 	 0.0 	 0.0 	 
2.04 	 0.0 	 0.0 	 0.0 	 0.0 	 0.0 	 0.0 	 0.0 	 0.0 	 0.0 	 0.0 	 0.0 	 0.0 	 0.0 	 0.0 	 0.0 	 0.0 	 
2.064 	 0.0 	 0.0 	 0.0 	 0.0 	 0.0 	 0.0 	 0.0 	 0.0 	 0.0 	 0.0 	 0.0 	 0.0 	 0.0 	 0.0 	 0.0 	 0.0 	 
2.088 	 0.0 	 0.0 	 0.0 	 0.0 	 0.0 	 0.0 	 0.0 	 0.0 	 0.0 	 0.0 	 0.0 	 0.0 	 0.0 	 0.0 	 0.0 	 0.0 	 
2.112 	 0.0 	 0.0 	 0.0 	 0.0 	 0.0 	 0.0 	 0.0 	 0.0 	 0.0 	 0.0 	 0.0 	 0.0 	 0.0 	 0.0 	 0.0 	 0.0 	 
2.136 	 0.0 	 0.0 	 0.0 	 0.0 	 0.0 	 0.0 	 0.0 	 0.0 	 0.0 	 0.0 	 0.0 	 0.0 	 0.0 	 0.0 	 0.0 	 0.0 	 
2.16 	 0.0 	 0.0 	 0.0 	 0.0 	 0.0 	 0.0 	 0.0 	 0.0 	 0.0 	 0.0 	 0.0 	 0.0 	 0.0 	 0.0 	 0.0 	 0.0 	 
2.184 	 0.0 	 0.0 	 0.0 	 0.0 	 0.0 	 0.0 	 0.0 	 0.0 	 0.0 	 0.0 	 0.0 	 0.0 	 0.0 	 0.0 	 0.0 	 0.0 	 
2.208 	 0.0 	 0.0 	 0.0 	 0.0 	 0.0 	 0.0 	 0.0 	 0.0 	 0.0 	 0.0 	 0.0 	 0.0 	 0.0 	 0.0 	 0.0 	 0.0 	 
2.232 	 0.0 	 0.0 	 0.0 	 0.0 	 0.0 	 0.0 	 0.0 	 0.0 	 0.0 	 0.0 	 0.0 	 0.0 	 0.0 	 0.0 	 0.0 	 0.0 	 
2.2560000000000002 	 0.0 	 0.0 	 0.0 	 0.0 	 0.0 	 0.0 	 0.0 	 0.0 	 0.0 	 0.0 	 0.0 	 0.0 	 0.0 	 0.0 	 0.0 	 0.0 	 
2.2800000000000002 	 0.0 	 0.0 	 0.0 	 0.0 	 0.0 	 0.0 	 0.0 	 0.0 	 0.0 	 0.0 	 0.0 	 0.0 	 0.0 	 0.0 	 0.0 	 0.0 	 
2.3040000000000003 	 0.0 	 0.0 	 0.0 	 0.0 	 0.0 	 0.0 	 0.0 	 0.0 	 0.0 	 0.0 	 0.0 	 0.0 	 0.0 	 0.0 	 0.0 	 0.0 	 
2.3280000000000003 	 0.0 	 0.0 	 0.0 	 0.0 	 0.0 	 0.0 	 0.0 	 0.0 	 0.0 	 0.0 	 0.0 	 0.0 	 0.0 	 0.0 	 0.0 	 0.0 	 
2.3520000000000003 	 0.0 	 0.0 	 0.0 	 0.0 	 0.0 	 0.0 	 0.0 	 0.0 	 0.0 	 0.0 	 0.0 	 0.0 	 0.0 	 0.0 	 0.0 	 0.0 	 
2.3760000000000003 	 0.0 	 0.0 	 0.0 	 0.0 	 0.0 	 0.0 	 0.0 	 0.0 	 0.0 	 0.0 	 0.0 	 0.0 	 0.0 	 0.0 	 0.0 	 0.0 	 
2.4000000000000004 	 0.0 	 0.0 	 0.0 	 0.0 	 0.0 	 0.0 	 0.0 	 0.0 	 0.0 	 0.0 	 0.0 	 0.0 	 0.0 	 0.0 	 0.0 	 0.0 	 
2.4240000000000004 	 0.0 	 0.0 	 0.0 	 0.0 	 0.0 	 0.0 	 0.0 	 0.0 	 0.0 	 0.0 	 0.0 	 0.0 	 0.0 	 0.0 	 0.0 	 0.0 	 
2.4480000000000004 	 0.0 	 0.0 	 0.0 	 0.0 	 0.0 	 0.0 	 0.0 	 0.0 	 0.0 	 0.0 	 0.0 	 0.0 	 0.0 	 0.0 	 0.0 	 0.0 	 
2.4720000000000004 	 0.0 	 0.0 	 0.0 	 0.0 	 0.0 	 0.0 	 0.0 	 0.0 	 0.0 	 0.0 	 0.0 	 0.0 	 0.0 	 0.0 	 0.0 	 0.0 	 
2.4960000000000004 	 0.0 	 0.0 	 0.0 	 0.0 	 0.0 	 0.0 	 0.0 	 0.0 	 0.0 	 0.0 	 0.0 	 0.0 	 0.0 	 0.0 	 0.0 	 0.0 	 
2.5200000000000005 	 0.0 	 0.0 	 0.0 	 0.0 	 0.0 	 0.0 	 0.0 	 0.0 	 0.0 	 0.0 	 0.0 	 0.0 	 0.0 	 0.0 	 0.0 	 0.0 	 
2.5440000000000005 	 0.0 	 0.0 	 0.0 	 0.0 	 0.0 	 0.0 	 0.0 	 0.0 	 0.0 	 0.0 	 0.0 	 0.0 	 0.0 	 0.0 	 0.0 	 0.0 	 
2.5680000000000005 	 0.0 	 0.0 	 0.0 	 0.0 	 0.0 	 0.0 	 0.0 	 0.0 	 0.0 	 0.0 	 0.0 	 0.0 	 0.0 	 0.0 	 0.0 	 0.0 	 
2.5920000000000005 	 0.0 	 0.0 	 0.0 	 0.0 	 0.0 	 0.0 	 0.0 	 0.0 	 0.0 	 0.0 	 0.0 	 0.0 	 0.0 	 0.0 	 0.0 	 0.0 	 
2.6160000000000005 	 0.0 	 0.0 	 0.0 	 0.0 	 0.0 	 0.0 	 0.0 	 0.0 	 0.0 	 0.0 	 0.0 	 0.0 	 0.0 	 0.0 	 0.0 	 0.0 	 
2.6399999999999997 	 0.0 	 0.0 	 0.0 	 0.0 	 0.0 	 0.0 	 0.0 	 0.0 	 0.0 	 0.0 	 0.0 	 0.0 	 0.0 	 0.0 	 0.0 	 0.0 	 
2.6639999999999997 	 0.0 	 0.0 	 0.0 	 0.0 	 0.0 	 0.0 	 0.0 	 0.0 	 0.0 	 0.0 	 0.0 	 0.0 	 0.0 	 0.0 	 0.0 	 0.0 	 
2.6879999999999997 	 0.0 	 0.0 	 0.0 	 0.0 	 0.0 	 0.0 	 0.0 	 0.0 	 0.0 	 0.0 	 0.0 	 0.0 	 0.0 	 0.0 	 0.0 	 0.0 	 
2.7119999999999997 	 0.0 	 0.0 	 0.0 	 0.0 	 0.0 	 0.0 	 0.0 	 0.0 	 0.0 	 0.0 	 0.0 	 0.0 	 0.0 	 0.0 	 0.0 	 0.0 	 
2.7359999999999998 	 0.0 	 0.0 	 0.0 	 0.0 	 0.0 	 0.0 	 0.0 	 0.0 	 0.0 	 0.0 	 0.0 	 0.0 	 0.0 	 0.0 	 0.0 	 0.0 	 
2.76 	 0.0 	 0.0 	 0.0 	 0.0 	 0.0 	 0.0 	 0.0 	 0.0 	 0.0 	 0.0 	 0.0 	 0.0 	 0.0 	 0.0 	 0.0 	 0.0 	 
2.784 	 0.0 	 0.0 	 0.0 	 0.0 	 0.0 	 0.0 	 0.0 	 0.0 	 0.0 	 0.0 	 0.0 	 0.0 	 0.0 	 0.0 	 0.0 	 0.0 	 
2.808 	 0.0 	 0.0 	 0.0 	 0.0 	 0.0 	 0.0 	 0.0 	 0.0 	 0.0 	 0.0 	 0.0 	 0.0 	 0.0 	 0.0 	 0.0 	 0.0 	 
2.832 	 0.0 	 0.0 	 0.0 	 0.0 	 0.0 	 0.0 	 0.0 	 0.0 	 0.0 	 0.0 	 0.0 	 0.0 	 0.0 	 0.0 	 0.0 	 0.0 	 
2.856 	 0.0 	 0.0 	 0.0 	 0.0 	 0.0 	 0.0 	 0.0 	 0.0 	 0.0 	 0.0 	 0.0 	 0.0 	 0.0 	 0.0 	 0.0 	 0.0 	 
2.88 	 0.0 	 0.0 	 0.0 	 0.0 	 0.0 	 0.0 	 0.0 	 0.0 	 0.0 	 0.0 	 0.0 	 0.0 	 0.0 	 0.0 	 0.0 	 0.0 	 
2.904 	 0.0 	 0.0 	 0.0 	 0.0 	 0.0 	 0.0 	 0.0 	 0.0 	 0.0 	 0.0 	 0.0 	 0.0 	 0.0 	 0.0 	 0.0 	 0.0 	 
2.928 	 0.0 	 0.0 	 0.0 	 0.0 	 0.0 	 0.0 	 0.0 	 0.0 	 0.0 	 0.0 	 0.0 	 0.0 	 0.0 	 0.0 	 0.0 	 0.0 	 
2.952 	 0.0 	 0.0 	 0.0 	 0.0 	 0.0 	 0.0 	 0.0 	 0.0 	 0.0 	 0.0 	 0.0 	 0.0 	 0.0 	 0.0 	 0.0 	 0.0 	 
2.976 	 0.0 	 0.0 	 0.0 	 0.0 	 0.0 	 0.0 	 0.0 	 0.0 	 0.0 	 0.0 	 0.0 	 0.0 	 0.0 	 0.0 	 0.0 	 0.0 	 
